1 0.440625 0.032292 0.181250 0.064583
1 0.946094 0.037500 0.107813 0.075000
1 0.024219 0.559375 0.048438 0.243750
2 0.680469 0.608333 0.057813 0.079167
1 0.692969 0.943750 0.176563 0.108333
1 0.960938 0.604167 0.078125 0.200000
1 0.378125 0.536458 0.159375 0.202083
1 0.171875 0.091667 0.156250 0.183333
1 0.203125 0.516667 0.162500 0.208333
1 0.332813 0.903125 0.184375 0.193750
1 0.610156 0.089583 0.204688 0.179167
1 0.717969 0.371875 0.157813 0.210417
1 0.296094 0.346875 0.167187 0.235417
1 0.818750 0.643750 0.175000 0.175000
1 0.881250 0.275000 0.171875 0.229167
1 0.910156 0.488542 0.179688 0.168750
0 0.515625 0.761458 0.334375 0.464583
1 0.816406 0.170833 0.164062 0.212500
1 0.556250 0.314583 0.159375 0.220833
1 0.363281 0.116667 0.170313 0.220833
1 0.138281 0.686458 0.176563 0.210417
1 0.440625 0.032292 0.181250 0.064583
1 0.946094 0.037500 0.107813 0.075000
1 0.024219 0.559375 0.048438 0.243750
2 0.680469 0.608333 0.057813 0.079167
1 0.692969 0.943750 0.176563 0.108333
1 0.960938 0.604167 0.078125 0.200000
1 0.378125 0.536458 0.159375 0.202083
1 0.171875 0.091667 0.156250 0.183333
1 0.203125 0.516667 0.162500 0.208333
1 0.332813 0.903125 0.184375 0.193750
1 0.610156 0.089583 0.204688 0.179167
1 0.717969 0.371875 0.157813 0.210417
1 0.296094 0.346875 0.167187 0.235417
1 0.818750 0.643750 0.175000 0.175000
1 0.881250 0.275000 0.171875 0.229167
1 0.910156 0.488542 0.179688 0.168750
0 0.515625 0.761458 0.334375 0.464583
1 0.816406 0.170833 0.164062 0.212500
1 0.556250 0.314583 0.159375 0.220833
1 0.363281 0.116667 0.170313 0.220833
1 0.138281 0.686458 0.176563 0.210417
1 0.440625 0.032292 0.181250 0.064583
1 0.946094 0.037500 0.107813 0.075000
1 0.024219 0.559375 0.048438 0.243750
2 0.680469 0.608333 0.057813 0.079167
1 0.692969 0.943750 0.176563 0.108333
1 0.960938 0.604167 0.078125 0.200000
1 0.378125 0.536458 0.159375 0.202083
1 0.171875 0.091667 0.156250 0.183333
1 0.203125 0.516667 0.162500 0.208333
1 0.332813 0.903125 0.184375 0.193750
1 0.610156 0.089583 0.204688 0.179167
1 0.717969 0.371875 0.157813 0.210417
1 0.296094 0.346875 0.167187 0.235417
1 0.818750 0.643750 0.175000 0.175000
1 0.881250 0.275000 0.171875 0.229167
1 0.910156 0.488542 0.179688 0.168750
0 0.515625 0.761458 0.334375 0.464583
1 0.816406 0.170833 0.164062 0.212500
1 0.556250 0.314583 0.159375 0.220833
1 0.363281 0.116667 0.170313 0.220833
1 0.138281 0.686458 0.176563 0.210417
1 0.440625 0.032292 0.181250 0.064583
1 0.946094 0.037500 0.107813 0.075000
1 0.024219 0.559375 0.048438 0.243750
2 0.680469 0.608333 0.057813 0.079167
1 0.692969 0.943750 0.176563 0.108333
1 0.960938 0.604167 0.078125 0.200000
1 0.378125 0.536458 0.159375 0.202083
1 0.171875 0.091667 0.156250 0.183333
1 0.203125 0.516667 0.162500 0.208333
1 0.332813 0.903125 0.184375 0.193750
1 0.610156 0.089583 0.204688 0.179167
1 0.717969 0.371875 0.157813 0.210417
1 0.296094 0.346875 0.167187 0.235417
1 0.818750 0.643750 0.175000 0.175000
1 0.881250 0.275000 0.171875 0.229167
1 0.910156 0.488542 0.179688 0.168750
0 0.515625 0.761458 0.334375 0.464583
1 0.816406 0.170833 0.164062 0.212500
1 0.556250 0.314583 0.159375 0.220833
1 0.363281 0.116667 0.170313 0.220833
1 0.138281 0.686458 0.176563 0.210417
1 0.440625 0.032292 0.181250 0.064583
1 0.946094 0.037500 0.107813 0.075000
1 0.024219 0.559375 0.048438 0.243750
2 0.680469 0.608333 0.057813 0.079167
1 0.692969 0.943750 0.176563 0.108333
1 0.960938 0.604167 0.078125 0.200000
1 0.378125 0.536458 0.159375 0.202083
1 0.171875 0.091667 0.156250 0.183333
1 0.203125 0.516667 0.162500 0.208333
1 0.332813 0.903125 0.184375 0.193750
1 0.610156 0.089583 0.204688 0.179167
1 0.717969 0.371875 0.157813 0.210417
1 0.296094 0.346875 0.167187 0.235417
1 0.818750 0.643750 0.175000 0.175000
1 0.881250 0.275000 0.171875 0.229167
1 0.910156 0.488542 0.179688 0.168750
0 0.515625 0.761458 0.334375 0.464583
1 0.816406 0.170833 0.164062 0.212500
1 0.556250 0.314583 0.159375 0.220833
1 0.363281 0.116667 0.170313 0.220833
1 0.138281 0.686458 0.176563 0.210417
1 0.440625 0.032292 0.181250 0.064583
1 0.946094 0.037500 0.107813 0.075000
1 0.024219 0.559375 0.048438 0.243750
2 0.680469 0.608333 0.057813 0.079167
1 0.692969 0.943750 0.176563 0.108333
1 0.960938 0.604167 0.078125 0.200000
1 0.378125 0.536458 0.159375 0.202083
1 0.171875 0.091667 0.156250 0.183333
1 0.203125 0.516667 0.162500 0.208333
1 0.332813 0.903125 0.184375 0.193750
1 0.610156 0.089583 0.204688 0.179167
1 0.717969 0.371875 0.157813 0.210417
1 0.296094 0.346875 0.167187 0.235417
1 0.818750 0.643750 0.175000 0.175000
1 0.881250 0.275000 0.171875 0.229167
1 0.910156 0.488542 0.179688 0.168750
0 0.515625 0.761458 0.334375 0.464583
1 0.816406 0.170833 0.164062 0.212500
1 0.556250 0.314583 0.159375 0.220833
1 0.363281 0.116667 0.170313 0.220833
1 0.138281 0.686458 0.176563 0.210417
1 0.440625 0.032292 0.181250 0.064583
1 0.946094 0.037500 0.107813 0.075000
1 0.024219 0.559375 0.048438 0.243750
2 0.680469 0.608333 0.057813 0.079167
1 0.692969 0.943750 0.176563 0.108333
1 0.960938 0.604167 0.078125 0.200000
1 0.378125 0.536458 0.159375 0.202083
1 0.171875 0.091667 0.156250 0.183333
1 0.203125 0.516667 0.162500 0.208333
1 0.332813 0.903125 0.184375 0.193750
1 0.610156 0.089583 0.204688 0.179167
1 0.717969 0.371875 0.157813 0.210417
1 0.296094 0.346875 0.167187 0.235417
1 0.818750 0.643750 0.175000 0.175000
1 0.881250 0.275000 0.171875 0.229167
1 0.910156 0.488542 0.179688 0.168750
0 0.515625 0.761458 0.334375 0.464583
1 0.816406 0.170833 0.164062 0.212500
1 0.556250 0.314583 0.159375 0.220833
1 0.363281 0.116667 0.170313 0.220833
1 0.138281 0.686458 0.176563 0.210417
1 0.440625 0.032292 0.181250 0.064583
1 0.946094 0.037500 0.107813 0.075000
1 0.024219 0.559375 0.048438 0.243750
2 0.680469 0.608333 0.057813 0.079167
1 0.692969 0.943750 0.176563 0.108333
1 0.960938 0.604167 0.078125 0.200000
1 0.378125 0.536458 0.159375 0.202083
1 0.171875 0.091667 0.156250 0.183333
1 0.203125 0.516667 0.162500 0.208333
1 0.332813 0.903125 0.184375 0.193750
1 0.610156 0.089583 0.204688 0.179167
1 0.717969 0.371875 0.157813 0.210417
1 0.296094 0.346875 0.167187 0.235417
1 0.818750 0.643750 0.175000 0.175000
1 0.881250 0.275000 0.171875 0.229167
1 0.910156 0.488542 0.179688 0.168750
0 0.515625 0.761458 0.334375 0.464583
1 0.816406 0.170833 0.164062 0.212500
1 0.556250 0.314583 0.159375 0.220833
1 0.363281 0.116667 0.170313 0.220833
1 0.138281 0.686458 0.176563 0.210417
1 0.440625 0.032292 0.181250 0.064583
1 0.946094 0.037500 0.107813 0.075000
1 0.024219 0.559375 0.048438 0.243750
2 0.680469 0.608333 0.057813 0.079167
1 0.692969 0.943750 0.176563 0.108333
1 0.960938 0.604167 0.078125 0.200000
1 0.378125 0.536458 0.159375 0.202083
1 0.171875 0.091667 0.156250 0.183333
1 0.203125 0.516667 0.162500 0.208333
1 0.332813 0.903125 0.184375 0.193750
1 0.610156 0.089583 0.204688 0.179167
1 0.717969 0.371875 0.157813 0.210417
1 0.296094 0.346875 0.167187 0.235417
1 0.818750 0.643750 0.175000 0.175000
1 0.881250 0.275000 0.171875 0.229167
1 0.910156 0.488542 0.179688 0.168750
0 0.515625 0.761458 0.334375 0.464583
1 0.816406 0.170833 0.164062 0.212500
1 0.556250 0.314583 0.159375 0.220833
1 0.363281 0.116667 0.170313 0.220833
1 0.138281 0.686458 0.176563 0.210417
1 0.440625 0.032292 0.181250 0.064583
1 0.946094 0.037500 0.107813 0.075000
1 0.024219 0.559375 0.048438 0.243750
2 0.680469 0.608333 0.057813 0.079167
1 0.692969 0.943750 0.176563 0.108333
1 0.960938 0.604167 0.078125 0.200000
1 0.378125 0.536458 0.159375 0.202083
1 0.171875 0.091667 0.156250 0.183333
1 0.203125 0.516667 0.162500 0.208333
1 0.332813 0.903125 0.184375 0.193750
1 0.610156 0.089583 0.204688 0.179167
1 0.717969 0.371875 0.157813 0.210417
1 0.296094 0.346875 0.167187 0.235417
1 0.818750 0.643750 0.175000 0.175000
1 0.881250 0.275000 0.171875 0.229167
1 0.910156 0.488542 0.179688 0.168750
0 0.515625 0.761458 0.334375 0.464583
1 0.816406 0.170833 0.164062 0.212500
1 0.556250 0.314583 0.159375 0.220833
1 0.363281 0.116667 0.170313 0.220833
1 0.138281 0.686458 0.176563 0.210417
1 0.440625 0.032292 0.181250 0.064583
1 0.946094 0.037500 0.107813 0.075000
1 0.024219 0.559375 0.048438 0.243750
2 0.680469 0.608333 0.057813 0.079167
1 0.692969 0.943750 0.176563 0.108333
1 0.960938 0.604167 0.078125 0.200000
1 0.378125 0.536458 0.159375 0.202083
1 0.171875 0.091667 0.156250 0.183333
1 0.203125 0.516667 0.162500 0.208333
1 0.332813 0.903125 0.184375 0.193750
1 0.610156 0.089583 0.204688 0.179167
1 0.717969 0.371875 0.157813 0.210417
1 0.296094 0.346875 0.167187 0.235417
1 0.818750 0.643750 0.175000 0.175000
1 0.881250 0.275000 0.171875 0.229167
1 0.910156 0.488542 0.179688 0.168750
0 0.515625 0.761458 0.334375 0.464583
1 0.816406 0.170833 0.164062 0.212500
1 0.556250 0.314583 0.159375 0.220833
1 0.363281 0.116667 0.170313 0.220833
1 0.138281 0.686458 0.176563 0.210417
1 0.440625 0.032292 0.181250 0.064583
1 0.946094 0.037500 0.107813 0.075000
1 0.024219 0.559375 0.048438 0.243750
2 0.680469 0.608333 0.057813 0.079167
1 0.692969 0.943750 0.176563 0.108333
1 0.960938 0.604167 0.078125 0.200000
1 0.378125 0.536458 0.159375 0.202083
1 0.171875 0.091667 0.156250 0.183333
1 0.203125 0.516667 0.162500 0.208333
1 0.332813 0.903125 0.184375 0.193750
1 0.610156 0.089583 0.204688 0.179167
1 0.717969 0.371875 0.157813 0.210417
1 0.296094 0.346875 0.167187 0.235417
1 0.818750 0.643750 0.175000 0.175000
1 0.881250 0.275000 0.171875 0.229167
1 0.910156 0.488542 0.179688 0.168750
0 0.515625 0.761458 0.334375 0.464583
1 0.816406 0.170833 0.164062 0.212500
1 0.556250 0.314583 0.159375 0.220833
1 0.363281 0.116667 0.170313 0.220833
1 0.138281 0.686458 0.176563 0.210417
1 0.440625 0.032292 0.181250 0.064583
1 0.946094 0.037500 0.107813 0.075000
1 0.024219 0.559375 0.048438 0.243750
2 0.680469 0.608333 0.057813 0.079167
1 0.692969 0.943750 0.176563 0.108333
1 0.960938 0.604167 0.078125 0.200000
1 0.378125 0.536458 0.159375 0.202083
1 0.171875 0.091667 0.156250 0.183333
1 0.203125 0.516667 0.162500 0.208333
1 0.332813 0.903125 0.184375 0.193750
1 0.610156 0.089583 0.204688 0.179167
1 0.717969 0.371875 0.157813 0.210417
1 0.296094 0.346875 0.167187 0.235417
1 0.818750 0.643750 0.175000 0.175000
1 0.881250 0.275000 0.171875 0.229167
1 0.910156 0.488542 0.179688 0.168750
0 0.515625 0.761458 0.334375 0.464583
1 0.816406 0.170833 0.164062 0.212500
1 0.556250 0.314583 0.159375 0.220833
1 0.363281 0.116667 0.170313 0.220833
1 0.138281 0.686458 0.176563 0.210417
1 0.440625 0.032292 0.181250 0.064583
1 0.946094 0.037500 0.107813 0.075000
1 0.024219 0.559375 0.048438 0.243750
2 0.680469 0.608333 0.057813 0.079167
1 0.692969 0.943750 0.176563 0.108333
1 0.960938 0.604167 0.078125 0.200000
1 0.378125 0.536458 0.159375 0.202083
1 0.171875 0.091667 0.156250 0.183333
1 0.203125 0.516667 0.162500 0.208333
1 0.332813 0.903125 0.184375 0.193750
1 0.610156 0.089583 0.204688 0.179167
1 0.717969 0.371875 0.157813 0.210417
1 0.296094 0.346875 0.167187 0.235417
1 0.818750 0.643750 0.175000 0.175000
1 0.881250 0.275000 0.171875 0.229167
1 0.910156 0.488542 0.179688 0.168750
0 0.515625 0.761458 0.334375 0.464583
1 0.816406 0.170833 0.164062 0.212500
1 0.556250 0.314583 0.159375 0.220833
1 0.363281 0.116667 0.170313 0.220833
1 0.138281 0.686458 0.176563 0.210417
1 0.440625 0.032292 0.181250 0.064583
1 0.946094 0.037500 0.107813 0.075000
1 0.024219 0.559375 0.048438 0.243750
2 0.680469 0.608333 0.057813 0.079167
1 0.692969 0.943750 0.176563 0.108333
1 0.960938 0.604167 0.078125 0.200000
1 0.378125 0.536458 0.159375 0.202083
1 0.171875 0.091667 0.156250 0.183333
1 0.203125 0.516667 0.162500 0.208333
1 0.332813 0.903125 0.184375 0.193750
1 0.610156 0.089583 0.204688 0.179167
1 0.717969 0.371875 0.157813 0.210417
1 0.296094 0.346875 0.167187 0.235417
1 0.818750 0.643750 0.175000 0.175000
1 0.881250 0.275000 0.171875 0.229167
1 0.910156 0.488542 0.179688 0.168750
0 0.515625 0.761458 0.334375 0.464583
1 0.816406 0.170833 0.164062 0.212500
1 0.556250 0.314583 0.159375 0.220833
1 0.363281 0.116667 0.170313 0.220833
1 0.138281 0.686458 0.176563 0.210417
1 0.440625 0.032292 0.181250 0.064583
1 0.946094 0.037500 0.107813 0.075000
1 0.024219 0.559375 0.048438 0.243750
2 0.680469 0.608333 0.057813 0.079167
1 0.692969 0.943750 0.176563 0.108333
1 0.960938 0.604167 0.078125 0.200000
1 0.378125 0.536458 0.159375 0.202083
1 0.171875 0.091667 0.156250 0.183333
1 0.203125 0.516667 0.162500 0.208333
1 0.332813 0.903125 0.184375 0.193750
1 0.610156 0.089583 0.204688 0.179167
1 0.717969 0.371875 0.157813 0.210417
1 0.296094 0.346875 0.167187 0.235417
1 0.818750 0.643750 0.175000 0.175000
1 0.881250 0.275000 0.171875 0.229167
1 0.910156 0.488542 0.179688 0.168750
0 0.515625 0.761458 0.334375 0.464583
1 0.816406 0.170833 0.164062 0.212500
1 0.556250 0.314583 0.159375 0.220833
1 0.363281 0.116667 0.170313 0.220833
1 0.138281 0.686458 0.176563 0.210417
1 0.440625 0.032292 0.181250 0.064583
1 0.946094 0.037500 0.107813 0.075000
1 0.024219 0.559375 0.048438 0.243750
2 0.680469 0.608333 0.057813 0.079167
1 0.692969 0.943750 0.176563 0.108333
1 0.960938 0.604167 0.078125 0.200000
1 0.378125 0.536458 0.159375 0.202083
1 0.171875 0.091667 0.156250 0.183333
1 0.203125 0.516667 0.162500 0.208333
1 0.332813 0.903125 0.184375 0.193750
1 0.610156 0.089583 0.204688 0.179167
1 0.717969 0.371875 0.157813 0.210417
1 0.296094 0.346875 0.167187 0.235417
1 0.818750 0.643750 0.175000 0.175000
1 0.881250 0.275000 0.171875 0.229167
1 0.910156 0.488542 0.179688 0.168750
0 0.515625 0.761458 0.334375 0.464583
1 0.816406 0.170833 0.164062 0.212500
1 0.556250 0.314583 0.159375 0.220833
1 0.363281 0.116667 0.170313 0.220833
1 0.138281 0.686458 0.176563 0.210417
1 0.440625 0.032292 0.181250 0.064583
1 0.946094 0.037500 0.107813 0.075000
1 0.024219 0.559375 0.048438 0.243750
2 0.680469 0.608333 0.057813 0.079167
1 0.692969 0.943750 0.176563 0.108333
1 0.960938 0.604167 0.078125 0.200000
1 0.378125 0.536458 0.159375 0.202083
1 0.171875 0.091667 0.156250 0.183333
1 0.203125 0.516667 0.162500 0.208333
1 0.332813 0.903125 0.184375 0.193750
1 0.610156 0.089583 0.204688 0.179167
1 0.717969 0.371875 0.157813 0.210417
1 0.296094 0.346875 0.167187 0.235417
1 0.818750 0.643750 0.175000 0.175000
1 0.881250 0.275000 0.171875 0.229167
1 0.910156 0.488542 0.179688 0.168750
0 0.515625 0.761458 0.334375 0.464583
1 0.816406 0.170833 0.164062 0.212500
1 0.556250 0.314583 0.159375 0.220833
1 0.363281 0.116667 0.170313 0.220833
1 0.138281 0.686458 0.176563 0.210417
1 0.440625 0.032292 0.181250 0.064583
1 0.946094 0.037500 0.107813 0.075000
1 0.024219 0.559375 0.048438 0.243750
2 0.680469 0.608333 0.057813 0.079167
1 0.692969 0.943750 0.176563 0.108333
1 0.960938 0.604167 0.078125 0.200000
1 0.378125 0.536458 0.159375 0.202083
1 0.171875 0.091667 0.156250 0.183333
1 0.203125 0.516667 0.162500 0.208333
1 0.332813 0.903125 0.184375 0.193750
1 0.610156 0.089583 0.204688 0.179167
1 0.717969 0.371875 0.157813 0.210417
1 0.296094 0.346875 0.167187 0.235417
1 0.818750 0.643750 0.175000 0.175000
1 0.881250 0.275000 0.171875 0.229167
1 0.910156 0.488542 0.179688 0.168750
0 0.515625 0.761458 0.334375 0.464583
1 0.816406 0.170833 0.164062 0.212500
1 0.556250 0.314583 0.159375 0.220833
1 0.363281 0.116667 0.170313 0.220833
1 0.138281 0.686458 0.176563 0.210417
1 0.440625 0.032292 0.181250 0.064583
1 0.946094 0.037500 0.107813 0.075000
1 0.024219 0.559375 0.048438 0.243750
2 0.680469 0.608333 0.057813 0.079167
1 0.692969 0.943750 0.176563 0.108333
1 0.960938 0.604167 0.078125 0.200000
1 0.378125 0.536458 0.159375 0.202083
1 0.171875 0.091667 0.156250 0.183333
1 0.203125 0.516667 0.162500 0.208333
1 0.332813 0.903125 0.184375 0.193750
1 0.610156 0.089583 0.204688 0.179167
1 0.717969 0.371875 0.157813 0.210417
1 0.296094 0.346875 0.167187 0.235417
1 0.818750 0.643750 0.175000 0.175000
1 0.881250 0.275000 0.171875 0.229167
1 0.910156 0.488542 0.179688 0.168750
0 0.515625 0.761458 0.334375 0.464583
1 0.816406 0.170833 0.164062 0.212500
1 0.556250 0.314583 0.159375 0.220833
1 0.363281 0.116667 0.170313 0.220833
1 0.138281 0.686458 0.176563 0.210417
1 0.440625 0.032292 0.181250 0.064583
1 0.946094 0.037500 0.107813 0.075000
1 0.024219 0.559375 0.048438 0.243750
2 0.680469 0.608333 0.057813 0.079167
1 0.692969 0.943750 0.176563 0.108333
1 0.960938 0.604167 0.078125 0.200000
1 0.378125 0.536458 0.159375 0.202083
1 0.171875 0.091667 0.156250 0.183333
1 0.203125 0.516667 0.162500 0.208333
1 0.332813 0.903125 0.184375 0.193750
1 0.610156 0.089583 0.204688 0.179167
1 0.717969 0.371875 0.157813 0.210417
1 0.296094 0.346875 0.167187 0.235417
1 0.818750 0.643750 0.175000 0.175000
1 0.881250 0.275000 0.171875 0.229167
1 0.910156 0.488542 0.179688 0.168750
0 0.515625 0.761458 0.334375 0.464583
1 0.816406 0.170833 0.164062 0.212500
1 0.556250 0.314583 0.159375 0.220833
1 0.363281 0.116667 0.170313 0.220833
1 0.138281 0.686458 0.176563 0.210417
