1 0.839063 0.245833 0.187500 0.220833
1 0.978125 0.292708 0.043750 0.227083
1 0.713281 0.964583 0.160938 0.070833
1 0.922656 0.962500 0.151562 0.075000
1 0.591406 0.059375 0.164062 0.118750
1 0.494531 0.192708 0.154688 0.202083
1 0.603125 0.867708 0.150000 0.197917
1 0.052344 0.811458 0.104688 0.218750
1 0.117188 0.061458 0.159375 0.122917
1 0.623438 0.325000 0.153125 0.225000
0 0.400000 0.436458 0.406250 0.443750
1 0.071875 0.387500 0.143750 0.208333
1 0.932813 0.835417 0.134375 0.204167
1 0.430469 0.816667 0.170313 0.220833
1 0.787500 0.865625 0.165625 0.206250
1 0.850781 0.095833 0.151562 0.191667
1 0.104688 0.252083 0.209375 0.258333
1 0.914844 0.653125 0.167187 0.227083
1 0.707031 0.150000 0.157813 0.220833
1 0.839063 0.245833 0.187500 0.220833
1 0.978125 0.292708 0.043750 0.227083
1 0.713281 0.964583 0.160938 0.070833
1 0.922656 0.962500 0.151562 0.075000
1 0.591406 0.059375 0.164062 0.118750
1 0.494531 0.192708 0.154688 0.202083
1 0.603125 0.867708 0.150000 0.197917
1 0.052344 0.811458 0.104688 0.218750
1 0.117188 0.061458 0.159375 0.122917
1 0.623438 0.325000 0.153125 0.225000
0 0.400000 0.436458 0.406250 0.443750
1 0.071875 0.387500 0.143750 0.208333
1 0.932813 0.835417 0.134375 0.204167
1 0.430469 0.816667 0.170313 0.220833
1 0.787500 0.865625 0.165625 0.206250
1 0.850781 0.095833 0.151562 0.191667
1 0.104688 0.252083 0.209375 0.258333
1 0.914844 0.653125 0.167187 0.227083
1 0.707031 0.150000 0.157813 0.220833
1 0.839063 0.245833 0.187500 0.220833
1 0.978125 0.292708 0.043750 0.227083
1 0.713281 0.964583 0.160938 0.070833
1 0.922656 0.962500 0.151562 0.075000
1 0.591406 0.059375 0.164062 0.118750
1 0.494531 0.192708 0.154688 0.202083
1 0.603125 0.867708 0.150000 0.197917
1 0.052344 0.811458 0.104688 0.218750
1 0.117188 0.061458 0.159375 0.122917
1 0.623438 0.325000 0.153125 0.225000
0 0.400000 0.436458 0.406250 0.443750
1 0.071875 0.387500 0.143750 0.208333
1 0.932813 0.835417 0.134375 0.204167
1 0.430469 0.816667 0.170313 0.220833
1 0.787500 0.865625 0.165625 0.206250
1 0.850781 0.095833 0.151562 0.191667
1 0.104688 0.252083 0.209375 0.258333
1 0.914844 0.653125 0.167187 0.227083
1 0.707031 0.150000 0.157813 0.220833
1 0.839063 0.245833 0.187500 0.220833
1 0.978125 0.292708 0.043750 0.227083
1 0.713281 0.964583 0.160938 0.070833
1 0.922656 0.962500 0.151562 0.075000
1 0.591406 0.059375 0.164062 0.118750
1 0.494531 0.192708 0.154688 0.202083
1 0.603125 0.867708 0.150000 0.197917
1 0.052344 0.811458 0.104688 0.218750
1 0.117188 0.061458 0.159375 0.122917
1 0.623438 0.325000 0.153125 0.225000
0 0.400000 0.436458 0.406250 0.443750
1 0.071875 0.387500 0.143750 0.208333
1 0.932813 0.835417 0.134375 0.204167
1 0.430469 0.816667 0.170313 0.220833
1 0.787500 0.865625 0.165625 0.206250
1 0.850781 0.095833 0.151562 0.191667
1 0.104688 0.252083 0.209375 0.258333
1 0.914844 0.653125 0.167187 0.227083
1 0.707031 0.150000 0.157813 0.220833
1 0.839063 0.245833 0.187500 0.220833
1 0.978125 0.292708 0.043750 0.227083
1 0.713281 0.964583 0.160938 0.070833
1 0.922656 0.962500 0.151562 0.075000
1 0.591406 0.059375 0.164062 0.118750
1 0.494531 0.192708 0.154688 0.202083
1 0.603125 0.867708 0.150000 0.197917
1 0.052344 0.811458 0.104688 0.218750
1 0.117188 0.061458 0.159375 0.122917
1 0.623438 0.325000 0.153125 0.225000
0 0.400000 0.436458 0.406250 0.443750
1 0.071875 0.387500 0.143750 0.208333
1 0.932813 0.835417 0.134375 0.204167
1 0.430469 0.816667 0.170313 0.220833
1 0.787500 0.865625 0.165625 0.206250
1 0.850781 0.095833 0.151562 0.191667
1 0.104688 0.252083 0.209375 0.258333
1 0.914844 0.653125 0.167187 0.227083
1 0.707031 0.150000 0.157813 0.220833
1 0.839063 0.245833 0.187500 0.220833
1 0.978125 0.292708 0.043750 0.227083
1 0.713281 0.964583 0.160938 0.070833
1 0.922656 0.962500 0.151562 0.075000
1 0.591406 0.059375 0.164062 0.118750
1 0.494531 0.192708 0.154688 0.202083
1 0.603125 0.867708 0.150000 0.197917
1 0.052344 0.811458 0.104688 0.218750
1 0.117188 0.061458 0.159375 0.122917
1 0.623438 0.325000 0.153125 0.225000
0 0.400000 0.436458 0.406250 0.443750
1 0.071875 0.387500 0.143750 0.208333
1 0.932813 0.835417 0.134375 0.204167
1 0.430469 0.816667 0.170313 0.220833
1 0.787500 0.865625 0.165625 0.206250
1 0.850781 0.095833 0.151562 0.191667
1 0.104688 0.252083 0.209375 0.258333
1 0.914844 0.653125 0.167187 0.227083
1 0.707031 0.150000 0.157813 0.220833
1 0.839063 0.245833 0.187500 0.220833
1 0.978125 0.292708 0.043750 0.227083
1 0.713281 0.964583 0.160938 0.070833
1 0.922656 0.962500 0.151562 0.075000
1 0.591406 0.059375 0.164062 0.118750
1 0.494531 0.192708 0.154688 0.202083
1 0.603125 0.867708 0.150000 0.197917
1 0.052344 0.811458 0.104688 0.218750
1 0.117188 0.061458 0.159375 0.122917
1 0.623438 0.325000 0.153125 0.225000
0 0.400000 0.436458 0.406250 0.443750
1 0.071875 0.387500 0.143750 0.208333
1 0.932813 0.835417 0.134375 0.204167
1 0.430469 0.816667 0.170313 0.220833
1 0.787500 0.865625 0.165625 0.206250
1 0.850781 0.095833 0.151562 0.191667
1 0.104688 0.252083 0.209375 0.258333
1 0.914844 0.653125 0.167187 0.227083
1 0.707031 0.150000 0.157813 0.220833
1 0.839063 0.245833 0.187500 0.220833
1 0.978125 0.292708 0.043750 0.227083
1 0.713281 0.964583 0.160938 0.070833
1 0.922656 0.962500 0.151562 0.075000
1 0.591406 0.059375 0.164062 0.118750
1 0.494531 0.192708 0.154688 0.202083
1 0.603125 0.867708 0.150000 0.197917
1 0.052344 0.811458 0.104688 0.218750
1 0.117188 0.061458 0.159375 0.122917
1 0.623438 0.325000 0.153125 0.225000
0 0.400000 0.436458 0.406250 0.443750
1 0.071875 0.387500 0.143750 0.208333
1 0.932813 0.835417 0.134375 0.204167
1 0.430469 0.816667 0.170313 0.220833
1 0.787500 0.865625 0.165625 0.206250
1 0.850781 0.095833 0.151562 0.191667
1 0.104688 0.252083 0.209375 0.258333
1 0.914844 0.653125 0.167187 0.227083
1 0.707031 0.150000 0.157813 0.220833
1 0.839063 0.245833 0.187500 0.220833
1 0.978125 0.292708 0.043750 0.227083
1 0.713281 0.964583 0.160938 0.070833
1 0.922656 0.962500 0.151562 0.075000
1 0.591406 0.059375 0.164062 0.118750
1 0.494531 0.192708 0.154688 0.202083
1 0.603125 0.867708 0.150000 0.197917
1 0.052344 0.811458 0.104688 0.218750
1 0.117188 0.061458 0.159375 0.122917
1 0.623438 0.325000 0.153125 0.225000
0 0.400000 0.436458 0.406250 0.443750
1 0.071875 0.387500 0.143750 0.208333
1 0.932813 0.835417 0.134375 0.204167
1 0.430469 0.816667 0.170313 0.220833
1 0.787500 0.865625 0.165625 0.206250
1 0.850781 0.095833 0.151562 0.191667
1 0.104688 0.252083 0.209375 0.258333
1 0.914844 0.653125 0.167187 0.227083
1 0.707031 0.150000 0.157813 0.220833
1 0.839063 0.245833 0.187500 0.220833
1 0.978125 0.292708 0.043750 0.227083
1 0.713281 0.964583 0.160938 0.070833
1 0.922656 0.962500 0.151562 0.075000
1 0.591406 0.059375 0.164062 0.118750
1 0.494531 0.192708 0.154688 0.202083
1 0.603125 0.867708 0.150000 0.197917
1 0.052344 0.811458 0.104688 0.218750
1 0.117188 0.061458 0.159375 0.122917
1 0.623438 0.325000 0.153125 0.225000
0 0.400000 0.436458 0.406250 0.443750
1 0.071875 0.387500 0.143750 0.208333
1 0.932813 0.835417 0.134375 0.204167
1 0.430469 0.816667 0.170313 0.220833
1 0.787500 0.865625 0.165625 0.206250
1 0.850781 0.095833 0.151562 0.191667
1 0.104688 0.252083 0.209375 0.258333
1 0.914844 0.653125 0.167187 0.227083
1 0.707031 0.150000 0.157813 0.220833
1 0.839063 0.245833 0.187500 0.220833
1 0.978125 0.292708 0.043750 0.227083
1 0.713281 0.964583 0.160938 0.070833
1 0.922656 0.962500 0.151562 0.075000
1 0.591406 0.059375 0.164062 0.118750
1 0.494531 0.192708 0.154688 0.202083
1 0.603125 0.867708 0.150000 0.197917
1 0.052344 0.811458 0.104688 0.218750
1 0.117188 0.061458 0.159375 0.122917
1 0.623438 0.325000 0.153125 0.225000
0 0.400000 0.436458 0.406250 0.443750
1 0.071875 0.387500 0.143750 0.208333
1 0.932813 0.835417 0.134375 0.204167
1 0.430469 0.816667 0.170313 0.220833
1 0.787500 0.865625 0.165625 0.206250
1 0.850781 0.095833 0.151562 0.191667
1 0.104688 0.252083 0.209375 0.258333
1 0.914844 0.653125 0.167187 0.227083
1 0.707031 0.150000 0.157813 0.220833
1 0.839063 0.245833 0.187500 0.220833
1 0.978125 0.292708 0.043750 0.227083
1 0.713281 0.964583 0.160938 0.070833
1 0.922656 0.962500 0.151562 0.075000
1 0.591406 0.059375 0.164062 0.118750
1 0.494531 0.192708 0.154688 0.202083
1 0.603125 0.867708 0.150000 0.197917
1 0.052344 0.811458 0.104688 0.218750
1 0.117188 0.061458 0.159375 0.122917
1 0.623438 0.325000 0.153125 0.225000
0 0.400000 0.436458 0.406250 0.443750
1 0.071875 0.387500 0.143750 0.208333
1 0.932813 0.835417 0.134375 0.204167
1 0.430469 0.816667 0.170313 0.220833
1 0.787500 0.865625 0.165625 0.206250
1 0.850781 0.095833 0.151562 0.191667
1 0.104688 0.252083 0.209375 0.258333
1 0.914844 0.653125 0.167187 0.227083
1 0.707031 0.150000 0.157813 0.220833
1 0.839063 0.245833 0.187500 0.220833
1 0.978125 0.292708 0.043750 0.227083
1 0.713281 0.964583 0.160938 0.070833
1 0.922656 0.962500 0.151562 0.075000
1 0.591406 0.059375 0.164062 0.118750
1 0.494531 0.192708 0.154688 0.202083
1 0.603125 0.867708 0.150000 0.197917
1 0.052344 0.811458 0.104688 0.218750
1 0.117188 0.061458 0.159375 0.122917
1 0.623438 0.325000 0.153125 0.225000
0 0.400000 0.436458 0.406250 0.443750
1 0.071875 0.387500 0.143750 0.208333
1 0.932813 0.835417 0.134375 0.204167
1 0.430469 0.816667 0.170313 0.220833
1 0.787500 0.865625 0.165625 0.206250
1 0.850781 0.095833 0.151562 0.191667
1 0.104688 0.252083 0.209375 0.258333
1 0.914844 0.653125 0.167187 0.227083
1 0.707031 0.150000 0.157813 0.220833
1 0.839063 0.245833 0.187500 0.220833
1 0.978125 0.292708 0.043750 0.227083
1 0.713281 0.964583 0.160938 0.070833
1 0.922656 0.962500 0.151562 0.075000
1 0.591406 0.059375 0.164062 0.118750
1 0.494531 0.192708 0.154688 0.202083
1 0.603125 0.867708 0.150000 0.197917
1 0.052344 0.811458 0.104688 0.218750
1 0.117188 0.061458 0.159375 0.122917
1 0.623438 0.325000 0.153125 0.225000
0 0.400000 0.436458 0.406250 0.443750
1 0.071875 0.387500 0.143750 0.208333
1 0.932813 0.835417 0.134375 0.204167
1 0.430469 0.816667 0.170313 0.220833
1 0.787500 0.865625 0.165625 0.206250
1 0.850781 0.095833 0.151562 0.191667
1 0.104688 0.252083 0.209375 0.258333
1 0.914844 0.653125 0.167187 0.227083
1 0.707031 0.150000 0.157813 0.220833
1 0.839063 0.245833 0.187500 0.220833
1 0.978125 0.292708 0.043750 0.227083
1 0.713281 0.964583 0.160938 0.070833
1 0.922656 0.962500 0.151562 0.075000
1 0.591406 0.059375 0.164062 0.118750
1 0.494531 0.192708 0.154688 0.202083
1 0.603125 0.867708 0.150000 0.197917
1 0.052344 0.811458 0.104688 0.218750
1 0.117188 0.061458 0.159375 0.122917
1 0.623438 0.325000 0.153125 0.225000
0 0.400000 0.436458 0.406250 0.443750
1 0.071875 0.387500 0.143750 0.208333
1 0.932813 0.835417 0.134375 0.204167
1 0.430469 0.816667 0.170313 0.220833
1 0.787500 0.865625 0.165625 0.206250
1 0.850781 0.095833 0.151562 0.191667
1 0.104688 0.252083 0.209375 0.258333
1 0.914844 0.653125 0.167187 0.227083
1 0.707031 0.150000 0.157813 0.220833
1 0.839063 0.245833 0.187500 0.220833
1 0.978125 0.292708 0.043750 0.227083
1 0.713281 0.964583 0.160938 0.070833
1 0.922656 0.962500 0.151562 0.075000
1 0.591406 0.059375 0.164062 0.118750
1 0.494531 0.192708 0.154688 0.202083
1 0.603125 0.867708 0.150000 0.197917
1 0.052344 0.811458 0.104688 0.218750
1 0.117188 0.061458 0.159375 0.122917
1 0.623438 0.325000 0.153125 0.225000
0 0.400000 0.436458 0.406250 0.443750
1 0.071875 0.387500 0.143750 0.208333
1 0.932813 0.835417 0.134375 0.204167
1 0.430469 0.816667 0.170313 0.220833
1 0.787500 0.865625 0.165625 0.206250
1 0.850781 0.095833 0.151562 0.191667
1 0.104688 0.252083 0.209375 0.258333
1 0.914844 0.653125 0.167187 0.227083
1 0.707031 0.150000 0.157813 0.220833
1 0.839063 0.245833 0.187500 0.220833
1 0.978125 0.292708 0.043750 0.227083
1 0.713281 0.964583 0.160938 0.070833
1 0.922656 0.962500 0.151562 0.075000
1 0.591406 0.059375 0.164062 0.118750
1 0.494531 0.192708 0.154688 0.202083
1 0.603125 0.867708 0.150000 0.197917
1 0.052344 0.811458 0.104688 0.218750
1 0.117188 0.061458 0.159375 0.122917
1 0.623438 0.325000 0.153125 0.225000
0 0.400000 0.436458 0.406250 0.443750
1 0.071875 0.387500 0.143750 0.208333
1 0.932813 0.835417 0.134375 0.204167
1 0.430469 0.816667 0.170313 0.220833
1 0.787500 0.865625 0.165625 0.206250
1 0.850781 0.095833 0.151562 0.191667
1 0.104688 0.252083 0.209375 0.258333
1 0.914844 0.653125 0.167187 0.227083
1 0.707031 0.150000 0.157813 0.220833
1 0.839063 0.245833 0.187500 0.220833
1 0.978125 0.292708 0.043750 0.227083
1 0.713281 0.964583 0.160938 0.070833
1 0.922656 0.962500 0.151562 0.075000
1 0.591406 0.059375 0.164062 0.118750
1 0.494531 0.192708 0.154688 0.202083
1 0.603125 0.867708 0.150000 0.197917
1 0.052344 0.811458 0.104688 0.218750
1 0.117188 0.061458 0.159375 0.122917
1 0.623438 0.325000 0.153125 0.225000
0 0.400000 0.436458 0.406250 0.443750
1 0.071875 0.387500 0.143750 0.208333
1 0.932813 0.835417 0.134375 0.204167
1 0.430469 0.816667 0.170313 0.220833
1 0.787500 0.865625 0.165625 0.206250
1 0.850781 0.095833 0.151562 0.191667
1 0.104688 0.252083 0.209375 0.258333
1 0.914844 0.653125 0.167187 0.227083
1 0.707031 0.150000 0.157813 0.220833
1 0.839063 0.245833 0.187500 0.220833
1 0.978125 0.292708 0.043750 0.227083
1 0.713281 0.964583 0.160938 0.070833
1 0.922656 0.962500 0.151562 0.075000
1 0.591406 0.059375 0.164062 0.118750
1 0.494531 0.192708 0.154688 0.202083
1 0.603125 0.867708 0.150000 0.197917
1 0.052344 0.811458 0.104688 0.218750
1 0.117188 0.061458 0.159375 0.122917
1 0.623438 0.325000 0.153125 0.225000
0 0.400000 0.436458 0.406250 0.443750
1 0.071875 0.387500 0.143750 0.208333
1 0.932813 0.835417 0.134375 0.204167
1 0.430469 0.816667 0.170313 0.220833
1 0.787500 0.865625 0.165625 0.206250
1 0.850781 0.095833 0.151562 0.191667
1 0.104688 0.252083 0.209375 0.258333
1 0.914844 0.653125 0.167187 0.227083
1 0.707031 0.150000 0.157813 0.220833
