1 0.982813 0.475000 0.034375 0.195833
1 0.958594 0.889583 0.082813 0.220833
1 0.939063 0.096875 0.121875 0.189583
1 0.968750 0.280208 0.062500 0.206250
1 0.021094 0.661458 0.042188 0.235417
1 0.021875 0.905208 0.043750 0.189583
1 0.805469 0.063542 0.167187 0.127083
1 0.071875 0.048958 0.140625 0.097917
1 0.354688 0.034375 0.181250 0.068750
1 0.178906 0.897917 0.192188 0.195833
1 0.392188 0.915625 0.168750 0.168750
1 0.626563 0.814583 0.168750 0.216667
1 0.317969 0.772917 0.160938 0.200000
1 0.306250 0.495833 0.153125 0.229167
1 0.145313 0.395833 0.181250 0.241667
1 0.618750 0.101042 0.196875 0.202083
1 0.171875 0.192708 0.153125 0.193750
0 0.725781 0.402083 0.332813 0.520833
1 0.481250 0.729167 0.153125 0.212500
1 0.183594 0.679167 0.204688 0.216667
1 0.982813 0.475000 0.034375 0.195833
1 0.958594 0.889583 0.082813 0.220833
1 0.939063 0.096875 0.121875 0.189583
1 0.968750 0.280208 0.062500 0.206250
1 0.021094 0.661458 0.042188 0.235417
1 0.021875 0.905208 0.043750 0.189583
1 0.805469 0.063542 0.167187 0.127083
1 0.071875 0.048958 0.140625 0.097917
1 0.354688 0.034375 0.181250 0.068750
1 0.178906 0.897917 0.192188 0.195833
1 0.392188 0.915625 0.168750 0.168750
1 0.626563 0.814583 0.168750 0.216667
1 0.317969 0.772917 0.160938 0.200000
1 0.306250 0.495833 0.153125 0.229167
1 0.145313 0.395833 0.181250 0.241667
1 0.618750 0.101042 0.196875 0.202083
1 0.171875 0.192708 0.153125 0.193750
0 0.725781 0.402083 0.332813 0.520833
1 0.481250 0.729167 0.153125 0.212500
1 0.183594 0.679167 0.204688 0.216667
1 0.982813 0.475000 0.034375 0.195833
1 0.958594 0.889583 0.082813 0.220833
1 0.939063 0.096875 0.121875 0.189583
1 0.968750 0.280208 0.062500 0.206250
1 0.021094 0.661458 0.042188 0.235417
1 0.021875 0.905208 0.043750 0.189583
1 0.805469 0.063542 0.167187 0.127083
1 0.071875 0.048958 0.140625 0.097917
1 0.354688 0.034375 0.181250 0.068750
1 0.178906 0.897917 0.192188 0.195833
1 0.392188 0.915625 0.168750 0.168750
1 0.626563 0.814583 0.168750 0.216667
1 0.317969 0.772917 0.160938 0.200000
1 0.306250 0.495833 0.153125 0.229167
1 0.145313 0.395833 0.181250 0.241667
1 0.618750 0.101042 0.196875 0.202083
1 0.171875 0.192708 0.153125 0.193750
0 0.725781 0.402083 0.332813 0.520833
1 0.481250 0.729167 0.153125 0.212500
1 0.183594 0.679167 0.204688 0.216667
1 0.982813 0.475000 0.034375 0.195833
1 0.958594 0.889583 0.082813 0.220833
1 0.939063 0.096875 0.121875 0.189583
1 0.968750 0.280208 0.062500 0.206250
1 0.021094 0.661458 0.042188 0.235417
1 0.021875 0.905208 0.043750 0.189583
1 0.805469 0.063542 0.167187 0.127083
1 0.071875 0.048958 0.140625 0.097917
1 0.354688 0.034375 0.181250 0.068750
1 0.178906 0.897917 0.192188 0.195833
1 0.392188 0.915625 0.168750 0.168750
1 0.626563 0.814583 0.168750 0.216667
1 0.317969 0.772917 0.160938 0.200000
1 0.306250 0.495833 0.153125 0.229167
1 0.145313 0.395833 0.181250 0.241667
1 0.618750 0.101042 0.196875 0.202083
1 0.171875 0.192708 0.153125 0.193750
0 0.725781 0.402083 0.332813 0.520833
1 0.481250 0.729167 0.153125 0.212500
1 0.183594 0.679167 0.204688 0.216667
1 0.982813 0.475000 0.034375 0.195833
1 0.958594 0.889583 0.082813 0.220833
1 0.939063 0.096875 0.121875 0.189583
1 0.968750 0.280208 0.062500 0.206250
1 0.021094 0.661458 0.042188 0.235417
1 0.021875 0.905208 0.043750 0.189583
1 0.805469 0.063542 0.167187 0.127083
1 0.071875 0.048958 0.140625 0.097917
1 0.354688 0.034375 0.181250 0.068750
1 0.178906 0.897917 0.192188 0.195833
1 0.392188 0.915625 0.168750 0.168750
1 0.626563 0.814583 0.168750 0.216667
1 0.317969 0.772917 0.160938 0.200000
1 0.306250 0.495833 0.153125 0.229167
1 0.145313 0.395833 0.181250 0.241667
1 0.618750 0.101042 0.196875 0.202083
1 0.171875 0.192708 0.153125 0.193750
0 0.725781 0.402083 0.332813 0.520833
1 0.481250 0.729167 0.153125 0.212500
1 0.183594 0.679167 0.204688 0.216667
1 0.982813 0.475000 0.034375 0.195833
1 0.958594 0.889583 0.082813 0.220833
1 0.939063 0.096875 0.121875 0.189583
1 0.968750 0.280208 0.062500 0.206250
1 0.021094 0.661458 0.042188 0.235417
1 0.021875 0.905208 0.043750 0.189583
1 0.805469 0.063542 0.167187 0.127083
1 0.071875 0.048958 0.140625 0.097917
1 0.354688 0.034375 0.181250 0.068750
1 0.178906 0.897917 0.192188 0.195833
1 0.392188 0.915625 0.168750 0.168750
1 0.626563 0.814583 0.168750 0.216667
1 0.317969 0.772917 0.160938 0.200000
1 0.306250 0.495833 0.153125 0.229167
1 0.145313 0.395833 0.181250 0.241667
1 0.618750 0.101042 0.196875 0.202083
1 0.171875 0.192708 0.153125 0.193750
0 0.725781 0.402083 0.332813 0.520833
1 0.481250 0.729167 0.153125 0.212500
1 0.183594 0.679167 0.204688 0.216667
1 0.982813 0.475000 0.034375 0.195833
1 0.958594 0.889583 0.082813 0.220833
1 0.939063 0.096875 0.121875 0.189583
1 0.968750 0.280208 0.062500 0.206250
1 0.021094 0.661458 0.042188 0.235417
1 0.021875 0.905208 0.043750 0.189583
1 0.805469 0.063542 0.167187 0.127083
1 0.071875 0.048958 0.140625 0.097917
1 0.354688 0.034375 0.181250 0.068750
1 0.178906 0.897917 0.192188 0.195833
1 0.392188 0.915625 0.168750 0.168750
1 0.626563 0.814583 0.168750 0.216667
1 0.317969 0.772917 0.160938 0.200000
1 0.306250 0.495833 0.153125 0.229167
1 0.145313 0.395833 0.181250 0.241667
1 0.618750 0.101042 0.196875 0.202083
1 0.171875 0.192708 0.153125 0.193750
0 0.725781 0.402083 0.332813 0.520833
1 0.481250 0.729167 0.153125 0.212500
1 0.183594 0.679167 0.204688 0.216667
1 0.982813 0.475000 0.034375 0.195833
1 0.958594 0.889583 0.082813 0.220833
1 0.939063 0.096875 0.121875 0.189583
1 0.968750 0.280208 0.062500 0.206250
1 0.021094 0.661458 0.042188 0.235417
1 0.021875 0.905208 0.043750 0.189583
1 0.805469 0.063542 0.167187 0.127083
1 0.071875 0.048958 0.140625 0.097917
1 0.354688 0.034375 0.181250 0.068750
1 0.178906 0.897917 0.192188 0.195833
1 0.392188 0.915625 0.168750 0.168750
1 0.626563 0.814583 0.168750 0.216667
1 0.317969 0.772917 0.160938 0.200000
1 0.306250 0.495833 0.153125 0.229167
1 0.145313 0.395833 0.181250 0.241667
1 0.618750 0.101042 0.196875 0.202083
1 0.171875 0.192708 0.153125 0.193750
0 0.725781 0.402083 0.332813 0.520833
1 0.481250 0.729167 0.153125 0.212500
1 0.183594 0.679167 0.204688 0.216667
1 0.982813 0.475000 0.034375 0.195833
1 0.958594 0.889583 0.082813 0.220833
1 0.939063 0.096875 0.121875 0.189583
1 0.968750 0.280208 0.062500 0.206250
1 0.021094 0.661458 0.042188 0.235417
1 0.021875 0.905208 0.043750 0.189583
1 0.805469 0.063542 0.167187 0.127083
1 0.071875 0.048958 0.140625 0.097917
1 0.354688 0.034375 0.181250 0.068750
1 0.178906 0.897917 0.192188 0.195833
1 0.392188 0.915625 0.168750 0.168750
1 0.626563 0.814583 0.168750 0.216667
1 0.317969 0.772917 0.160938 0.200000
1 0.306250 0.495833 0.153125 0.229167
1 0.145313 0.395833 0.181250 0.241667
1 0.618750 0.101042 0.196875 0.202083
1 0.171875 0.192708 0.153125 0.193750
0 0.725781 0.402083 0.332813 0.520833
1 0.481250 0.729167 0.153125 0.212500
1 0.183594 0.679167 0.204688 0.216667
1 0.982813 0.475000 0.034375 0.195833
1 0.958594 0.889583 0.082813 0.220833
1 0.939063 0.096875 0.121875 0.189583
1 0.968750 0.280208 0.062500 0.206250
1 0.021094 0.661458 0.042188 0.235417
1 0.021875 0.905208 0.043750 0.189583
1 0.805469 0.063542 0.167187 0.127083
1 0.071875 0.048958 0.140625 0.097917
1 0.354688 0.034375 0.181250 0.068750
1 0.178906 0.897917 0.192188 0.195833
1 0.392188 0.915625 0.168750 0.168750
1 0.626563 0.814583 0.168750 0.216667
1 0.317969 0.772917 0.160938 0.200000
1 0.306250 0.495833 0.153125 0.229167
1 0.145313 0.395833 0.181250 0.241667
1 0.618750 0.101042 0.196875 0.202083
1 0.171875 0.192708 0.153125 0.193750
0 0.725781 0.402083 0.332813 0.520833
1 0.481250 0.729167 0.153125 0.212500
1 0.183594 0.679167 0.204688 0.216667
1 0.982813 0.475000 0.034375 0.195833
1 0.958594 0.889583 0.082813 0.220833
1 0.939063 0.096875 0.121875 0.189583
1 0.968750 0.280208 0.062500 0.206250
1 0.021094 0.661458 0.042188 0.235417
1 0.021875 0.905208 0.043750 0.189583
1 0.805469 0.063542 0.167187 0.127083
1 0.071875 0.048958 0.140625 0.097917
1 0.354688 0.034375 0.181250 0.068750
1 0.178906 0.897917 0.192188 0.195833
1 0.392188 0.915625 0.168750 0.168750
1 0.626563 0.814583 0.168750 0.216667
1 0.317969 0.772917 0.160938 0.200000
1 0.306250 0.495833 0.153125 0.229167
1 0.145313 0.395833 0.181250 0.241667
1 0.618750 0.101042 0.196875 0.202083
1 0.171875 0.192708 0.153125 0.193750
0 0.725781 0.402083 0.332813 0.520833
1 0.481250 0.729167 0.153125 0.212500
1 0.183594 0.679167 0.204688 0.216667
1 0.982813 0.475000 0.034375 0.195833
1 0.958594 0.889583 0.082813 0.220833
1 0.939063 0.096875 0.121875 0.189583
1 0.968750 0.280208 0.062500 0.206250
1 0.021094 0.661458 0.042188 0.235417
1 0.021875 0.905208 0.043750 0.189583
1 0.805469 0.063542 0.167187 0.127083
1 0.071875 0.048958 0.140625 0.097917
1 0.354688 0.034375 0.181250 0.068750
1 0.178906 0.897917 0.192188 0.195833
1 0.392188 0.915625 0.168750 0.168750
1 0.626563 0.814583 0.168750 0.216667
1 0.317969 0.772917 0.160938 0.200000
1 0.306250 0.495833 0.153125 0.229167
1 0.145313 0.395833 0.181250 0.241667
1 0.618750 0.101042 0.196875 0.202083
1 0.171875 0.192708 0.153125 0.193750
0 0.725781 0.402083 0.332813 0.520833
1 0.481250 0.729167 0.153125 0.212500
1 0.183594 0.679167 0.204688 0.216667
1 0.982813 0.475000 0.034375 0.195833
1 0.958594 0.889583 0.082813 0.220833
1 0.939063 0.096875 0.121875 0.189583
1 0.968750 0.280208 0.062500 0.206250
1 0.021094 0.661458 0.042188 0.235417
1 0.021875 0.905208 0.043750 0.189583
1 0.805469 0.063542 0.167187 0.127083
1 0.071875 0.048958 0.140625 0.097917
1 0.354688 0.034375 0.181250 0.068750
1 0.178906 0.897917 0.192188 0.195833
1 0.392188 0.915625 0.168750 0.168750
1 0.626563 0.814583 0.168750 0.216667
1 0.317969 0.772917 0.160938 0.200000
1 0.306250 0.495833 0.153125 0.229167
1 0.145313 0.395833 0.181250 0.241667
1 0.618750 0.101042 0.196875 0.202083
1 0.171875 0.192708 0.153125 0.193750
0 0.725781 0.402083 0.332813 0.520833
1 0.481250 0.729167 0.153125 0.212500
1 0.183594 0.679167 0.204688 0.216667
1 0.982813 0.475000 0.034375 0.195833
1 0.958594 0.889583 0.082813 0.220833
1 0.939063 0.096875 0.121875 0.189583
1 0.968750 0.280208 0.062500 0.206250
1 0.021094 0.661458 0.042188 0.235417
1 0.021875 0.905208 0.043750 0.189583
1 0.805469 0.063542 0.167187 0.127083
1 0.071875 0.048958 0.140625 0.097917
1 0.354688 0.034375 0.181250 0.068750
1 0.178906 0.897917 0.192188 0.195833
1 0.392188 0.915625 0.168750 0.168750
1 0.626563 0.814583 0.168750 0.216667
1 0.317969 0.772917 0.160938 0.200000
1 0.306250 0.495833 0.153125 0.229167
1 0.145313 0.395833 0.181250 0.241667
1 0.618750 0.101042 0.196875 0.202083
1 0.171875 0.192708 0.153125 0.193750
0 0.725781 0.402083 0.332813 0.520833
1 0.481250 0.729167 0.153125 0.212500
1 0.183594 0.679167 0.204688 0.216667
1 0.982813 0.475000 0.034375 0.195833
1 0.958594 0.889583 0.082813 0.220833
1 0.939063 0.096875 0.121875 0.189583
1 0.968750 0.280208 0.062500 0.206250
1 0.021094 0.661458 0.042188 0.235417
1 0.021875 0.905208 0.043750 0.189583
1 0.805469 0.063542 0.167187 0.127083
1 0.071875 0.048958 0.140625 0.097917
1 0.354688 0.034375 0.181250 0.068750
1 0.178906 0.897917 0.192188 0.195833
1 0.392188 0.915625 0.168750 0.168750
1 0.626563 0.814583 0.168750 0.216667
1 0.317969 0.772917 0.160938 0.200000
1 0.306250 0.495833 0.153125 0.229167
1 0.145313 0.395833 0.181250 0.241667
1 0.618750 0.101042 0.196875 0.202083
1 0.171875 0.192708 0.153125 0.193750
0 0.725781 0.402083 0.332813 0.520833
1 0.481250 0.729167 0.153125 0.212500
1 0.183594 0.679167 0.204688 0.216667
1 0.982813 0.475000 0.034375 0.195833
1 0.958594 0.889583 0.082813 0.220833
1 0.939063 0.096875 0.121875 0.189583
1 0.968750 0.280208 0.062500 0.206250
1 0.021094 0.661458 0.042188 0.235417
1 0.021875 0.905208 0.043750 0.189583
1 0.805469 0.063542 0.167187 0.127083
1 0.071875 0.048958 0.140625 0.097917
1 0.354688 0.034375 0.181250 0.068750
1 0.178906 0.897917 0.192188 0.195833
1 0.392188 0.915625 0.168750 0.168750
1 0.626563 0.814583 0.168750 0.216667
1 0.317969 0.772917 0.160938 0.200000
1 0.306250 0.495833 0.153125 0.229167
1 0.145313 0.395833 0.181250 0.241667
1 0.618750 0.101042 0.196875 0.202083
1 0.171875 0.192708 0.153125 0.193750
0 0.725781 0.402083 0.332813 0.520833
1 0.481250 0.729167 0.153125 0.212500
1 0.183594 0.679167 0.204688 0.216667
1 0.982813 0.475000 0.034375 0.195833
1 0.958594 0.889583 0.082813 0.220833
1 0.939063 0.096875 0.121875 0.189583
1 0.968750 0.280208 0.062500 0.206250
1 0.021094 0.661458 0.042188 0.235417
1 0.021875 0.905208 0.043750 0.189583
1 0.805469 0.063542 0.167187 0.127083
1 0.071875 0.048958 0.140625 0.097917
1 0.354688 0.034375 0.181250 0.068750
1 0.178906 0.897917 0.192188 0.195833
1 0.392188 0.915625 0.168750 0.168750
1 0.626563 0.814583 0.168750 0.216667
1 0.317969 0.772917 0.160938 0.200000
1 0.306250 0.495833 0.153125 0.229167
1 0.145313 0.395833 0.181250 0.241667
1 0.618750 0.101042 0.196875 0.202083
1 0.171875 0.192708 0.153125 0.193750
0 0.725781 0.402083 0.332813 0.520833
1 0.481250 0.729167 0.153125 0.212500
1 0.183594 0.679167 0.204688 0.216667
1 0.982813 0.475000 0.034375 0.195833
1 0.958594 0.889583 0.082813 0.220833
1 0.939063 0.096875 0.121875 0.189583
1 0.968750 0.280208 0.062500 0.206250
1 0.021094 0.661458 0.042188 0.235417
1 0.021875 0.905208 0.043750 0.189583
1 0.805469 0.063542 0.167187 0.127083
1 0.071875 0.048958 0.140625 0.097917
1 0.354688 0.034375 0.181250 0.068750
1 0.178906 0.897917 0.192188 0.195833
1 0.392188 0.915625 0.168750 0.168750
1 0.626563 0.814583 0.168750 0.216667
1 0.317969 0.772917 0.160938 0.200000
1 0.306250 0.495833 0.153125 0.229167
1 0.145313 0.395833 0.181250 0.241667
1 0.618750 0.101042 0.196875 0.202083
1 0.171875 0.192708 0.153125 0.193750
0 0.725781 0.402083 0.332813 0.520833
1 0.481250 0.729167 0.153125 0.212500
1 0.183594 0.679167 0.204688 0.216667
1 0.982813 0.475000 0.034375 0.195833
1 0.958594 0.889583 0.082813 0.220833
1 0.939063 0.096875 0.121875 0.189583
1 0.968750 0.280208 0.062500 0.206250
1 0.021094 0.661458 0.042188 0.235417
1 0.021875 0.905208 0.043750 0.189583
1 0.805469 0.063542 0.167187 0.127083
1 0.071875 0.048958 0.140625 0.097917
1 0.354688 0.034375 0.181250 0.068750
1 0.178906 0.897917 0.192188 0.195833
1 0.392188 0.915625 0.168750 0.168750
1 0.626563 0.814583 0.168750 0.216667
1 0.317969 0.772917 0.160938 0.200000
1 0.306250 0.495833 0.153125 0.229167
1 0.145313 0.395833 0.181250 0.241667
1 0.618750 0.101042 0.196875 0.202083
1 0.171875 0.192708 0.153125 0.193750
0 0.725781 0.402083 0.332813 0.520833
1 0.481250 0.729167 0.153125 0.212500
1 0.183594 0.679167 0.204688 0.216667
1 0.982813 0.475000 0.034375 0.195833
1 0.958594 0.889583 0.082813 0.220833
1 0.939063 0.096875 0.121875 0.189583
1 0.968750 0.280208 0.062500 0.206250
1 0.021094 0.661458 0.042188 0.235417
1 0.021875 0.905208 0.043750 0.189583
1 0.805469 0.063542 0.167187 0.127083
1 0.071875 0.048958 0.140625 0.097917
1 0.354688 0.034375 0.181250 0.068750
1 0.178906 0.897917 0.192188 0.195833
1 0.392188 0.915625 0.168750 0.168750
1 0.626563 0.814583 0.168750 0.216667
1 0.317969 0.772917 0.160938 0.200000
1 0.306250 0.495833 0.153125 0.229167
1 0.145313 0.395833 0.181250 0.241667
1 0.618750 0.101042 0.196875 0.202083
1 0.171875 0.192708 0.153125 0.193750
0 0.725781 0.402083 0.332813 0.520833
1 0.481250 0.729167 0.153125 0.212500
1 0.183594 0.679167 0.204688 0.216667
