1 0.047656 0.568750 0.095312 0.208333
1 0.037500 0.335417 0.071875 0.216667
1 0.195312 0.751042 0.146875 0.189583
1 0.807031 0.202083 0.204688 0.283333
1 0.354688 0.628125 0.153125 0.197917
1 0.110156 0.957292 0.167187 0.085417
1 0.925000 0.887500 0.146875 0.195833
1 0.907031 0.050000 0.179688 0.100000
1 0.552344 0.147917 0.176563 0.212500
1 0.951563 0.303125 0.096875 0.231250
1 0.578125 0.904167 0.162500 0.191667
1 0.473438 0.591667 0.128125 0.225000
1 0.482031 0.389583 0.160938 0.191667
1 0.222656 0.422917 0.154688 0.200000
1 0.654688 0.189583 0.162500 0.245833
1 0.310937 0.834375 0.159375 0.218750
1 0.303906 0.241667 0.157813 0.200000
1 0.314844 0.419792 0.135937 0.222917
1 0.882031 0.676042 0.160938 0.222917
0 0.674219 0.595833 0.326562 0.408333
1 0.047656 0.568750 0.095312 0.208333
1 0.037500 0.335417 0.071875 0.216667
1 0.195312 0.751042 0.146875 0.189583
1 0.807031 0.202083 0.204688 0.283333
1 0.354688 0.628125 0.153125 0.197917
1 0.110156 0.957292 0.167187 0.085417
1 0.925000 0.887500 0.146875 0.195833
1 0.907031 0.050000 0.179688 0.100000
1 0.552344 0.147917 0.176563 0.212500
1 0.951563 0.303125 0.096875 0.231250
1 0.578125 0.904167 0.162500 0.191667
1 0.473438 0.591667 0.128125 0.225000
1 0.482031 0.389583 0.160938 0.191667
1 0.222656 0.422917 0.154688 0.200000
1 0.654688 0.189583 0.162500 0.245833
1 0.310937 0.834375 0.159375 0.218750
1 0.303906 0.241667 0.157813 0.200000
1 0.314844 0.419792 0.135937 0.222917
1 0.882031 0.676042 0.160938 0.222917
0 0.674219 0.595833 0.326562 0.408333
1 0.047656 0.568750 0.095312 0.208333
1 0.037500 0.335417 0.071875 0.216667
1 0.195312 0.751042 0.146875 0.189583
1 0.807031 0.202083 0.204688 0.283333
1 0.354688 0.628125 0.153125 0.197917
1 0.110156 0.957292 0.167187 0.085417
1 0.925000 0.887500 0.146875 0.195833
1 0.907031 0.050000 0.179688 0.100000
1 0.552344 0.147917 0.176563 0.212500
1 0.951563 0.303125 0.096875 0.231250
1 0.578125 0.904167 0.162500 0.191667
1 0.473438 0.591667 0.128125 0.225000
1 0.482031 0.389583 0.160938 0.191667
1 0.222656 0.422917 0.154688 0.200000
1 0.654688 0.189583 0.162500 0.245833
1 0.310937 0.834375 0.159375 0.218750
1 0.303906 0.241667 0.157813 0.200000
1 0.314844 0.419792 0.135937 0.222917
1 0.882031 0.676042 0.160938 0.222917
0 0.674219 0.595833 0.326562 0.408333
1 0.047656 0.568750 0.095312 0.208333
1 0.037500 0.335417 0.071875 0.216667
1 0.195312 0.751042 0.146875 0.189583
1 0.807031 0.202083 0.204688 0.283333
1 0.354688 0.628125 0.153125 0.197917
1 0.110156 0.957292 0.167187 0.085417
1 0.925000 0.887500 0.146875 0.195833
1 0.907031 0.050000 0.179688 0.100000
1 0.552344 0.147917 0.176563 0.212500
1 0.951563 0.303125 0.096875 0.231250
1 0.578125 0.904167 0.162500 0.191667
1 0.473438 0.591667 0.128125 0.225000
1 0.482031 0.389583 0.160938 0.191667
1 0.222656 0.422917 0.154688 0.200000
1 0.654688 0.189583 0.162500 0.245833
1 0.310937 0.834375 0.159375 0.218750
1 0.303906 0.241667 0.157813 0.200000
1 0.314844 0.419792 0.135937 0.222917
1 0.882031 0.676042 0.160938 0.222917
0 0.674219 0.595833 0.326562 0.408333
1 0.047656 0.568750 0.095312 0.208333
1 0.037500 0.335417 0.071875 0.216667
1 0.195312 0.751042 0.146875 0.189583
1 0.807031 0.202083 0.204688 0.283333
1 0.354688 0.628125 0.153125 0.197917
1 0.110156 0.957292 0.167187 0.085417
1 0.925000 0.887500 0.146875 0.195833
1 0.907031 0.050000 0.179688 0.100000
1 0.552344 0.147917 0.176563 0.212500
1 0.951563 0.303125 0.096875 0.231250
1 0.578125 0.904167 0.162500 0.191667
1 0.473438 0.591667 0.128125 0.225000
1 0.482031 0.389583 0.160938 0.191667
1 0.222656 0.422917 0.154688 0.200000
1 0.654688 0.189583 0.162500 0.245833
1 0.310937 0.834375 0.159375 0.218750
1 0.303906 0.241667 0.157813 0.200000
1 0.314844 0.419792 0.135937 0.222917
1 0.882031 0.676042 0.160938 0.222917
0 0.674219 0.595833 0.326562 0.408333
1 0.047656 0.568750 0.095312 0.208333
1 0.037500 0.335417 0.071875 0.216667
1 0.195312 0.751042 0.146875 0.189583
1 0.807031 0.202083 0.204688 0.283333
1 0.354688 0.628125 0.153125 0.197917
1 0.110156 0.957292 0.167187 0.085417
1 0.925000 0.887500 0.146875 0.195833
1 0.907031 0.050000 0.179688 0.100000
1 0.552344 0.147917 0.176563 0.212500
1 0.951563 0.303125 0.096875 0.231250
1 0.578125 0.904167 0.162500 0.191667
1 0.473438 0.591667 0.128125 0.225000
1 0.482031 0.389583 0.160938 0.191667
1 0.222656 0.422917 0.154688 0.200000
1 0.654688 0.189583 0.162500 0.245833
1 0.310937 0.834375 0.159375 0.218750
1 0.303906 0.241667 0.157813 0.200000
1 0.314844 0.419792 0.135937 0.222917
1 0.882031 0.676042 0.160938 0.222917
0 0.674219 0.595833 0.326562 0.408333
1 0.047656 0.568750 0.095312 0.208333
1 0.037500 0.335417 0.071875 0.216667
1 0.195312 0.751042 0.146875 0.189583
1 0.807031 0.202083 0.204688 0.283333
1 0.354688 0.628125 0.153125 0.197917
1 0.110156 0.957292 0.167187 0.085417
1 0.925000 0.887500 0.146875 0.195833
1 0.907031 0.050000 0.179688 0.100000
1 0.552344 0.147917 0.176563 0.212500
1 0.951563 0.303125 0.096875 0.231250
1 0.578125 0.904167 0.162500 0.191667
1 0.473438 0.591667 0.128125 0.225000
1 0.482031 0.389583 0.160938 0.191667
1 0.222656 0.422917 0.154688 0.200000
1 0.654688 0.189583 0.162500 0.245833
1 0.310937 0.834375 0.159375 0.218750
1 0.303906 0.241667 0.157813 0.200000
1 0.314844 0.419792 0.135937 0.222917
1 0.882031 0.676042 0.160938 0.222917
0 0.674219 0.595833 0.326562 0.408333
1 0.047656 0.568750 0.095312 0.208333
1 0.037500 0.335417 0.071875 0.216667
1 0.195312 0.751042 0.146875 0.189583
1 0.807031 0.202083 0.204688 0.283333
1 0.354688 0.628125 0.153125 0.197917
1 0.110156 0.957292 0.167187 0.085417
1 0.925000 0.887500 0.146875 0.195833
1 0.907031 0.050000 0.179688 0.100000
1 0.552344 0.147917 0.176563 0.212500
1 0.951563 0.303125 0.096875 0.231250
1 0.578125 0.904167 0.162500 0.191667
1 0.473438 0.591667 0.128125 0.225000
1 0.482031 0.389583 0.160938 0.191667
1 0.222656 0.422917 0.154688 0.200000
1 0.654688 0.189583 0.162500 0.245833
1 0.310937 0.834375 0.159375 0.218750
1 0.303906 0.241667 0.157813 0.200000
1 0.314844 0.419792 0.135937 0.222917
1 0.882031 0.676042 0.160938 0.222917
0 0.674219 0.595833 0.326562 0.408333
1 0.047656 0.568750 0.095312 0.208333
1 0.037500 0.335417 0.071875 0.216667
1 0.195312 0.751042 0.146875 0.189583
1 0.807031 0.202083 0.204688 0.283333
1 0.354688 0.628125 0.153125 0.197917
1 0.110156 0.957292 0.167187 0.085417
1 0.925000 0.887500 0.146875 0.195833
1 0.907031 0.050000 0.179688 0.100000
1 0.552344 0.147917 0.176563 0.212500
1 0.951563 0.303125 0.096875 0.231250
1 0.578125 0.904167 0.162500 0.191667
1 0.473438 0.591667 0.128125 0.225000
1 0.482031 0.389583 0.160938 0.191667
1 0.222656 0.422917 0.154688 0.200000
1 0.654688 0.189583 0.162500 0.245833
1 0.310937 0.834375 0.159375 0.218750
1 0.303906 0.241667 0.157813 0.200000
1 0.314844 0.419792 0.135937 0.222917
1 0.882031 0.676042 0.160938 0.222917
0 0.674219 0.595833 0.326562 0.408333
1 0.047656 0.568750 0.095312 0.208333
1 0.037500 0.335417 0.071875 0.216667
1 0.195312 0.751042 0.146875 0.189583
1 0.807031 0.202083 0.204688 0.283333
1 0.354688 0.628125 0.153125 0.197917
1 0.110156 0.957292 0.167187 0.085417
1 0.925000 0.887500 0.146875 0.195833
1 0.907031 0.050000 0.179688 0.100000
1 0.552344 0.147917 0.176563 0.212500
1 0.951563 0.303125 0.096875 0.231250
1 0.578125 0.904167 0.162500 0.191667
1 0.473438 0.591667 0.128125 0.225000
1 0.482031 0.389583 0.160938 0.191667
1 0.222656 0.422917 0.154688 0.200000
1 0.654688 0.189583 0.162500 0.245833
1 0.310937 0.834375 0.159375 0.218750
1 0.303906 0.241667 0.157813 0.200000
1 0.314844 0.419792 0.135937 0.222917
1 0.882031 0.676042 0.160938 0.222917
0 0.674219 0.595833 0.326562 0.408333
1 0.047656 0.568750 0.095312 0.208333
1 0.037500 0.335417 0.071875 0.216667
1 0.195312 0.751042 0.146875 0.189583
1 0.807031 0.202083 0.204688 0.283333
1 0.354688 0.628125 0.153125 0.197917
1 0.110156 0.957292 0.167187 0.085417
1 0.925000 0.887500 0.146875 0.195833
1 0.907031 0.050000 0.179688 0.100000
1 0.552344 0.147917 0.176563 0.212500
1 0.951563 0.303125 0.096875 0.231250
1 0.578125 0.904167 0.162500 0.191667
1 0.473438 0.591667 0.128125 0.225000
1 0.482031 0.389583 0.160938 0.191667
1 0.222656 0.422917 0.154688 0.200000
1 0.654688 0.189583 0.162500 0.245833
1 0.310937 0.834375 0.159375 0.218750
1 0.303906 0.241667 0.157813 0.200000
1 0.314844 0.419792 0.135937 0.222917
1 0.882031 0.676042 0.160938 0.222917
0 0.674219 0.595833 0.326562 0.408333
1 0.047656 0.568750 0.095312 0.208333
1 0.037500 0.335417 0.071875 0.216667
1 0.195312 0.751042 0.146875 0.189583
1 0.807031 0.202083 0.204688 0.283333
1 0.354688 0.628125 0.153125 0.197917
1 0.110156 0.957292 0.167187 0.085417
1 0.925000 0.887500 0.146875 0.195833
1 0.907031 0.050000 0.179688 0.100000
1 0.552344 0.147917 0.176563 0.212500
1 0.951563 0.303125 0.096875 0.231250
1 0.578125 0.904167 0.162500 0.191667
1 0.473438 0.591667 0.128125 0.225000
1 0.482031 0.389583 0.160938 0.191667
1 0.222656 0.422917 0.154688 0.200000
1 0.654688 0.189583 0.162500 0.245833
1 0.310937 0.834375 0.159375 0.218750
1 0.303906 0.241667 0.157813 0.200000
1 0.314844 0.419792 0.135937 0.222917
1 0.882031 0.676042 0.160938 0.222917
0 0.674219 0.595833 0.326562 0.408333
1 0.047656 0.568750 0.095312 0.208333
1 0.037500 0.335417 0.071875 0.216667
1 0.195312 0.751042 0.146875 0.189583
1 0.807031 0.202083 0.204688 0.283333
1 0.354688 0.628125 0.153125 0.197917
1 0.110156 0.957292 0.167187 0.085417
1 0.925000 0.887500 0.146875 0.195833
1 0.907031 0.050000 0.179688 0.100000
1 0.552344 0.147917 0.176563 0.212500
1 0.951563 0.303125 0.096875 0.231250
1 0.578125 0.904167 0.162500 0.191667
1 0.473438 0.591667 0.128125 0.225000
1 0.482031 0.389583 0.160938 0.191667
1 0.222656 0.422917 0.154688 0.200000
1 0.654688 0.189583 0.162500 0.245833
1 0.310937 0.834375 0.159375 0.218750
1 0.303906 0.241667 0.157813 0.200000
1 0.314844 0.419792 0.135937 0.222917
1 0.882031 0.676042 0.160938 0.222917
0 0.674219 0.595833 0.326562 0.408333
1 0.047656 0.568750 0.095312 0.208333
1 0.037500 0.335417 0.071875 0.216667
1 0.195312 0.751042 0.146875 0.189583
1 0.807031 0.202083 0.204688 0.283333
1 0.354688 0.628125 0.153125 0.197917
1 0.110156 0.957292 0.167187 0.085417
1 0.925000 0.887500 0.146875 0.195833
1 0.907031 0.050000 0.179688 0.100000
1 0.552344 0.147917 0.176563 0.212500
1 0.951563 0.303125 0.096875 0.231250
1 0.578125 0.904167 0.162500 0.191667
1 0.473438 0.591667 0.128125 0.225000
1 0.482031 0.389583 0.160938 0.191667
1 0.222656 0.422917 0.154688 0.200000
1 0.654688 0.189583 0.162500 0.245833
1 0.310937 0.834375 0.159375 0.218750
1 0.303906 0.241667 0.157813 0.200000
1 0.314844 0.419792 0.135937 0.222917
1 0.882031 0.676042 0.160938 0.222917
0 0.674219 0.595833 0.326562 0.408333
1 0.047656 0.568750 0.095312 0.208333
1 0.037500 0.335417 0.071875 0.216667
1 0.195312 0.751042 0.146875 0.189583
1 0.807031 0.202083 0.204688 0.283333
1 0.354688 0.628125 0.153125 0.197917
1 0.110156 0.957292 0.167187 0.085417
1 0.925000 0.887500 0.146875 0.195833
1 0.907031 0.050000 0.179688 0.100000
1 0.552344 0.147917 0.176563 0.212500
1 0.951563 0.303125 0.096875 0.231250
1 0.578125 0.904167 0.162500 0.191667
1 0.473438 0.591667 0.128125 0.225000
1 0.482031 0.389583 0.160938 0.191667
1 0.222656 0.422917 0.154688 0.200000
1 0.654688 0.189583 0.162500 0.245833
1 0.310937 0.834375 0.159375 0.218750
1 0.303906 0.241667 0.157813 0.200000
1 0.314844 0.419792 0.135937 0.222917
1 0.882031 0.676042 0.160938 0.222917
0 0.674219 0.595833 0.326562 0.408333
1 0.047656 0.568750 0.095312 0.208333
1 0.037500 0.335417 0.071875 0.216667
1 0.195312 0.751042 0.146875 0.189583
1 0.807031 0.202083 0.204688 0.283333
1 0.354688 0.628125 0.153125 0.197917
1 0.110156 0.957292 0.167187 0.085417
1 0.925000 0.887500 0.146875 0.195833
1 0.907031 0.050000 0.179688 0.100000
1 0.552344 0.147917 0.176563 0.212500
1 0.951563 0.303125 0.096875 0.231250
1 0.578125 0.904167 0.162500 0.191667
1 0.473438 0.591667 0.128125 0.225000
1 0.482031 0.389583 0.160938 0.191667
1 0.222656 0.422917 0.154688 0.200000
1 0.654688 0.189583 0.162500 0.245833
1 0.310937 0.834375 0.159375 0.218750
1 0.303906 0.241667 0.157813 0.200000
1 0.314844 0.419792 0.135937 0.222917
1 0.882031 0.676042 0.160938 0.222917
0 0.674219 0.595833 0.326562 0.408333
1 0.047656 0.568750 0.095312 0.208333
1 0.037500 0.335417 0.071875 0.216667
1 0.195312 0.751042 0.146875 0.189583
1 0.807031 0.202083 0.204688 0.283333
1 0.354688 0.628125 0.153125 0.197917
1 0.110156 0.957292 0.167187 0.085417
1 0.925000 0.887500 0.146875 0.195833
1 0.907031 0.050000 0.179688 0.100000
1 0.552344 0.147917 0.176563 0.212500
1 0.951563 0.303125 0.096875 0.231250
1 0.578125 0.904167 0.162500 0.191667
1 0.473438 0.591667 0.128125 0.225000
1 0.482031 0.389583 0.160938 0.191667
1 0.222656 0.422917 0.154688 0.200000
1 0.654688 0.189583 0.162500 0.245833
1 0.310937 0.834375 0.159375 0.218750
1 0.303906 0.241667 0.157813 0.200000
1 0.314844 0.419792 0.135937 0.222917
1 0.882031 0.676042 0.160938 0.222917
0 0.674219 0.595833 0.326562 0.408333
1 0.047656 0.568750 0.095312 0.208333
1 0.037500 0.335417 0.071875 0.216667
1 0.195312 0.751042 0.146875 0.189583
1 0.807031 0.202083 0.204688 0.283333
1 0.354688 0.628125 0.153125 0.197917
1 0.110156 0.957292 0.167187 0.085417
1 0.925000 0.887500 0.146875 0.195833
1 0.907031 0.050000 0.179688 0.100000
1 0.552344 0.147917 0.176563 0.212500
1 0.951563 0.303125 0.096875 0.231250
1 0.578125 0.904167 0.162500 0.191667
1 0.473438 0.591667 0.128125 0.225000
1 0.482031 0.389583 0.160938 0.191667
1 0.222656 0.422917 0.154688 0.200000
1 0.654688 0.189583 0.162500 0.245833
1 0.310937 0.834375 0.159375 0.218750
1 0.303906 0.241667 0.157813 0.200000
1 0.314844 0.419792 0.135937 0.222917
1 0.882031 0.676042 0.160938 0.222917
0 0.674219 0.595833 0.326562 0.408333
1 0.047656 0.568750 0.095312 0.208333
1 0.037500 0.335417 0.071875 0.216667
1 0.195312 0.751042 0.146875 0.189583
1 0.807031 0.202083 0.204688 0.283333
1 0.354688 0.628125 0.153125 0.197917
1 0.110156 0.957292 0.167187 0.085417
1 0.925000 0.887500 0.146875 0.195833
1 0.907031 0.050000 0.179688 0.100000
1 0.552344 0.147917 0.176563 0.212500
1 0.951563 0.303125 0.096875 0.231250
1 0.578125 0.904167 0.162500 0.191667
1 0.473438 0.591667 0.128125 0.225000
1 0.482031 0.389583 0.160938 0.191667
1 0.222656 0.422917 0.154688 0.200000
1 0.654688 0.189583 0.162500 0.245833
1 0.310937 0.834375 0.159375 0.218750
1 0.303906 0.241667 0.157813 0.200000
1 0.314844 0.419792 0.135937 0.222917
1 0.882031 0.676042 0.160938 0.222917
0 0.674219 0.595833 0.326562 0.408333
1 0.047656 0.568750 0.095312 0.208333
1 0.037500 0.335417 0.071875 0.216667
1 0.195312 0.751042 0.146875 0.189583
1 0.807031 0.202083 0.204688 0.283333
1 0.354688 0.628125 0.153125 0.197917
1 0.110156 0.957292 0.167187 0.085417
1 0.925000 0.887500 0.146875 0.195833
1 0.907031 0.050000 0.179688 0.100000
1 0.552344 0.147917 0.176563 0.212500
1 0.951563 0.303125 0.096875 0.231250
1 0.578125 0.904167 0.162500 0.191667
1 0.473438 0.591667 0.128125 0.225000
1 0.482031 0.389583 0.160938 0.191667
1 0.222656 0.422917 0.154688 0.200000
1 0.654688 0.189583 0.162500 0.245833
1 0.310937 0.834375 0.159375 0.218750
1 0.303906 0.241667 0.157813 0.200000
1 0.314844 0.419792 0.135937 0.222917
1 0.882031 0.676042 0.160938 0.222917
0 0.674219 0.595833 0.326562 0.408333
