1 0.834375 0.050000 0.225000 0.100000
1 0.932031 0.956250 0.135937 0.087500
1 0.232813 0.708333 0.190625 0.275000
2 0.098438 0.645833 0.103125 0.137500
1 0.954688 0.175000 0.090625 0.212500
1 0.843750 0.843750 0.137500 0.212500
1 0.050781 0.944792 0.101562 0.110417
1 0.052344 0.300000 0.104688 0.225000
1 0.656250 0.895833 0.196875 0.204167
1 0.172656 0.942708 0.132812 0.114583
1 0.239844 0.081250 0.173438 0.162500
1 0.502344 0.922917 0.179688 0.154167
1 0.258594 0.272917 0.154688 0.195833
1 0.847656 0.284375 0.195312 0.218750
1 0.672656 0.692708 0.151562 0.189583
1 0.414844 0.081250 0.176563 0.158333
1 0.304688 0.920833 0.150000 0.158333
1 0.879687 0.502083 0.150000 0.200000
1 0.637500 0.076042 0.162500 0.152083
1 0.442969 0.681250 0.182812 0.229167
1 0.144531 0.447917 0.135937 0.220833
0 0.468750 0.356250 0.303125 0.412500
1 0.745313 0.445833 0.165625 0.208333
1 0.834375 0.050000 0.225000 0.100000
1 0.932031 0.956250 0.135937 0.087500
1 0.232813 0.708333 0.190625 0.275000
2 0.098438 0.645833 0.103125 0.137500
1 0.954688 0.175000 0.090625 0.212500
1 0.843750 0.843750 0.137500 0.212500
1 0.050781 0.944792 0.101562 0.110417
1 0.052344 0.300000 0.104688 0.225000
1 0.656250 0.895833 0.196875 0.204167
1 0.172656 0.942708 0.132812 0.114583
1 0.239844 0.081250 0.173438 0.162500
1 0.502344 0.922917 0.179688 0.154167
1 0.258594 0.272917 0.154688 0.195833
1 0.847656 0.284375 0.195312 0.218750
1 0.672656 0.692708 0.151562 0.189583
1 0.414844 0.081250 0.176563 0.158333
1 0.304688 0.920833 0.150000 0.158333
1 0.879687 0.502083 0.150000 0.200000
1 0.637500 0.076042 0.162500 0.152083
1 0.442969 0.681250 0.182812 0.229167
1 0.144531 0.447917 0.135937 0.220833
0 0.468750 0.356250 0.303125 0.412500
1 0.745313 0.445833 0.165625 0.208333
1 0.834375 0.050000 0.225000 0.100000
1 0.932031 0.956250 0.135937 0.087500
1 0.232813 0.708333 0.190625 0.275000
2 0.098438 0.645833 0.103125 0.137500
1 0.954688 0.175000 0.090625 0.212500
1 0.843750 0.843750 0.137500 0.212500
1 0.050781 0.944792 0.101562 0.110417
1 0.052344 0.300000 0.104688 0.225000
1 0.656250 0.895833 0.196875 0.204167
1 0.172656 0.942708 0.132812 0.114583
1 0.239844 0.081250 0.173438 0.162500
1 0.502344 0.922917 0.179688 0.154167
1 0.258594 0.272917 0.154688 0.195833
1 0.847656 0.284375 0.195312 0.218750
1 0.672656 0.692708 0.151562 0.189583
1 0.414844 0.081250 0.176563 0.158333
1 0.304688 0.920833 0.150000 0.158333
1 0.879687 0.502083 0.150000 0.200000
1 0.637500 0.076042 0.162500 0.152083
1 0.442969 0.681250 0.182812 0.229167
1 0.144531 0.447917 0.135937 0.220833
0 0.468750 0.356250 0.303125 0.412500
1 0.745313 0.445833 0.165625 0.208333
1 0.834375 0.050000 0.225000 0.100000
1 0.932031 0.956250 0.135937 0.087500
1 0.232813 0.708333 0.190625 0.275000
2 0.098438 0.645833 0.103125 0.137500
1 0.954688 0.175000 0.090625 0.212500
1 0.843750 0.843750 0.137500 0.212500
1 0.050781 0.944792 0.101562 0.110417
1 0.052344 0.300000 0.104688 0.225000
1 0.656250 0.895833 0.196875 0.204167
1 0.172656 0.942708 0.132812 0.114583
1 0.239844 0.081250 0.173438 0.162500
1 0.502344 0.922917 0.179688 0.154167
1 0.258594 0.272917 0.154688 0.195833
1 0.847656 0.284375 0.195312 0.218750
1 0.672656 0.692708 0.151562 0.189583
1 0.414844 0.081250 0.176563 0.158333
1 0.304688 0.920833 0.150000 0.158333
1 0.879687 0.502083 0.150000 0.200000
1 0.637500 0.076042 0.162500 0.152083
1 0.442969 0.681250 0.182812 0.229167
1 0.144531 0.447917 0.135937 0.220833
0 0.468750 0.356250 0.303125 0.412500
1 0.745313 0.445833 0.165625 0.208333
1 0.834375 0.050000 0.225000 0.100000
1 0.932031 0.956250 0.135937 0.087500
1 0.232813 0.708333 0.190625 0.275000
2 0.098438 0.645833 0.103125 0.137500
1 0.954688 0.175000 0.090625 0.212500
1 0.843750 0.843750 0.137500 0.212500
1 0.050781 0.944792 0.101562 0.110417
1 0.052344 0.300000 0.104688 0.225000
1 0.656250 0.895833 0.196875 0.204167
1 0.172656 0.942708 0.132812 0.114583
1 0.239844 0.081250 0.173438 0.162500
1 0.502344 0.922917 0.179688 0.154167
1 0.258594 0.272917 0.154688 0.195833
1 0.847656 0.284375 0.195312 0.218750
1 0.672656 0.692708 0.151562 0.189583
1 0.414844 0.081250 0.176563 0.158333
1 0.304688 0.920833 0.150000 0.158333
1 0.879687 0.502083 0.150000 0.200000
1 0.637500 0.076042 0.162500 0.152083
1 0.442969 0.681250 0.182812 0.229167
1 0.144531 0.447917 0.135937 0.220833
0 0.468750 0.356250 0.303125 0.412500
1 0.745313 0.445833 0.165625 0.208333
1 0.834375 0.050000 0.225000 0.100000
1 0.932031 0.956250 0.135937 0.087500
1 0.232813 0.708333 0.190625 0.275000
2 0.098438 0.645833 0.103125 0.137500
1 0.954688 0.175000 0.090625 0.212500
1 0.843750 0.843750 0.137500 0.212500
1 0.050781 0.944792 0.101562 0.110417
1 0.052344 0.300000 0.104688 0.225000
1 0.656250 0.895833 0.196875 0.204167
1 0.172656 0.942708 0.132812 0.114583
1 0.239844 0.081250 0.173438 0.162500
1 0.502344 0.922917 0.179688 0.154167
1 0.258594 0.272917 0.154688 0.195833
1 0.847656 0.284375 0.195312 0.218750
1 0.672656 0.692708 0.151562 0.189583
1 0.414844 0.081250 0.176563 0.158333
1 0.304688 0.920833 0.150000 0.158333
1 0.879687 0.502083 0.150000 0.200000
1 0.637500 0.076042 0.162500 0.152083
1 0.442969 0.681250 0.182812 0.229167
1 0.144531 0.447917 0.135937 0.220833
0 0.468750 0.356250 0.303125 0.412500
1 0.745313 0.445833 0.165625 0.208333
1 0.834375 0.050000 0.225000 0.100000
1 0.932031 0.956250 0.135937 0.087500
1 0.232813 0.708333 0.190625 0.275000
2 0.098438 0.645833 0.103125 0.137500
1 0.954688 0.175000 0.090625 0.212500
1 0.843750 0.843750 0.137500 0.212500
1 0.050781 0.944792 0.101562 0.110417
1 0.052344 0.300000 0.104688 0.225000
1 0.656250 0.895833 0.196875 0.204167
1 0.172656 0.942708 0.132812 0.114583
1 0.239844 0.081250 0.173438 0.162500
1 0.502344 0.922917 0.179688 0.154167
1 0.258594 0.272917 0.154688 0.195833
1 0.847656 0.284375 0.195312 0.218750
1 0.672656 0.692708 0.151562 0.189583
1 0.414844 0.081250 0.176563 0.158333
1 0.304688 0.920833 0.150000 0.158333
1 0.879687 0.502083 0.150000 0.200000
1 0.637500 0.076042 0.162500 0.152083
1 0.442969 0.681250 0.182812 0.229167
1 0.144531 0.447917 0.135937 0.220833
0 0.468750 0.356250 0.303125 0.412500
1 0.745313 0.445833 0.165625 0.208333
1 0.834375 0.050000 0.225000 0.100000
1 0.932031 0.956250 0.135937 0.087500
1 0.232813 0.708333 0.190625 0.275000
2 0.098438 0.645833 0.103125 0.137500
1 0.954688 0.175000 0.090625 0.212500
1 0.843750 0.843750 0.137500 0.212500
1 0.050781 0.944792 0.101562 0.110417
1 0.052344 0.300000 0.104688 0.225000
1 0.656250 0.895833 0.196875 0.204167
1 0.172656 0.942708 0.132812 0.114583
1 0.239844 0.081250 0.173438 0.162500
1 0.502344 0.922917 0.179688 0.154167
1 0.258594 0.272917 0.154688 0.195833
1 0.847656 0.284375 0.195312 0.218750
1 0.672656 0.692708 0.151562 0.189583
1 0.414844 0.081250 0.176563 0.158333
1 0.304688 0.920833 0.150000 0.158333
1 0.879687 0.502083 0.150000 0.200000
1 0.637500 0.076042 0.162500 0.152083
1 0.442969 0.681250 0.182812 0.229167
1 0.144531 0.447917 0.135937 0.220833
0 0.468750 0.356250 0.303125 0.412500
1 0.745313 0.445833 0.165625 0.208333
1 0.834375 0.050000 0.225000 0.100000
1 0.932031 0.956250 0.135937 0.087500
1 0.232813 0.708333 0.190625 0.275000
2 0.098438 0.645833 0.103125 0.137500
1 0.954688 0.175000 0.090625 0.212500
1 0.843750 0.843750 0.137500 0.212500
1 0.050781 0.944792 0.101562 0.110417
1 0.052344 0.300000 0.104688 0.225000
1 0.656250 0.895833 0.196875 0.204167
1 0.172656 0.942708 0.132812 0.114583
1 0.239844 0.081250 0.173438 0.162500
1 0.502344 0.922917 0.179688 0.154167
1 0.258594 0.272917 0.154688 0.195833
1 0.847656 0.284375 0.195312 0.218750
1 0.672656 0.692708 0.151562 0.189583
1 0.414844 0.081250 0.176563 0.158333
1 0.304688 0.920833 0.150000 0.158333
1 0.879687 0.502083 0.150000 0.200000
1 0.637500 0.076042 0.162500 0.152083
1 0.442969 0.681250 0.182812 0.229167
1 0.144531 0.447917 0.135937 0.220833
0 0.468750 0.356250 0.303125 0.412500
1 0.745313 0.445833 0.165625 0.208333
1 0.834375 0.050000 0.225000 0.100000
1 0.932031 0.956250 0.135937 0.087500
1 0.232813 0.708333 0.190625 0.275000
2 0.098438 0.645833 0.103125 0.137500
1 0.954688 0.175000 0.090625 0.212500
1 0.843750 0.843750 0.137500 0.212500
1 0.050781 0.944792 0.101562 0.110417
1 0.052344 0.300000 0.104688 0.225000
1 0.656250 0.895833 0.196875 0.204167
1 0.172656 0.942708 0.132812 0.114583
1 0.239844 0.081250 0.173438 0.162500
1 0.502344 0.922917 0.179688 0.154167
1 0.258594 0.272917 0.154688 0.195833
1 0.847656 0.284375 0.195312 0.218750
1 0.672656 0.692708 0.151562 0.189583
1 0.414844 0.081250 0.176563 0.158333
1 0.304688 0.920833 0.150000 0.158333
1 0.879687 0.502083 0.150000 0.200000
1 0.637500 0.076042 0.162500 0.152083
1 0.442969 0.681250 0.182812 0.229167
1 0.144531 0.447917 0.135937 0.220833
0 0.468750 0.356250 0.303125 0.412500
1 0.745313 0.445833 0.165625 0.208333
1 0.834375 0.050000 0.225000 0.100000
1 0.932031 0.956250 0.135937 0.087500
1 0.232813 0.708333 0.190625 0.275000
2 0.098438 0.645833 0.103125 0.137500
1 0.954688 0.175000 0.090625 0.212500
1 0.843750 0.843750 0.137500 0.212500
1 0.050781 0.944792 0.101562 0.110417
1 0.052344 0.300000 0.104688 0.225000
1 0.656250 0.895833 0.196875 0.204167
1 0.172656 0.942708 0.132812 0.114583
1 0.239844 0.081250 0.173438 0.162500
1 0.502344 0.922917 0.179688 0.154167
1 0.258594 0.272917 0.154688 0.195833
1 0.847656 0.284375 0.195312 0.218750
1 0.672656 0.692708 0.151562 0.189583
1 0.414844 0.081250 0.176563 0.158333
1 0.304688 0.920833 0.150000 0.158333
1 0.879687 0.502083 0.150000 0.200000
1 0.637500 0.076042 0.162500 0.152083
1 0.442969 0.681250 0.182812 0.229167
1 0.144531 0.447917 0.135937 0.220833
0 0.468750 0.356250 0.303125 0.412500
1 0.745313 0.445833 0.165625 0.208333
1 0.834375 0.050000 0.225000 0.100000
1 0.932031 0.956250 0.135937 0.087500
1 0.232813 0.708333 0.190625 0.275000
2 0.098438 0.645833 0.103125 0.137500
1 0.954688 0.175000 0.090625 0.212500
1 0.843750 0.843750 0.137500 0.212500
1 0.050781 0.944792 0.101562 0.110417
1 0.052344 0.300000 0.104688 0.225000
1 0.656250 0.895833 0.196875 0.204167
1 0.172656 0.942708 0.132812 0.114583
1 0.239844 0.081250 0.173438 0.162500
1 0.502344 0.922917 0.179688 0.154167
1 0.258594 0.272917 0.154688 0.195833
1 0.847656 0.284375 0.195312 0.218750
1 0.672656 0.692708 0.151562 0.189583
1 0.414844 0.081250 0.176563 0.158333
1 0.304688 0.920833 0.150000 0.158333
1 0.879687 0.502083 0.150000 0.200000
1 0.637500 0.076042 0.162500 0.152083
1 0.442969 0.681250 0.182812 0.229167
1 0.144531 0.447917 0.135937 0.220833
0 0.468750 0.356250 0.303125 0.412500
1 0.745313 0.445833 0.165625 0.208333
1 0.834375 0.050000 0.225000 0.100000
1 0.932031 0.956250 0.135937 0.087500
1 0.232813 0.708333 0.190625 0.275000
2 0.098438 0.645833 0.103125 0.137500
1 0.954688 0.175000 0.090625 0.212500
1 0.843750 0.843750 0.137500 0.212500
1 0.050781 0.944792 0.101562 0.110417
1 0.052344 0.300000 0.104688 0.225000
1 0.656250 0.895833 0.196875 0.204167
1 0.172656 0.942708 0.132812 0.114583
1 0.239844 0.081250 0.173438 0.162500
1 0.502344 0.922917 0.179688 0.154167
1 0.258594 0.272917 0.154688 0.195833
1 0.847656 0.284375 0.195312 0.218750
1 0.672656 0.692708 0.151562 0.189583
1 0.414844 0.081250 0.176563 0.158333
1 0.304688 0.920833 0.150000 0.158333
1 0.879687 0.502083 0.150000 0.200000
1 0.637500 0.076042 0.162500 0.152083
1 0.442969 0.681250 0.182812 0.229167
1 0.144531 0.447917 0.135937 0.220833
0 0.468750 0.356250 0.303125 0.412500
1 0.745313 0.445833 0.165625 0.208333
1 0.834375 0.050000 0.225000 0.100000
1 0.932031 0.956250 0.135937 0.087500
1 0.232813 0.708333 0.190625 0.275000
2 0.098438 0.645833 0.103125 0.137500
1 0.954688 0.175000 0.090625 0.212500
1 0.843750 0.843750 0.137500 0.212500
1 0.050781 0.944792 0.101562 0.110417
1 0.052344 0.300000 0.104688 0.225000
1 0.656250 0.895833 0.196875 0.204167
1 0.172656 0.942708 0.132812 0.114583
1 0.239844 0.081250 0.173438 0.162500
1 0.502344 0.922917 0.179688 0.154167
1 0.258594 0.272917 0.154688 0.195833
1 0.847656 0.284375 0.195312 0.218750
1 0.672656 0.692708 0.151562 0.189583
1 0.414844 0.081250 0.176563 0.158333
1 0.304688 0.920833 0.150000 0.158333
1 0.879687 0.502083 0.150000 0.200000
1 0.637500 0.076042 0.162500 0.152083
1 0.442969 0.681250 0.182812 0.229167
1 0.144531 0.447917 0.135937 0.220833
0 0.468750 0.356250 0.303125 0.412500
1 0.745313 0.445833 0.165625 0.208333
1 0.834375 0.050000 0.225000 0.100000
1 0.932031 0.956250 0.135937 0.087500
1 0.232813 0.708333 0.190625 0.275000
2 0.098438 0.645833 0.103125 0.137500
1 0.954688 0.175000 0.090625 0.212500
1 0.843750 0.843750 0.137500 0.212500
1 0.050781 0.944792 0.101562 0.110417
1 0.052344 0.300000 0.104688 0.225000
1 0.656250 0.895833 0.196875 0.204167
1 0.172656 0.942708 0.132812 0.114583
1 0.239844 0.081250 0.173438 0.162500
1 0.502344 0.922917 0.179688 0.154167
1 0.258594 0.272917 0.154688 0.195833
1 0.847656 0.284375 0.195312 0.218750
1 0.672656 0.692708 0.151562 0.189583
1 0.414844 0.081250 0.176563 0.158333
1 0.304688 0.920833 0.150000 0.158333
1 0.879687 0.502083 0.150000 0.200000
1 0.637500 0.076042 0.162500 0.152083
1 0.442969 0.681250 0.182812 0.229167
1 0.144531 0.447917 0.135937 0.220833
0 0.468750 0.356250 0.303125 0.412500
1 0.745313 0.445833 0.165625 0.208333
1 0.834375 0.050000 0.225000 0.100000
1 0.932031 0.956250 0.135937 0.087500
1 0.232813 0.708333 0.190625 0.275000
2 0.098438 0.645833 0.103125 0.137500
1 0.954688 0.175000 0.090625 0.212500
1 0.843750 0.843750 0.137500 0.212500
1 0.050781 0.944792 0.101562 0.110417
1 0.052344 0.300000 0.104688 0.225000
1 0.656250 0.895833 0.196875 0.204167
1 0.172656 0.942708 0.132812 0.114583
1 0.239844 0.081250 0.173438 0.162500
1 0.502344 0.922917 0.179688 0.154167
1 0.258594 0.272917 0.154688 0.195833
1 0.847656 0.284375 0.195312 0.218750
1 0.672656 0.692708 0.151562 0.189583
1 0.414844 0.081250 0.176563 0.158333
1 0.304688 0.920833 0.150000 0.158333
1 0.879687 0.502083 0.150000 0.200000
1 0.637500 0.076042 0.162500 0.152083
1 0.442969 0.681250 0.182812 0.229167
1 0.144531 0.447917 0.135937 0.220833
0 0.468750 0.356250 0.303125 0.412500
1 0.745313 0.445833 0.165625 0.208333
1 0.834375 0.050000 0.225000 0.100000
1 0.932031 0.956250 0.135937 0.087500
1 0.232813 0.708333 0.190625 0.275000
2 0.098438 0.645833 0.103125 0.137500
1 0.954688 0.175000 0.090625 0.212500
1 0.843750 0.843750 0.137500 0.212500
1 0.050781 0.944792 0.101562 0.110417
1 0.052344 0.300000 0.104688 0.225000
1 0.656250 0.895833 0.196875 0.204167
1 0.172656 0.942708 0.132812 0.114583
1 0.239844 0.081250 0.173438 0.162500
1 0.502344 0.922917 0.179688 0.154167
1 0.258594 0.272917 0.154688 0.195833
1 0.847656 0.284375 0.195312 0.218750
1 0.672656 0.692708 0.151562 0.189583
1 0.414844 0.081250 0.176563 0.158333
1 0.304688 0.920833 0.150000 0.158333
1 0.879687 0.502083 0.150000 0.200000
1 0.637500 0.076042 0.162500 0.152083
1 0.442969 0.681250 0.182812 0.229167
1 0.144531 0.447917 0.135937 0.220833
0 0.468750 0.356250 0.303125 0.412500
1 0.745313 0.445833 0.165625 0.208333
1 0.834375 0.050000 0.225000 0.100000
1 0.932031 0.956250 0.135937 0.087500
1 0.232813 0.708333 0.190625 0.275000
2 0.098438 0.645833 0.103125 0.137500
1 0.954688 0.175000 0.090625 0.212500
1 0.843750 0.843750 0.137500 0.212500
1 0.050781 0.944792 0.101562 0.110417
1 0.052344 0.300000 0.104688 0.225000
1 0.656250 0.895833 0.196875 0.204167
1 0.172656 0.942708 0.132812 0.114583
1 0.239844 0.081250 0.173438 0.162500
1 0.502344 0.922917 0.179688 0.154167
1 0.258594 0.272917 0.154688 0.195833
1 0.847656 0.284375 0.195312 0.218750
1 0.672656 0.692708 0.151562 0.189583
1 0.414844 0.081250 0.176563 0.158333
1 0.304688 0.920833 0.150000 0.158333
1 0.879687 0.502083 0.150000 0.200000
1 0.637500 0.076042 0.162500 0.152083
1 0.442969 0.681250 0.182812 0.229167
1 0.144531 0.447917 0.135937 0.220833
0 0.468750 0.356250 0.303125 0.412500
1 0.745313 0.445833 0.165625 0.208333
1 0.834375 0.050000 0.225000 0.100000
1 0.932031 0.956250 0.135937 0.087500
1 0.232813 0.708333 0.190625 0.275000
2 0.098438 0.645833 0.103125 0.137500
1 0.954688 0.175000 0.090625 0.212500
1 0.843750 0.843750 0.137500 0.212500
1 0.050781 0.944792 0.101562 0.110417
1 0.052344 0.300000 0.104688 0.225000
1 0.656250 0.895833 0.196875 0.204167
1 0.172656 0.942708 0.132812 0.114583
1 0.239844 0.081250 0.173438 0.162500
1 0.502344 0.922917 0.179688 0.154167
1 0.258594 0.272917 0.154688 0.195833
1 0.847656 0.284375 0.195312 0.218750
1 0.672656 0.692708 0.151562 0.189583
1 0.414844 0.081250 0.176563 0.158333
1 0.304688 0.920833 0.150000 0.158333
1 0.879687 0.502083 0.150000 0.200000
1 0.637500 0.076042 0.162500 0.152083
1 0.442969 0.681250 0.182812 0.229167
1 0.144531 0.447917 0.135937 0.220833
0 0.468750 0.356250 0.303125 0.412500
1 0.745313 0.445833 0.165625 0.208333
1 0.834375 0.050000 0.225000 0.100000
1 0.932031 0.956250 0.135937 0.087500
1 0.232813 0.708333 0.190625 0.275000
2 0.098438 0.645833 0.103125 0.137500
1 0.954688 0.175000 0.090625 0.212500
1 0.843750 0.843750 0.137500 0.212500
1 0.050781 0.944792 0.101562 0.110417
1 0.052344 0.300000 0.104688 0.225000
1 0.656250 0.895833 0.196875 0.204167
1 0.172656 0.942708 0.132812 0.114583
1 0.239844 0.081250 0.173438 0.162500
1 0.502344 0.922917 0.179688 0.154167
1 0.258594 0.272917 0.154688 0.195833
1 0.847656 0.284375 0.195312 0.218750
1 0.672656 0.692708 0.151562 0.189583
1 0.414844 0.081250 0.176563 0.158333
1 0.304688 0.920833 0.150000 0.158333
1 0.879687 0.502083 0.150000 0.200000
1 0.637500 0.076042 0.162500 0.152083
1 0.442969 0.681250 0.182812 0.229167
1 0.144531 0.447917 0.135937 0.220833
0 0.468750 0.356250 0.303125 0.412500
1 0.745313 0.445833 0.165625 0.208333
1 0.834375 0.050000 0.225000 0.100000
1 0.932031 0.956250 0.135937 0.087500
1 0.232813 0.708333 0.190625 0.275000
2 0.098438 0.645833 0.103125 0.137500
1 0.954688 0.175000 0.090625 0.212500
1 0.843750 0.843750 0.137500 0.212500
1 0.050781 0.944792 0.101562 0.110417
1 0.052344 0.300000 0.104688 0.225000
1 0.656250 0.895833 0.196875 0.204167
1 0.172656 0.942708 0.132812 0.114583
1 0.239844 0.081250 0.173438 0.162500
1 0.502344 0.922917 0.179688 0.154167
1 0.258594 0.272917 0.154688 0.195833
1 0.847656 0.284375 0.195312 0.218750
1 0.672656 0.692708 0.151562 0.189583
1 0.414844 0.081250 0.176563 0.158333
1 0.304688 0.920833 0.150000 0.158333
1 0.879687 0.502083 0.150000 0.200000
1 0.637500 0.076042 0.162500 0.152083
1 0.442969 0.681250 0.182812 0.229167
1 0.144531 0.447917 0.135937 0.220833
0 0.468750 0.356250 0.303125 0.412500
1 0.745313 0.445833 0.165625 0.208333
1 0.834375 0.050000 0.225000 0.100000
1 0.932031 0.956250 0.135937 0.087500
1 0.232813 0.708333 0.190625 0.275000
2 0.098438 0.645833 0.103125 0.137500
1 0.954688 0.175000 0.090625 0.212500
1 0.843750 0.843750 0.137500 0.212500
1 0.050781 0.944792 0.101562 0.110417
1 0.052344 0.300000 0.104688 0.225000
1 0.656250 0.895833 0.196875 0.204167
1 0.172656 0.942708 0.132812 0.114583
1 0.239844 0.081250 0.173438 0.162500
1 0.502344 0.922917 0.179688 0.154167
1 0.258594 0.272917 0.154688 0.195833
1 0.847656 0.284375 0.195312 0.218750
1 0.672656 0.692708 0.151562 0.189583
1 0.414844 0.081250 0.176563 0.158333
1 0.304688 0.920833 0.150000 0.158333
1 0.879687 0.502083 0.150000 0.200000
1 0.637500 0.076042 0.162500 0.152083
1 0.442969 0.681250 0.182812 0.229167
1 0.144531 0.447917 0.135937 0.220833
0 0.468750 0.356250 0.303125 0.412500
1 0.745313 0.445833 0.165625 0.208333
1 0.834375 0.050000 0.225000 0.100000
1 0.932031 0.956250 0.135937 0.087500
1 0.232813 0.708333 0.190625 0.275000
2 0.098438 0.645833 0.103125 0.137500
1 0.954688 0.175000 0.090625 0.212500
1 0.843750 0.843750 0.137500 0.212500
1 0.050781 0.944792 0.101562 0.110417
1 0.052344 0.300000 0.104688 0.225000
1 0.656250 0.895833 0.196875 0.204167
1 0.172656 0.942708 0.132812 0.114583
1 0.239844 0.081250 0.173438 0.162500
1 0.502344 0.922917 0.179688 0.154167
1 0.258594 0.272917 0.154688 0.195833
1 0.847656 0.284375 0.195312 0.218750
1 0.672656 0.692708 0.151562 0.189583
1 0.414844 0.081250 0.176563 0.158333
1 0.304688 0.920833 0.150000 0.158333
1 0.879687 0.502083 0.150000 0.200000
1 0.637500 0.076042 0.162500 0.152083
1 0.442969 0.681250 0.182812 0.229167
1 0.144531 0.447917 0.135937 0.220833
0 0.468750 0.356250 0.303125 0.412500
1 0.745313 0.445833 0.165625 0.208333
