1 0.978906 0.636458 0.042188 0.222917
1 0.815625 0.458333 0.146875 0.179167
1 0.394531 0.978125 0.101562 0.043750
1 0.040625 0.628125 0.081250 0.231250
1 0.510156 0.043750 0.173438 0.087500
1 0.255469 0.555208 0.157813 0.231250
1 0.858594 0.044792 0.182812 0.089583
1 0.816406 0.315625 0.179688 0.260417
2 0.854688 0.982292 0.059375 0.035417
1 0.948438 0.326042 0.096875 0.231250
1 0.935156 0.080208 0.126563 0.156250
1 0.285938 0.164583 0.206250 0.229167
2 0.074219 0.442708 0.064062 0.093750
1 0.378125 0.781250 0.187500 0.212500
2 0.343750 0.923958 0.075000 0.093750
2 0.892969 0.910417 0.067188 0.095833
1 0.768750 0.710417 0.153125 0.283333
1 0.107813 0.271875 0.196875 0.243750
1 0.928125 0.803125 0.143750 0.168750
1 0.418750 0.489583 0.175000 0.212500
0 0.575000 0.253125 0.318750 0.414583
1 0.978906 0.636458 0.042188 0.222917
1 0.815625 0.458333 0.146875 0.179167
1 0.394531 0.978125 0.101562 0.043750
1 0.040625 0.628125 0.081250 0.231250
1 0.510156 0.043750 0.173438 0.087500
1 0.255469 0.555208 0.157813 0.231250
1 0.858594 0.044792 0.182812 0.089583
1 0.816406 0.315625 0.179688 0.260417
2 0.854688 0.982292 0.059375 0.035417
1 0.948438 0.326042 0.096875 0.231250
1 0.935156 0.080208 0.126563 0.156250
1 0.285938 0.164583 0.206250 0.229167
2 0.074219 0.442708 0.064062 0.093750
1 0.378125 0.781250 0.187500 0.212500
2 0.343750 0.923958 0.075000 0.093750
2 0.892969 0.910417 0.067188 0.095833
1 0.768750 0.710417 0.153125 0.283333
1 0.107813 0.271875 0.196875 0.243750
1 0.928125 0.803125 0.143750 0.168750
1 0.418750 0.489583 0.175000 0.212500
0 0.575000 0.253125 0.318750 0.414583
1 0.978906 0.636458 0.042188 0.222917
1 0.815625 0.458333 0.146875 0.179167
1 0.394531 0.978125 0.101562 0.043750
1 0.040625 0.628125 0.081250 0.231250
1 0.510156 0.043750 0.173438 0.087500
1 0.255469 0.555208 0.157813 0.231250
1 0.858594 0.044792 0.182812 0.089583
1 0.816406 0.315625 0.179688 0.260417
2 0.854688 0.982292 0.059375 0.035417
1 0.948438 0.326042 0.096875 0.231250
1 0.935156 0.080208 0.126563 0.156250
1 0.285938 0.164583 0.206250 0.229167
2 0.074219 0.442708 0.064062 0.093750
1 0.378125 0.781250 0.187500 0.212500
2 0.343750 0.923958 0.075000 0.093750
2 0.892969 0.910417 0.067188 0.095833
1 0.768750 0.710417 0.153125 0.283333
1 0.107813 0.271875 0.196875 0.243750
1 0.928125 0.803125 0.143750 0.168750
1 0.418750 0.489583 0.175000 0.212500
0 0.575000 0.253125 0.318750 0.414583
1 0.978906 0.636458 0.042188 0.222917
1 0.815625 0.458333 0.146875 0.179167
1 0.394531 0.978125 0.101562 0.043750
1 0.040625 0.628125 0.081250 0.231250
1 0.510156 0.043750 0.173438 0.087500
1 0.255469 0.555208 0.157813 0.231250
1 0.858594 0.044792 0.182812 0.089583
1 0.816406 0.315625 0.179688 0.260417
2 0.854688 0.982292 0.059375 0.035417
1 0.948438 0.326042 0.096875 0.231250
1 0.935156 0.080208 0.126563 0.156250
1 0.285938 0.164583 0.206250 0.229167
2 0.074219 0.442708 0.064062 0.093750
1 0.378125 0.781250 0.187500 0.212500
2 0.343750 0.923958 0.075000 0.093750
2 0.892969 0.910417 0.067188 0.095833
1 0.768750 0.710417 0.153125 0.283333
1 0.107813 0.271875 0.196875 0.243750
1 0.928125 0.803125 0.143750 0.168750
1 0.418750 0.489583 0.175000 0.212500
0 0.575000 0.253125 0.318750 0.414583
1 0.978906 0.636458 0.042188 0.222917
1 0.815625 0.458333 0.146875 0.179167
1 0.394531 0.978125 0.101562 0.043750
1 0.040625 0.628125 0.081250 0.231250
1 0.510156 0.043750 0.173438 0.087500
1 0.255469 0.555208 0.157813 0.231250
1 0.858594 0.044792 0.182812 0.089583
1 0.816406 0.315625 0.179688 0.260417
2 0.854688 0.982292 0.059375 0.035417
1 0.948438 0.326042 0.096875 0.231250
1 0.935156 0.080208 0.126563 0.156250
1 0.285938 0.164583 0.206250 0.229167
2 0.074219 0.442708 0.064062 0.093750
1 0.378125 0.781250 0.187500 0.212500
2 0.343750 0.923958 0.075000 0.093750
2 0.892969 0.910417 0.067188 0.095833
1 0.768750 0.710417 0.153125 0.283333
1 0.107813 0.271875 0.196875 0.243750
1 0.928125 0.803125 0.143750 0.168750
1 0.418750 0.489583 0.175000 0.212500
0 0.575000 0.253125 0.318750 0.414583
1 0.978906 0.636458 0.042188 0.222917
1 0.815625 0.458333 0.146875 0.179167
1 0.394531 0.978125 0.101562 0.043750
1 0.040625 0.628125 0.081250 0.231250
1 0.510156 0.043750 0.173438 0.087500
1 0.255469 0.555208 0.157813 0.231250
1 0.858594 0.044792 0.182812 0.089583
1 0.816406 0.315625 0.179688 0.260417
2 0.854688 0.982292 0.059375 0.035417
1 0.948438 0.326042 0.096875 0.231250
1 0.935156 0.080208 0.126563 0.156250
1 0.285938 0.164583 0.206250 0.229167
2 0.074219 0.442708 0.064062 0.093750
1 0.378125 0.781250 0.187500 0.212500
2 0.343750 0.923958 0.075000 0.093750
2 0.892969 0.910417 0.067188 0.095833
1 0.768750 0.710417 0.153125 0.283333
1 0.107813 0.271875 0.196875 0.243750
1 0.928125 0.803125 0.143750 0.168750
1 0.418750 0.489583 0.175000 0.212500
0 0.575000 0.253125 0.318750 0.414583
1 0.978906 0.636458 0.042188 0.222917
1 0.815625 0.458333 0.146875 0.179167
1 0.394531 0.978125 0.101562 0.043750
1 0.040625 0.628125 0.081250 0.231250
1 0.510156 0.043750 0.173438 0.087500
1 0.255469 0.555208 0.157813 0.231250
1 0.858594 0.044792 0.182812 0.089583
1 0.816406 0.315625 0.179688 0.260417
2 0.854688 0.982292 0.059375 0.035417
1 0.948438 0.326042 0.096875 0.231250
1 0.935156 0.080208 0.126563 0.156250
1 0.285938 0.164583 0.206250 0.229167
2 0.074219 0.442708 0.064062 0.093750
1 0.378125 0.781250 0.187500 0.212500
2 0.343750 0.923958 0.075000 0.093750
2 0.892969 0.910417 0.067188 0.095833
1 0.768750 0.710417 0.153125 0.283333
1 0.107813 0.271875 0.196875 0.243750
1 0.928125 0.803125 0.143750 0.168750
1 0.418750 0.489583 0.175000 0.212500
0 0.575000 0.253125 0.318750 0.414583
1 0.978906 0.636458 0.042188 0.222917
1 0.815625 0.458333 0.146875 0.179167
1 0.394531 0.978125 0.101562 0.043750
1 0.040625 0.628125 0.081250 0.231250
1 0.510156 0.043750 0.173438 0.087500
1 0.255469 0.555208 0.157813 0.231250
1 0.858594 0.044792 0.182812 0.089583
1 0.816406 0.315625 0.179688 0.260417
2 0.854688 0.982292 0.059375 0.035417
1 0.948438 0.326042 0.096875 0.231250
1 0.935156 0.080208 0.126563 0.156250
1 0.285938 0.164583 0.206250 0.229167
2 0.074219 0.442708 0.064062 0.093750
1 0.378125 0.781250 0.187500 0.212500
2 0.343750 0.923958 0.075000 0.093750
2 0.892969 0.910417 0.067188 0.095833
1 0.768750 0.710417 0.153125 0.283333
1 0.107813 0.271875 0.196875 0.243750
1 0.928125 0.803125 0.143750 0.168750
1 0.418750 0.489583 0.175000 0.212500
0 0.575000 0.253125 0.318750 0.414583
1 0.978906 0.636458 0.042188 0.222917
1 0.815625 0.458333 0.146875 0.179167
1 0.394531 0.978125 0.101562 0.043750
1 0.040625 0.628125 0.081250 0.231250
1 0.510156 0.043750 0.173438 0.087500
1 0.255469 0.555208 0.157813 0.231250
1 0.858594 0.044792 0.182812 0.089583
1 0.816406 0.315625 0.179688 0.260417
2 0.854688 0.982292 0.059375 0.035417
1 0.948438 0.326042 0.096875 0.231250
1 0.935156 0.080208 0.126563 0.156250
1 0.285938 0.164583 0.206250 0.229167
2 0.074219 0.442708 0.064062 0.093750
1 0.378125 0.781250 0.187500 0.212500
2 0.343750 0.923958 0.075000 0.093750
2 0.892969 0.910417 0.067188 0.095833
1 0.768750 0.710417 0.153125 0.283333
1 0.107813 0.271875 0.196875 0.243750
1 0.928125 0.803125 0.143750 0.168750
1 0.418750 0.489583 0.175000 0.212500
0 0.575000 0.253125 0.318750 0.414583
1 0.978906 0.636458 0.042188 0.222917
1 0.815625 0.458333 0.146875 0.179167
1 0.394531 0.978125 0.101562 0.043750
1 0.040625 0.628125 0.081250 0.231250
1 0.510156 0.043750 0.173438 0.087500
1 0.255469 0.555208 0.157813 0.231250
1 0.858594 0.044792 0.182812 0.089583
1 0.816406 0.315625 0.179688 0.260417
2 0.854688 0.982292 0.059375 0.035417
1 0.948438 0.326042 0.096875 0.231250
1 0.935156 0.080208 0.126563 0.156250
1 0.285938 0.164583 0.206250 0.229167
2 0.074219 0.442708 0.064062 0.093750
1 0.378125 0.781250 0.187500 0.212500
2 0.343750 0.923958 0.075000 0.093750
2 0.892969 0.910417 0.067188 0.095833
1 0.768750 0.710417 0.153125 0.283333
1 0.107813 0.271875 0.196875 0.243750
1 0.928125 0.803125 0.143750 0.168750
1 0.418750 0.489583 0.175000 0.212500
0 0.575000 0.253125 0.318750 0.414583
1 0.978906 0.636458 0.042188 0.222917
1 0.815625 0.458333 0.146875 0.179167
1 0.394531 0.978125 0.101562 0.043750
1 0.040625 0.628125 0.081250 0.231250
1 0.510156 0.043750 0.173438 0.087500
1 0.255469 0.555208 0.157813 0.231250
1 0.858594 0.044792 0.182812 0.089583
1 0.816406 0.315625 0.179688 0.260417
2 0.854688 0.982292 0.059375 0.035417
1 0.948438 0.326042 0.096875 0.231250
1 0.935156 0.080208 0.126563 0.156250
1 0.285938 0.164583 0.206250 0.229167
2 0.074219 0.442708 0.064062 0.093750
1 0.378125 0.781250 0.187500 0.212500
2 0.343750 0.923958 0.075000 0.093750
2 0.892969 0.910417 0.067188 0.095833
1 0.768750 0.710417 0.153125 0.283333
1 0.107813 0.271875 0.196875 0.243750
1 0.928125 0.803125 0.143750 0.168750
1 0.418750 0.489583 0.175000 0.212500
0 0.575000 0.253125 0.318750 0.414583
1 0.978906 0.636458 0.042188 0.222917
1 0.815625 0.458333 0.146875 0.179167
1 0.394531 0.978125 0.101562 0.043750
1 0.040625 0.628125 0.081250 0.231250
1 0.510156 0.043750 0.173438 0.087500
1 0.255469 0.555208 0.157813 0.231250
1 0.858594 0.044792 0.182812 0.089583
1 0.816406 0.315625 0.179688 0.260417
2 0.854688 0.982292 0.059375 0.035417
1 0.948438 0.326042 0.096875 0.231250
1 0.935156 0.080208 0.126563 0.156250
1 0.285938 0.164583 0.206250 0.229167
2 0.074219 0.442708 0.064062 0.093750
1 0.378125 0.781250 0.187500 0.212500
2 0.343750 0.923958 0.075000 0.093750
2 0.892969 0.910417 0.067188 0.095833
1 0.768750 0.710417 0.153125 0.283333
1 0.107813 0.271875 0.196875 0.243750
1 0.928125 0.803125 0.143750 0.168750
1 0.418750 0.489583 0.175000 0.212500
0 0.575000 0.253125 0.318750 0.414583
1 0.978906 0.636458 0.042188 0.222917
1 0.815625 0.458333 0.146875 0.179167
1 0.394531 0.978125 0.101562 0.043750
1 0.040625 0.628125 0.081250 0.231250
1 0.510156 0.043750 0.173438 0.087500
1 0.255469 0.555208 0.157813 0.231250
1 0.858594 0.044792 0.182812 0.089583
1 0.816406 0.315625 0.179688 0.260417
2 0.854688 0.982292 0.059375 0.035417
1 0.948438 0.326042 0.096875 0.231250
1 0.935156 0.080208 0.126563 0.156250
1 0.285938 0.164583 0.206250 0.229167
2 0.074219 0.442708 0.064062 0.093750
1 0.378125 0.781250 0.187500 0.212500
2 0.343750 0.923958 0.075000 0.093750
2 0.892969 0.910417 0.067188 0.095833
1 0.768750 0.710417 0.153125 0.283333
1 0.107813 0.271875 0.196875 0.243750
1 0.928125 0.803125 0.143750 0.168750
1 0.418750 0.489583 0.175000 0.212500
0 0.575000 0.253125 0.318750 0.414583
1 0.978906 0.636458 0.042188 0.222917
1 0.815625 0.458333 0.146875 0.179167
1 0.394531 0.978125 0.101562 0.043750
1 0.040625 0.628125 0.081250 0.231250
1 0.510156 0.043750 0.173438 0.087500
1 0.255469 0.555208 0.157813 0.231250
1 0.858594 0.044792 0.182812 0.089583
1 0.816406 0.315625 0.179688 0.260417
2 0.854688 0.982292 0.059375 0.035417
1 0.948438 0.326042 0.096875 0.231250
1 0.935156 0.080208 0.126563 0.156250
1 0.285938 0.164583 0.206250 0.229167
2 0.074219 0.442708 0.064062 0.093750
1 0.378125 0.781250 0.187500 0.212500
2 0.343750 0.923958 0.075000 0.093750
2 0.892969 0.910417 0.067188 0.095833
1 0.768750 0.710417 0.153125 0.283333
1 0.107813 0.271875 0.196875 0.243750
1 0.928125 0.803125 0.143750 0.168750
1 0.418750 0.489583 0.175000 0.212500
0 0.575000 0.253125 0.318750 0.414583
1 0.978906 0.636458 0.042188 0.222917
1 0.815625 0.458333 0.146875 0.179167
1 0.394531 0.978125 0.101562 0.043750
1 0.040625 0.628125 0.081250 0.231250
1 0.510156 0.043750 0.173438 0.087500
1 0.255469 0.555208 0.157813 0.231250
1 0.858594 0.044792 0.182812 0.089583
1 0.816406 0.315625 0.179688 0.260417
2 0.854688 0.982292 0.059375 0.035417
1 0.948438 0.326042 0.096875 0.231250
1 0.935156 0.080208 0.126563 0.156250
1 0.285938 0.164583 0.206250 0.229167
2 0.074219 0.442708 0.064062 0.093750
1 0.378125 0.781250 0.187500 0.212500
2 0.343750 0.923958 0.075000 0.093750
2 0.892969 0.910417 0.067188 0.095833
1 0.768750 0.710417 0.153125 0.283333
1 0.107813 0.271875 0.196875 0.243750
1 0.928125 0.803125 0.143750 0.168750
1 0.418750 0.489583 0.175000 0.212500
0 0.575000 0.253125 0.318750 0.414583
1 0.978906 0.636458 0.042188 0.222917
1 0.815625 0.458333 0.146875 0.179167
1 0.394531 0.978125 0.101562 0.043750
1 0.040625 0.628125 0.081250 0.231250
1 0.510156 0.043750 0.173438 0.087500
1 0.255469 0.555208 0.157813 0.231250
1 0.858594 0.044792 0.182812 0.089583
1 0.816406 0.315625 0.179688 0.260417
2 0.854688 0.982292 0.059375 0.035417
1 0.948438 0.326042 0.096875 0.231250
1 0.935156 0.080208 0.126563 0.156250
1 0.285938 0.164583 0.206250 0.229167
2 0.074219 0.442708 0.064062 0.093750
1 0.378125 0.781250 0.187500 0.212500
2 0.343750 0.923958 0.075000 0.093750
2 0.892969 0.910417 0.067188 0.095833
1 0.768750 0.710417 0.153125 0.283333
1 0.107813 0.271875 0.196875 0.243750
1 0.928125 0.803125 0.143750 0.168750
1 0.418750 0.489583 0.175000 0.212500
0 0.575000 0.253125 0.318750 0.414583
1 0.978906 0.636458 0.042188 0.222917
1 0.815625 0.458333 0.146875 0.179167
1 0.394531 0.978125 0.101562 0.043750
1 0.040625 0.628125 0.081250 0.231250
1 0.510156 0.043750 0.173438 0.087500
1 0.255469 0.555208 0.157813 0.231250
1 0.858594 0.044792 0.182812 0.089583
1 0.816406 0.315625 0.179688 0.260417
2 0.854688 0.982292 0.059375 0.035417
1 0.948438 0.326042 0.096875 0.231250
1 0.935156 0.080208 0.126563 0.156250
1 0.285938 0.164583 0.206250 0.229167
2 0.074219 0.442708 0.064062 0.093750
1 0.378125 0.781250 0.187500 0.212500
2 0.343750 0.923958 0.075000 0.093750
2 0.892969 0.910417 0.067188 0.095833
1 0.768750 0.710417 0.153125 0.283333
1 0.107813 0.271875 0.196875 0.243750
1 0.928125 0.803125 0.143750 0.168750
1 0.418750 0.489583 0.175000 0.212500
0 0.575000 0.253125 0.318750 0.414583
1 0.978906 0.636458 0.042188 0.222917
1 0.815625 0.458333 0.146875 0.179167
1 0.394531 0.978125 0.101562 0.043750
1 0.040625 0.628125 0.081250 0.231250
1 0.510156 0.043750 0.173438 0.087500
1 0.255469 0.555208 0.157813 0.231250
1 0.858594 0.044792 0.182812 0.089583
1 0.816406 0.315625 0.179688 0.260417
2 0.854688 0.982292 0.059375 0.035417
1 0.948438 0.326042 0.096875 0.231250
1 0.935156 0.080208 0.126563 0.156250
1 0.285938 0.164583 0.206250 0.229167
2 0.074219 0.442708 0.064062 0.093750
1 0.378125 0.781250 0.187500 0.212500
2 0.343750 0.923958 0.075000 0.093750
2 0.892969 0.910417 0.067188 0.095833
1 0.768750 0.710417 0.153125 0.283333
1 0.107813 0.271875 0.196875 0.243750
1 0.928125 0.803125 0.143750 0.168750
1 0.418750 0.489583 0.175000 0.212500
0 0.575000 0.253125 0.318750 0.414583
1 0.978906 0.636458 0.042188 0.222917
1 0.815625 0.458333 0.146875 0.179167
1 0.394531 0.978125 0.101562 0.043750
1 0.040625 0.628125 0.081250 0.231250
1 0.510156 0.043750 0.173438 0.087500
1 0.255469 0.555208 0.157813 0.231250
1 0.858594 0.044792 0.182812 0.089583
1 0.816406 0.315625 0.179688 0.260417
2 0.854688 0.982292 0.059375 0.035417
1 0.948438 0.326042 0.096875 0.231250
1 0.935156 0.080208 0.126563 0.156250
1 0.285938 0.164583 0.206250 0.229167
2 0.074219 0.442708 0.064062 0.093750
1 0.378125 0.781250 0.187500 0.212500
2 0.343750 0.923958 0.075000 0.093750
2 0.892969 0.910417 0.067188 0.095833
1 0.768750 0.710417 0.153125 0.283333
1 0.107813 0.271875 0.196875 0.243750
1 0.928125 0.803125 0.143750 0.168750
1 0.418750 0.489583 0.175000 0.212500
0 0.575000 0.253125 0.318750 0.414583
1 0.978906 0.636458 0.042188 0.222917
1 0.815625 0.458333 0.146875 0.179167
1 0.394531 0.978125 0.101562 0.043750
1 0.040625 0.628125 0.081250 0.231250
1 0.510156 0.043750 0.173438 0.087500
1 0.255469 0.555208 0.157813 0.231250
1 0.858594 0.044792 0.182812 0.089583
1 0.816406 0.315625 0.179688 0.260417
2 0.854688 0.982292 0.059375 0.035417
1 0.948438 0.326042 0.096875 0.231250
1 0.935156 0.080208 0.126563 0.156250
1 0.285938 0.164583 0.206250 0.229167
2 0.074219 0.442708 0.064062 0.093750
1 0.378125 0.781250 0.187500 0.212500
2 0.343750 0.923958 0.075000 0.093750
2 0.892969 0.910417 0.067188 0.095833
1 0.768750 0.710417 0.153125 0.283333
1 0.107813 0.271875 0.196875 0.243750
1 0.928125 0.803125 0.143750 0.168750
1 0.418750 0.489583 0.175000 0.212500
0 0.575000 0.253125 0.318750 0.414583
1 0.978906 0.636458 0.042188 0.222917
1 0.815625 0.458333 0.146875 0.179167
1 0.394531 0.978125 0.101562 0.043750
1 0.040625 0.628125 0.081250 0.231250
1 0.510156 0.043750 0.173438 0.087500
1 0.255469 0.555208 0.157813 0.231250
1 0.858594 0.044792 0.182812 0.089583
1 0.816406 0.315625 0.179688 0.260417
2 0.854688 0.982292 0.059375 0.035417
1 0.948438 0.326042 0.096875 0.231250
1 0.935156 0.080208 0.126563 0.156250
1 0.285938 0.164583 0.206250 0.229167
2 0.074219 0.442708 0.064062 0.093750
1 0.378125 0.781250 0.187500 0.212500
2 0.343750 0.923958 0.075000 0.093750
2 0.892969 0.910417 0.067188 0.095833
1 0.768750 0.710417 0.153125 0.283333
1 0.107813 0.271875 0.196875 0.243750
1 0.928125 0.803125 0.143750 0.168750
1 0.418750 0.489583 0.175000 0.212500
0 0.575000 0.253125 0.318750 0.414583
