1 0.017188 0.313542 0.034375 0.218750
1 0.679688 0.927083 0.159375 0.145833
1 0.827344 0.129167 0.176563 0.216667
1 0.942969 0.973958 0.114063 0.052083
1 0.101562 0.126042 0.193750 0.227083
1 0.942187 0.632292 0.115625 0.206250
1 0.928125 0.273958 0.143750 0.193750
1 0.962500 0.843750 0.075000 0.216667
1 0.635938 0.620833 0.159375 0.208333
1 0.107813 0.748958 0.171875 0.235417
1 0.362500 0.543750 0.200000 0.241667
2 0.463281 0.590625 0.060938 0.077083
1 0.564844 0.730208 0.157813 0.214583
1 0.838281 0.879167 0.154688 0.204167
1 0.810938 0.592708 0.140625 0.214583
0 0.260938 0.841667 0.318750 0.316667
0 0.411719 0.240625 0.295312 0.393750
1 0.017188 0.313542 0.034375 0.218750
1 0.679688 0.927083 0.159375 0.145833
1 0.827344 0.129167 0.176563 0.216667
1 0.942969 0.973958 0.114063 0.052083
1 0.101562 0.126042 0.193750 0.227083
1 0.942187 0.632292 0.115625 0.206250
1 0.928125 0.273958 0.143750 0.193750
1 0.962500 0.843750 0.075000 0.216667
1 0.635938 0.620833 0.159375 0.208333
1 0.107813 0.748958 0.171875 0.235417
1 0.362500 0.543750 0.200000 0.241667
2 0.463281 0.590625 0.060938 0.077083
1 0.564844 0.730208 0.157813 0.214583
1 0.838281 0.879167 0.154688 0.204167
1 0.810938 0.592708 0.140625 0.214583
0 0.260938 0.841667 0.318750 0.316667
0 0.411719 0.240625 0.295312 0.393750
1 0.017188 0.313542 0.034375 0.218750
1 0.679688 0.927083 0.159375 0.145833
1 0.827344 0.129167 0.176563 0.216667
1 0.942969 0.973958 0.114063 0.052083
1 0.101562 0.126042 0.193750 0.227083
1 0.942187 0.632292 0.115625 0.206250
1 0.928125 0.273958 0.143750 0.193750
1 0.962500 0.843750 0.075000 0.216667
1 0.635938 0.620833 0.159375 0.208333
1 0.107813 0.748958 0.171875 0.235417
1 0.362500 0.543750 0.200000 0.241667
2 0.463281 0.590625 0.060938 0.077083
1 0.564844 0.730208 0.157813 0.214583
1 0.838281 0.879167 0.154688 0.204167
1 0.810938 0.592708 0.140625 0.214583
0 0.260938 0.841667 0.318750 0.316667
0 0.411719 0.240625 0.295312 0.393750
1 0.017188 0.313542 0.034375 0.218750
1 0.679688 0.927083 0.159375 0.145833
1 0.827344 0.129167 0.176563 0.216667
1 0.942969 0.973958 0.114063 0.052083
1 0.101562 0.126042 0.193750 0.227083
1 0.942187 0.632292 0.115625 0.206250
1 0.928125 0.273958 0.143750 0.193750
1 0.962500 0.843750 0.075000 0.216667
1 0.635938 0.620833 0.159375 0.208333
1 0.107813 0.748958 0.171875 0.235417
1 0.362500 0.543750 0.200000 0.241667
2 0.463281 0.590625 0.060938 0.077083
1 0.564844 0.730208 0.157813 0.214583
1 0.838281 0.879167 0.154688 0.204167
1 0.810938 0.592708 0.140625 0.214583
0 0.260938 0.841667 0.318750 0.316667
0 0.411719 0.240625 0.295312 0.393750
1 0.017188 0.313542 0.034375 0.218750
1 0.679688 0.927083 0.159375 0.145833
1 0.827344 0.129167 0.176563 0.216667
1 0.942969 0.973958 0.114063 0.052083
1 0.101562 0.126042 0.193750 0.227083
1 0.942187 0.632292 0.115625 0.206250
1 0.928125 0.273958 0.143750 0.193750
1 0.962500 0.843750 0.075000 0.216667
1 0.635938 0.620833 0.159375 0.208333
1 0.107813 0.748958 0.171875 0.235417
1 0.362500 0.543750 0.200000 0.241667
2 0.463281 0.590625 0.060938 0.077083
1 0.564844 0.730208 0.157813 0.214583
1 0.838281 0.879167 0.154688 0.204167
1 0.810938 0.592708 0.140625 0.214583
0 0.260938 0.841667 0.318750 0.316667
0 0.411719 0.240625 0.295312 0.393750
1 0.017188 0.313542 0.034375 0.218750
1 0.679688 0.927083 0.159375 0.145833
1 0.827344 0.129167 0.176563 0.216667
1 0.942969 0.973958 0.114063 0.052083
1 0.101562 0.126042 0.193750 0.227083
1 0.942187 0.632292 0.115625 0.206250
1 0.928125 0.273958 0.143750 0.193750
1 0.962500 0.843750 0.075000 0.216667
1 0.635938 0.620833 0.159375 0.208333
1 0.107813 0.748958 0.171875 0.235417
1 0.362500 0.543750 0.200000 0.241667
2 0.463281 0.590625 0.060938 0.077083
1 0.564844 0.730208 0.157813 0.214583
1 0.838281 0.879167 0.154688 0.204167
1 0.810938 0.592708 0.140625 0.214583
0 0.260938 0.841667 0.318750 0.316667
0 0.411719 0.240625 0.295312 0.393750
1 0.017188 0.313542 0.034375 0.218750
1 0.679688 0.927083 0.159375 0.145833
1 0.827344 0.129167 0.176563 0.216667
1 0.942969 0.973958 0.114063 0.052083
1 0.101562 0.126042 0.193750 0.227083
1 0.942187 0.632292 0.115625 0.206250
1 0.928125 0.273958 0.143750 0.193750
1 0.962500 0.843750 0.075000 0.216667
1 0.635938 0.620833 0.159375 0.208333
1 0.107813 0.748958 0.171875 0.235417
1 0.362500 0.543750 0.200000 0.241667
2 0.463281 0.590625 0.060938 0.077083
1 0.564844 0.730208 0.157813 0.214583
1 0.838281 0.879167 0.154688 0.204167
1 0.810938 0.592708 0.140625 0.214583
0 0.260938 0.841667 0.318750 0.316667
0 0.411719 0.240625 0.295312 0.393750
1 0.017188 0.313542 0.034375 0.218750
1 0.679688 0.927083 0.159375 0.145833
1 0.827344 0.129167 0.176563 0.216667
1 0.942969 0.973958 0.114063 0.052083
1 0.101562 0.126042 0.193750 0.227083
1 0.942187 0.632292 0.115625 0.206250
1 0.928125 0.273958 0.143750 0.193750
1 0.962500 0.843750 0.075000 0.216667
1 0.635938 0.620833 0.159375 0.208333
1 0.107813 0.748958 0.171875 0.235417
1 0.362500 0.543750 0.200000 0.241667
2 0.463281 0.590625 0.060938 0.077083
1 0.564844 0.730208 0.157813 0.214583
1 0.838281 0.879167 0.154688 0.204167
1 0.810938 0.592708 0.140625 0.214583
0 0.260938 0.841667 0.318750 0.316667
0 0.411719 0.240625 0.295312 0.393750
1 0.017188 0.313542 0.034375 0.218750
1 0.679688 0.927083 0.159375 0.145833
1 0.827344 0.129167 0.176563 0.216667
1 0.942969 0.973958 0.114063 0.052083
1 0.101562 0.126042 0.193750 0.227083
1 0.942187 0.632292 0.115625 0.206250
1 0.928125 0.273958 0.143750 0.193750
1 0.962500 0.843750 0.075000 0.216667
1 0.635938 0.620833 0.159375 0.208333
1 0.107813 0.748958 0.171875 0.235417
1 0.362500 0.543750 0.200000 0.241667
2 0.463281 0.590625 0.060938 0.077083
1 0.564844 0.730208 0.157813 0.214583
1 0.838281 0.879167 0.154688 0.204167
1 0.810938 0.592708 0.140625 0.214583
0 0.260938 0.841667 0.318750 0.316667
0 0.411719 0.240625 0.295312 0.393750
1 0.017188 0.313542 0.034375 0.218750
1 0.679688 0.927083 0.159375 0.145833
1 0.827344 0.129167 0.176563 0.216667
1 0.942969 0.973958 0.114063 0.052083
1 0.101562 0.126042 0.193750 0.227083
1 0.942187 0.632292 0.115625 0.206250
1 0.928125 0.273958 0.143750 0.193750
1 0.962500 0.843750 0.075000 0.216667
1 0.635938 0.620833 0.159375 0.208333
1 0.107813 0.748958 0.171875 0.235417
1 0.362500 0.543750 0.200000 0.241667
2 0.463281 0.590625 0.060938 0.077083
1 0.564844 0.730208 0.157813 0.214583
1 0.838281 0.879167 0.154688 0.204167
1 0.810938 0.592708 0.140625 0.214583
0 0.260938 0.841667 0.318750 0.316667
0 0.411719 0.240625 0.295312 0.393750
1 0.017188 0.313542 0.034375 0.218750
1 0.679688 0.927083 0.159375 0.145833
1 0.827344 0.129167 0.176563 0.216667
1 0.942969 0.973958 0.114063 0.052083
1 0.101562 0.126042 0.193750 0.227083
1 0.942187 0.632292 0.115625 0.206250
1 0.928125 0.273958 0.143750 0.193750
1 0.962500 0.843750 0.075000 0.216667
1 0.635938 0.620833 0.159375 0.208333
1 0.107813 0.748958 0.171875 0.235417
1 0.362500 0.543750 0.200000 0.241667
2 0.463281 0.590625 0.060938 0.077083
1 0.564844 0.730208 0.157813 0.214583
1 0.838281 0.879167 0.154688 0.204167
1 0.810938 0.592708 0.140625 0.214583
0 0.260938 0.841667 0.318750 0.316667
0 0.411719 0.240625 0.295312 0.393750
1 0.017188 0.313542 0.034375 0.218750
1 0.679688 0.927083 0.159375 0.145833
1 0.827344 0.129167 0.176563 0.216667
1 0.942969 0.973958 0.114063 0.052083
1 0.101562 0.126042 0.193750 0.227083
1 0.942187 0.632292 0.115625 0.206250
1 0.928125 0.273958 0.143750 0.193750
1 0.962500 0.843750 0.075000 0.216667
1 0.635938 0.620833 0.159375 0.208333
1 0.107813 0.748958 0.171875 0.235417
1 0.362500 0.543750 0.200000 0.241667
2 0.463281 0.590625 0.060938 0.077083
1 0.564844 0.730208 0.157813 0.214583
1 0.838281 0.879167 0.154688 0.204167
1 0.810938 0.592708 0.140625 0.214583
0 0.260938 0.841667 0.318750 0.316667
0 0.411719 0.240625 0.295312 0.393750
1 0.017188 0.313542 0.034375 0.218750
1 0.679688 0.927083 0.159375 0.145833
1 0.827344 0.129167 0.176563 0.216667
1 0.942969 0.973958 0.114063 0.052083
1 0.101562 0.126042 0.193750 0.227083
1 0.942187 0.632292 0.115625 0.206250
1 0.928125 0.273958 0.143750 0.193750
1 0.962500 0.843750 0.075000 0.216667
1 0.635938 0.620833 0.159375 0.208333
1 0.107813 0.748958 0.171875 0.235417
1 0.362500 0.543750 0.200000 0.241667
2 0.463281 0.590625 0.060938 0.077083
1 0.564844 0.730208 0.157813 0.214583
1 0.838281 0.879167 0.154688 0.204167
1 0.810938 0.592708 0.140625 0.214583
0 0.260938 0.841667 0.318750 0.316667
0 0.411719 0.240625 0.295312 0.393750
1 0.017188 0.313542 0.034375 0.218750
1 0.679688 0.927083 0.159375 0.145833
1 0.827344 0.129167 0.176563 0.216667
1 0.942969 0.973958 0.114063 0.052083
1 0.101562 0.126042 0.193750 0.227083
1 0.942187 0.632292 0.115625 0.206250
1 0.928125 0.273958 0.143750 0.193750
1 0.962500 0.843750 0.075000 0.216667
1 0.635938 0.620833 0.159375 0.208333
1 0.107813 0.748958 0.171875 0.235417
1 0.362500 0.543750 0.200000 0.241667
2 0.463281 0.590625 0.060938 0.077083
1 0.564844 0.730208 0.157813 0.214583
1 0.838281 0.879167 0.154688 0.204167
1 0.810938 0.592708 0.140625 0.214583
0 0.260938 0.841667 0.318750 0.316667
0 0.411719 0.240625 0.295312 0.393750
1 0.017188 0.313542 0.034375 0.218750
1 0.679688 0.927083 0.159375 0.145833
1 0.827344 0.129167 0.176563 0.216667
1 0.942969 0.973958 0.114063 0.052083
1 0.101562 0.126042 0.193750 0.227083
1 0.942187 0.632292 0.115625 0.206250
1 0.928125 0.273958 0.143750 0.193750
1 0.962500 0.843750 0.075000 0.216667
1 0.635938 0.620833 0.159375 0.208333
1 0.107813 0.748958 0.171875 0.235417
1 0.362500 0.543750 0.200000 0.241667
2 0.463281 0.590625 0.060938 0.077083
1 0.564844 0.730208 0.157813 0.214583
1 0.838281 0.879167 0.154688 0.204167
1 0.810938 0.592708 0.140625 0.214583
0 0.260938 0.841667 0.318750 0.316667
0 0.411719 0.240625 0.295312 0.393750
1 0.017188 0.313542 0.034375 0.218750
1 0.679688 0.927083 0.159375 0.145833
1 0.827344 0.129167 0.176563 0.216667
1 0.942969 0.973958 0.114063 0.052083
1 0.101562 0.126042 0.193750 0.227083
1 0.942187 0.632292 0.115625 0.206250
1 0.928125 0.273958 0.143750 0.193750
1 0.962500 0.843750 0.075000 0.216667
1 0.635938 0.620833 0.159375 0.208333
1 0.107813 0.748958 0.171875 0.235417
1 0.362500 0.543750 0.200000 0.241667
2 0.463281 0.590625 0.060938 0.077083
1 0.564844 0.730208 0.157813 0.214583
1 0.838281 0.879167 0.154688 0.204167
1 0.810938 0.592708 0.140625 0.214583
0 0.260938 0.841667 0.318750 0.316667
0 0.411719 0.240625 0.295312 0.393750
1 0.017188 0.313542 0.034375 0.218750
1 0.679688 0.927083 0.159375 0.145833
1 0.827344 0.129167 0.176563 0.216667
1 0.942969 0.973958 0.114063 0.052083
1 0.101562 0.126042 0.193750 0.227083
1 0.942187 0.632292 0.115625 0.206250
1 0.928125 0.273958 0.143750 0.193750
1 0.962500 0.843750 0.075000 0.216667
1 0.635938 0.620833 0.159375 0.208333
1 0.107813 0.748958 0.171875 0.235417
1 0.362500 0.543750 0.200000 0.241667
2 0.463281 0.590625 0.060938 0.077083
1 0.564844 0.730208 0.157813 0.214583
1 0.838281 0.879167 0.154688 0.204167
1 0.810938 0.592708 0.140625 0.214583
0 0.260938 0.841667 0.318750 0.316667
0 0.411719 0.240625 0.295312 0.393750
