1 0.120313 0.033333 0.175000 0.066667
1 0.283594 0.933333 0.157813 0.133333
1 0.025000 0.553125 0.050000 0.202083
1 0.177344 0.088542 0.179688 0.177083
1 0.603125 0.962500 0.221875 0.075000
1 0.827344 0.923958 0.201563 0.147917
1 0.032031 0.095833 0.060938 0.191667
1 0.964844 0.413542 0.070312 0.218750
1 0.913281 0.057292 0.164062 0.114583
1 0.127344 0.431250 0.160938 0.233333
1 0.656250 0.806250 0.165625 0.233333
1 0.289062 0.840625 0.143750 0.214583
1 0.178906 0.307292 0.192188 0.231250
1 0.264062 0.567708 0.178125 0.243750
0 0.565625 0.279167 0.334375 0.483333
1 0.745313 0.089583 0.187500 0.179167
1 0.810938 0.495833 0.178125 0.212500
1 0.630469 0.571875 0.160938 0.197917
1 0.360938 0.108333 0.153125 0.204167
1 0.111719 0.823958 0.176563 0.231250
1 0.943750 0.688542 0.112500 0.222917
1 0.452344 0.576042 0.192188 0.222917
1 0.120313 0.033333 0.175000 0.066667
1 0.283594 0.933333 0.157813 0.133333
1 0.025000 0.553125 0.050000 0.202083
1 0.177344 0.088542 0.179688 0.177083
1 0.603125 0.962500 0.221875 0.075000
1 0.827344 0.923958 0.201563 0.147917
1 0.032031 0.095833 0.060938 0.191667
1 0.964844 0.413542 0.070312 0.218750
1 0.913281 0.057292 0.164062 0.114583
1 0.127344 0.431250 0.160938 0.233333
1 0.656250 0.806250 0.165625 0.233333
1 0.289062 0.840625 0.143750 0.214583
1 0.178906 0.307292 0.192188 0.231250
1 0.264062 0.567708 0.178125 0.243750
0 0.565625 0.279167 0.334375 0.483333
1 0.745313 0.089583 0.187500 0.179167
1 0.810938 0.495833 0.178125 0.212500
1 0.630469 0.571875 0.160938 0.197917
1 0.360938 0.108333 0.153125 0.204167
1 0.111719 0.823958 0.176563 0.231250
1 0.943750 0.688542 0.112500 0.222917
1 0.452344 0.576042 0.192188 0.222917
1 0.120313 0.033333 0.175000 0.066667
1 0.283594 0.933333 0.157813 0.133333
1 0.025000 0.553125 0.050000 0.202083
1 0.177344 0.088542 0.179688 0.177083
1 0.603125 0.962500 0.221875 0.075000
1 0.827344 0.923958 0.201563 0.147917
1 0.032031 0.095833 0.060938 0.191667
1 0.964844 0.413542 0.070312 0.218750
1 0.913281 0.057292 0.164062 0.114583
1 0.127344 0.431250 0.160938 0.233333
1 0.656250 0.806250 0.165625 0.233333
1 0.289062 0.840625 0.143750 0.214583
1 0.178906 0.307292 0.192188 0.231250
1 0.264062 0.567708 0.178125 0.243750
0 0.565625 0.279167 0.334375 0.483333
1 0.745313 0.089583 0.187500 0.179167
1 0.810938 0.495833 0.178125 0.212500
1 0.630469 0.571875 0.160938 0.197917
1 0.360938 0.108333 0.153125 0.204167
1 0.111719 0.823958 0.176563 0.231250
1 0.943750 0.688542 0.112500 0.222917
1 0.452344 0.576042 0.192188 0.222917
1 0.120313 0.033333 0.175000 0.066667
1 0.283594 0.933333 0.157813 0.133333
1 0.025000 0.553125 0.050000 0.202083
1 0.177344 0.088542 0.179688 0.177083
1 0.603125 0.962500 0.221875 0.075000
1 0.827344 0.923958 0.201563 0.147917
1 0.032031 0.095833 0.060938 0.191667
1 0.964844 0.413542 0.070312 0.218750
1 0.913281 0.057292 0.164062 0.114583
1 0.127344 0.431250 0.160938 0.233333
1 0.656250 0.806250 0.165625 0.233333
1 0.289062 0.840625 0.143750 0.214583
1 0.178906 0.307292 0.192188 0.231250
1 0.264062 0.567708 0.178125 0.243750
0 0.565625 0.279167 0.334375 0.483333
1 0.745313 0.089583 0.187500 0.179167
1 0.810938 0.495833 0.178125 0.212500
1 0.630469 0.571875 0.160938 0.197917
1 0.360938 0.108333 0.153125 0.204167
1 0.111719 0.823958 0.176563 0.231250
1 0.943750 0.688542 0.112500 0.222917
1 0.452344 0.576042 0.192188 0.222917
1 0.120313 0.033333 0.175000 0.066667
1 0.283594 0.933333 0.157813 0.133333
1 0.025000 0.553125 0.050000 0.202083
1 0.177344 0.088542 0.179688 0.177083
1 0.603125 0.962500 0.221875 0.075000
1 0.827344 0.923958 0.201563 0.147917
1 0.032031 0.095833 0.060938 0.191667
1 0.964844 0.413542 0.070312 0.218750
1 0.913281 0.057292 0.164062 0.114583
1 0.127344 0.431250 0.160938 0.233333
1 0.656250 0.806250 0.165625 0.233333
1 0.289062 0.840625 0.143750 0.214583
1 0.178906 0.307292 0.192188 0.231250
1 0.264062 0.567708 0.178125 0.243750
0 0.565625 0.279167 0.334375 0.483333
1 0.745313 0.089583 0.187500 0.179167
1 0.810938 0.495833 0.178125 0.212500
1 0.630469 0.571875 0.160938 0.197917
1 0.360938 0.108333 0.153125 0.204167
1 0.111719 0.823958 0.176563 0.231250
1 0.943750 0.688542 0.112500 0.222917
1 0.452344 0.576042 0.192188 0.222917
1 0.120313 0.033333 0.175000 0.066667
1 0.283594 0.933333 0.157813 0.133333
1 0.025000 0.553125 0.050000 0.202083
1 0.177344 0.088542 0.179688 0.177083
1 0.603125 0.962500 0.221875 0.075000
1 0.827344 0.923958 0.201563 0.147917
1 0.032031 0.095833 0.060938 0.191667
1 0.964844 0.413542 0.070312 0.218750
1 0.913281 0.057292 0.164062 0.114583
1 0.127344 0.431250 0.160938 0.233333
1 0.656250 0.806250 0.165625 0.233333
1 0.289062 0.840625 0.143750 0.214583
1 0.178906 0.307292 0.192188 0.231250
1 0.264062 0.567708 0.178125 0.243750
0 0.565625 0.279167 0.334375 0.483333
1 0.745313 0.089583 0.187500 0.179167
1 0.810938 0.495833 0.178125 0.212500
1 0.630469 0.571875 0.160938 0.197917
1 0.360938 0.108333 0.153125 0.204167
1 0.111719 0.823958 0.176563 0.231250
1 0.943750 0.688542 0.112500 0.222917
1 0.452344 0.576042 0.192188 0.222917
1 0.120313 0.033333 0.175000 0.066667
1 0.283594 0.933333 0.157813 0.133333
1 0.025000 0.553125 0.050000 0.202083
1 0.177344 0.088542 0.179688 0.177083
1 0.603125 0.962500 0.221875 0.075000
1 0.827344 0.923958 0.201563 0.147917
1 0.032031 0.095833 0.060938 0.191667
1 0.964844 0.413542 0.070312 0.218750
1 0.913281 0.057292 0.164062 0.114583
1 0.127344 0.431250 0.160938 0.233333
1 0.656250 0.806250 0.165625 0.233333
1 0.289062 0.840625 0.143750 0.214583
1 0.178906 0.307292 0.192188 0.231250
1 0.264062 0.567708 0.178125 0.243750
0 0.565625 0.279167 0.334375 0.483333
1 0.745313 0.089583 0.187500 0.179167
1 0.810938 0.495833 0.178125 0.212500
1 0.630469 0.571875 0.160938 0.197917
1 0.360938 0.108333 0.153125 0.204167
1 0.111719 0.823958 0.176563 0.231250
1 0.943750 0.688542 0.112500 0.222917
1 0.452344 0.576042 0.192188 0.222917
1 0.120313 0.033333 0.175000 0.066667
1 0.283594 0.933333 0.157813 0.133333
1 0.025000 0.553125 0.050000 0.202083
1 0.177344 0.088542 0.179688 0.177083
1 0.603125 0.962500 0.221875 0.075000
1 0.827344 0.923958 0.201563 0.147917
1 0.032031 0.095833 0.060938 0.191667
1 0.964844 0.413542 0.070312 0.218750
1 0.913281 0.057292 0.164062 0.114583
1 0.127344 0.431250 0.160938 0.233333
1 0.656250 0.806250 0.165625 0.233333
1 0.289062 0.840625 0.143750 0.214583
1 0.178906 0.307292 0.192188 0.231250
1 0.264062 0.567708 0.178125 0.243750
0 0.565625 0.279167 0.334375 0.483333
1 0.745313 0.089583 0.187500 0.179167
1 0.810938 0.495833 0.178125 0.212500
1 0.630469 0.571875 0.160938 0.197917
1 0.360938 0.108333 0.153125 0.204167
1 0.111719 0.823958 0.176563 0.231250
1 0.943750 0.688542 0.112500 0.222917
1 0.452344 0.576042 0.192188 0.222917
1 0.120313 0.033333 0.175000 0.066667
1 0.283594 0.933333 0.157813 0.133333
1 0.025000 0.553125 0.050000 0.202083
1 0.177344 0.088542 0.179688 0.177083
1 0.603125 0.962500 0.221875 0.075000
1 0.827344 0.923958 0.201563 0.147917
1 0.032031 0.095833 0.060938 0.191667
1 0.964844 0.413542 0.070312 0.218750
1 0.913281 0.057292 0.164062 0.114583
1 0.127344 0.431250 0.160938 0.233333
1 0.656250 0.806250 0.165625 0.233333
1 0.289062 0.840625 0.143750 0.214583
1 0.178906 0.307292 0.192188 0.231250
1 0.264062 0.567708 0.178125 0.243750
0 0.565625 0.279167 0.334375 0.483333
1 0.745313 0.089583 0.187500 0.179167
1 0.810938 0.495833 0.178125 0.212500
1 0.630469 0.571875 0.160938 0.197917
1 0.360938 0.108333 0.153125 0.204167
1 0.111719 0.823958 0.176563 0.231250
1 0.943750 0.688542 0.112500 0.222917
1 0.452344 0.576042 0.192188 0.222917
1 0.120313 0.033333 0.175000 0.066667
1 0.283594 0.933333 0.157813 0.133333
1 0.025000 0.553125 0.050000 0.202083
1 0.177344 0.088542 0.179688 0.177083
1 0.603125 0.962500 0.221875 0.075000
1 0.827344 0.923958 0.201563 0.147917
1 0.032031 0.095833 0.060938 0.191667
1 0.964844 0.413542 0.070312 0.218750
1 0.913281 0.057292 0.164062 0.114583
1 0.127344 0.431250 0.160938 0.233333
1 0.656250 0.806250 0.165625 0.233333
1 0.289062 0.840625 0.143750 0.214583
1 0.178906 0.307292 0.192188 0.231250
1 0.264062 0.567708 0.178125 0.243750
0 0.565625 0.279167 0.334375 0.483333
1 0.745313 0.089583 0.187500 0.179167
1 0.810938 0.495833 0.178125 0.212500
1 0.630469 0.571875 0.160938 0.197917
1 0.360938 0.108333 0.153125 0.204167
1 0.111719 0.823958 0.176563 0.231250
1 0.943750 0.688542 0.112500 0.222917
1 0.452344 0.576042 0.192188 0.222917
1 0.120313 0.033333 0.175000 0.066667
1 0.283594 0.933333 0.157813 0.133333
1 0.025000 0.553125 0.050000 0.202083
1 0.177344 0.088542 0.179688 0.177083
1 0.603125 0.962500 0.221875 0.075000
1 0.827344 0.923958 0.201563 0.147917
1 0.032031 0.095833 0.060938 0.191667
1 0.964844 0.413542 0.070312 0.218750
1 0.913281 0.057292 0.164062 0.114583
1 0.127344 0.431250 0.160938 0.233333
1 0.656250 0.806250 0.165625 0.233333
1 0.289062 0.840625 0.143750 0.214583
1 0.178906 0.307292 0.192188 0.231250
1 0.264062 0.567708 0.178125 0.243750
0 0.565625 0.279167 0.334375 0.483333
1 0.745313 0.089583 0.187500 0.179167
1 0.810938 0.495833 0.178125 0.212500
1 0.630469 0.571875 0.160938 0.197917
1 0.360938 0.108333 0.153125 0.204167
1 0.111719 0.823958 0.176563 0.231250
1 0.943750 0.688542 0.112500 0.222917
1 0.452344 0.576042 0.192188 0.222917
1 0.120313 0.033333 0.175000 0.066667
1 0.283594 0.933333 0.157813 0.133333
1 0.025000 0.553125 0.050000 0.202083
1 0.177344 0.088542 0.179688 0.177083
1 0.603125 0.962500 0.221875 0.075000
1 0.827344 0.923958 0.201563 0.147917
1 0.032031 0.095833 0.060938 0.191667
1 0.964844 0.413542 0.070312 0.218750
1 0.913281 0.057292 0.164062 0.114583
1 0.127344 0.431250 0.160938 0.233333
1 0.656250 0.806250 0.165625 0.233333
1 0.289062 0.840625 0.143750 0.214583
1 0.178906 0.307292 0.192188 0.231250
1 0.264062 0.567708 0.178125 0.243750
0 0.565625 0.279167 0.334375 0.483333
1 0.745313 0.089583 0.187500 0.179167
1 0.810938 0.495833 0.178125 0.212500
1 0.630469 0.571875 0.160938 0.197917
1 0.360938 0.108333 0.153125 0.204167
1 0.111719 0.823958 0.176563 0.231250
1 0.943750 0.688542 0.112500 0.222917
1 0.452344 0.576042 0.192188 0.222917
1 0.120313 0.033333 0.175000 0.066667
1 0.283594 0.933333 0.157813 0.133333
1 0.025000 0.553125 0.050000 0.202083
1 0.177344 0.088542 0.179688 0.177083
1 0.603125 0.962500 0.221875 0.075000
1 0.827344 0.923958 0.201563 0.147917
1 0.032031 0.095833 0.060938 0.191667
1 0.964844 0.413542 0.070312 0.218750
1 0.913281 0.057292 0.164062 0.114583
1 0.127344 0.431250 0.160938 0.233333
1 0.656250 0.806250 0.165625 0.233333
1 0.289062 0.840625 0.143750 0.214583
1 0.178906 0.307292 0.192188 0.231250
1 0.264062 0.567708 0.178125 0.243750
0 0.565625 0.279167 0.334375 0.483333
1 0.745313 0.089583 0.187500 0.179167
1 0.810938 0.495833 0.178125 0.212500
1 0.630469 0.571875 0.160938 0.197917
1 0.360938 0.108333 0.153125 0.204167
1 0.111719 0.823958 0.176563 0.231250
1 0.943750 0.688542 0.112500 0.222917
1 0.452344 0.576042 0.192188 0.222917
1 0.120313 0.033333 0.175000 0.066667
1 0.283594 0.933333 0.157813 0.133333
1 0.025000 0.553125 0.050000 0.202083
1 0.177344 0.088542 0.179688 0.177083
1 0.603125 0.962500 0.221875 0.075000
1 0.827344 0.923958 0.201563 0.147917
1 0.032031 0.095833 0.060938 0.191667
1 0.964844 0.413542 0.070312 0.218750
1 0.913281 0.057292 0.164062 0.114583
1 0.127344 0.431250 0.160938 0.233333
1 0.656250 0.806250 0.165625 0.233333
1 0.289062 0.840625 0.143750 0.214583
1 0.178906 0.307292 0.192188 0.231250
1 0.264062 0.567708 0.178125 0.243750
0 0.565625 0.279167 0.334375 0.483333
1 0.745313 0.089583 0.187500 0.179167
1 0.810938 0.495833 0.178125 0.212500
1 0.630469 0.571875 0.160938 0.197917
1 0.360938 0.108333 0.153125 0.204167
1 0.111719 0.823958 0.176563 0.231250
1 0.943750 0.688542 0.112500 0.222917
1 0.452344 0.576042 0.192188 0.222917
1 0.120313 0.033333 0.175000 0.066667
1 0.283594 0.933333 0.157813 0.133333
1 0.025000 0.553125 0.050000 0.202083
1 0.177344 0.088542 0.179688 0.177083
1 0.603125 0.962500 0.221875 0.075000
1 0.827344 0.923958 0.201563 0.147917
1 0.032031 0.095833 0.060938 0.191667
1 0.964844 0.413542 0.070312 0.218750
1 0.913281 0.057292 0.164062 0.114583
1 0.127344 0.431250 0.160938 0.233333
1 0.656250 0.806250 0.165625 0.233333
1 0.289062 0.840625 0.143750 0.214583
1 0.178906 0.307292 0.192188 0.231250
1 0.264062 0.567708 0.178125 0.243750
0 0.565625 0.279167 0.334375 0.483333
1 0.745313 0.089583 0.187500 0.179167
1 0.810938 0.495833 0.178125 0.212500
1 0.630469 0.571875 0.160938 0.197917
1 0.360938 0.108333 0.153125 0.204167
1 0.111719 0.823958 0.176563 0.231250
1 0.943750 0.688542 0.112500 0.222917
1 0.452344 0.576042 0.192188 0.222917
1 0.120313 0.033333 0.175000 0.066667
1 0.283594 0.933333 0.157813 0.133333
1 0.025000 0.553125 0.050000 0.202083
1 0.177344 0.088542 0.179688 0.177083
1 0.603125 0.962500 0.221875 0.075000
1 0.827344 0.923958 0.201563 0.147917
1 0.032031 0.095833 0.060938 0.191667
1 0.964844 0.413542 0.070312 0.218750
1 0.913281 0.057292 0.164062 0.114583
1 0.127344 0.431250 0.160938 0.233333
1 0.656250 0.806250 0.165625 0.233333
1 0.289062 0.840625 0.143750 0.214583
1 0.178906 0.307292 0.192188 0.231250
1 0.264062 0.567708 0.178125 0.243750
0 0.565625 0.279167 0.334375 0.483333
1 0.745313 0.089583 0.187500 0.179167
1 0.810938 0.495833 0.178125 0.212500
1 0.630469 0.571875 0.160938 0.197917
1 0.360938 0.108333 0.153125 0.204167
1 0.111719 0.823958 0.176563 0.231250
1 0.943750 0.688542 0.112500 0.222917
1 0.452344 0.576042 0.192188 0.222917
1 0.120313 0.033333 0.175000 0.066667
1 0.283594 0.933333 0.157813 0.133333
1 0.025000 0.553125 0.050000 0.202083
1 0.177344 0.088542 0.179688 0.177083
1 0.603125 0.962500 0.221875 0.075000
1 0.827344 0.923958 0.201563 0.147917
1 0.032031 0.095833 0.060938 0.191667
1 0.964844 0.413542 0.070312 0.218750
1 0.913281 0.057292 0.164062 0.114583
1 0.127344 0.431250 0.160938 0.233333
1 0.656250 0.806250 0.165625 0.233333
1 0.289062 0.840625 0.143750 0.214583
1 0.178906 0.307292 0.192188 0.231250
1 0.264062 0.567708 0.178125 0.243750
0 0.565625 0.279167 0.334375 0.483333
1 0.745313 0.089583 0.187500 0.179167
1 0.810938 0.495833 0.178125 0.212500
1 0.630469 0.571875 0.160938 0.197917
1 0.360938 0.108333 0.153125 0.204167
1 0.111719 0.823958 0.176563 0.231250
1 0.943750 0.688542 0.112500 0.222917
1 0.452344 0.576042 0.192188 0.222917
1 0.120313 0.033333 0.175000 0.066667
1 0.283594 0.933333 0.157813 0.133333
1 0.025000 0.553125 0.050000 0.202083
1 0.177344 0.088542 0.179688 0.177083
1 0.603125 0.962500 0.221875 0.075000
1 0.827344 0.923958 0.201563 0.147917
1 0.032031 0.095833 0.060938 0.191667
1 0.964844 0.413542 0.070312 0.218750
1 0.913281 0.057292 0.164062 0.114583
1 0.127344 0.431250 0.160938 0.233333
1 0.656250 0.806250 0.165625 0.233333
1 0.289062 0.840625 0.143750 0.214583
1 0.178906 0.307292 0.192188 0.231250
1 0.264062 0.567708 0.178125 0.243750
0 0.565625 0.279167 0.334375 0.483333
1 0.745313 0.089583 0.187500 0.179167
1 0.810938 0.495833 0.178125 0.212500
1 0.630469 0.571875 0.160938 0.197917
1 0.360938 0.108333 0.153125 0.204167
1 0.111719 0.823958 0.176563 0.231250
1 0.943750 0.688542 0.112500 0.222917
1 0.452344 0.576042 0.192188 0.222917
1 0.120313 0.033333 0.175000 0.066667
1 0.283594 0.933333 0.157813 0.133333
1 0.025000 0.553125 0.050000 0.202083
1 0.177344 0.088542 0.179688 0.177083
1 0.603125 0.962500 0.221875 0.075000
1 0.827344 0.923958 0.201563 0.147917
1 0.032031 0.095833 0.060938 0.191667
1 0.964844 0.413542 0.070312 0.218750
1 0.913281 0.057292 0.164062 0.114583
1 0.127344 0.431250 0.160938 0.233333
1 0.656250 0.806250 0.165625 0.233333
1 0.289062 0.840625 0.143750 0.214583
1 0.178906 0.307292 0.192188 0.231250
1 0.264062 0.567708 0.178125 0.243750
0 0.565625 0.279167 0.334375 0.483333
1 0.745313 0.089583 0.187500 0.179167
1 0.810938 0.495833 0.178125 0.212500
1 0.630469 0.571875 0.160938 0.197917
1 0.360938 0.108333 0.153125 0.204167
1 0.111719 0.823958 0.176563 0.231250
1 0.943750 0.688542 0.112500 0.222917
1 0.452344 0.576042 0.192188 0.222917
1 0.120313 0.033333 0.175000 0.066667
1 0.283594 0.933333 0.157813 0.133333
1 0.025000 0.553125 0.050000 0.202083
1 0.177344 0.088542 0.179688 0.177083
1 0.603125 0.962500 0.221875 0.075000
1 0.827344 0.923958 0.201563 0.147917
1 0.032031 0.095833 0.060938 0.191667
1 0.964844 0.413542 0.070312 0.218750
1 0.913281 0.057292 0.164062 0.114583
1 0.127344 0.431250 0.160938 0.233333
1 0.656250 0.806250 0.165625 0.233333
1 0.289062 0.840625 0.143750 0.214583
1 0.178906 0.307292 0.192188 0.231250
1 0.264062 0.567708 0.178125 0.243750
0 0.565625 0.279167 0.334375 0.483333
1 0.745313 0.089583 0.187500 0.179167
1 0.810938 0.495833 0.178125 0.212500
1 0.630469 0.571875 0.160938 0.197917
1 0.360938 0.108333 0.153125 0.204167
1 0.111719 0.823958 0.176563 0.231250
1 0.943750 0.688542 0.112500 0.222917
1 0.452344 0.576042 0.192188 0.222917
1 0.120313 0.033333 0.175000 0.066667
1 0.283594 0.933333 0.157813 0.133333
1 0.025000 0.553125 0.050000 0.202083
1 0.177344 0.088542 0.179688 0.177083
1 0.603125 0.962500 0.221875 0.075000
1 0.827344 0.923958 0.201563 0.147917
1 0.032031 0.095833 0.060938 0.191667
1 0.964844 0.413542 0.070312 0.218750
1 0.913281 0.057292 0.164062 0.114583
1 0.127344 0.431250 0.160938 0.233333
1 0.656250 0.806250 0.165625 0.233333
1 0.289062 0.840625 0.143750 0.214583
1 0.178906 0.307292 0.192188 0.231250
1 0.264062 0.567708 0.178125 0.243750
0 0.565625 0.279167 0.334375 0.483333
1 0.745313 0.089583 0.187500 0.179167
1 0.810938 0.495833 0.178125 0.212500
1 0.630469 0.571875 0.160938 0.197917
1 0.360938 0.108333 0.153125 0.204167
1 0.111719 0.823958 0.176563 0.231250
1 0.943750 0.688542 0.112500 0.222917
1 0.452344 0.576042 0.192188 0.222917
1 0.120313 0.033333 0.175000 0.066667
1 0.283594 0.933333 0.157813 0.133333
1 0.025000 0.553125 0.050000 0.202083
1 0.177344 0.088542 0.179688 0.177083
1 0.603125 0.962500 0.221875 0.075000
1 0.827344 0.923958 0.201563 0.147917
1 0.032031 0.095833 0.060938 0.191667
1 0.964844 0.413542 0.070312 0.218750
1 0.913281 0.057292 0.164062 0.114583
1 0.127344 0.431250 0.160938 0.233333
1 0.656250 0.806250 0.165625 0.233333
1 0.289062 0.840625 0.143750 0.214583
1 0.178906 0.307292 0.192188 0.231250
1 0.264062 0.567708 0.178125 0.243750
0 0.565625 0.279167 0.334375 0.483333
1 0.745313 0.089583 0.187500 0.179167
1 0.810938 0.495833 0.178125 0.212500
1 0.630469 0.571875 0.160938 0.197917
1 0.360938 0.108333 0.153125 0.204167
1 0.111719 0.823958 0.176563 0.231250
1 0.943750 0.688542 0.112500 0.222917
1 0.452344 0.576042 0.192188 0.222917
