1 0.843750 0.047917 0.193750 0.091667
1 0.042969 0.355208 0.085938 0.185417
1 0.973437 0.579167 0.053125 0.216667
1 0.639063 0.720833 0.150000 0.212500
1 0.078125 0.154167 0.150000 0.225000
1 0.904688 0.071875 0.162500 0.139583
1 0.764063 0.556250 0.162500 0.200000
1 0.042969 0.534375 0.085938 0.172917
1 0.975781 0.281250 0.048438 0.208333
1 0.697656 0.909375 0.179688 0.181250
2 0.215625 0.069792 0.059375 0.077083
1 0.285938 0.939583 0.184375 0.120833
1 0.103125 0.421875 0.159375 0.189583
1 0.599219 0.911458 0.167187 0.177083
1 0.671094 0.072917 0.185938 0.145833
1 0.110937 0.912500 0.156250 0.175000
1 0.381250 0.463542 0.206250 0.264583
0 0.575781 0.348958 0.332813 0.335417
1 0.465625 0.088542 0.175000 0.172917
1 0.228906 0.689583 0.160938 0.208333
1 0.308594 0.111458 0.170313 0.222917
1 0.843750 0.047917 0.193750 0.091667
1 0.042969 0.355208 0.085938 0.185417
1 0.973437 0.579167 0.053125 0.216667
1 0.639063 0.720833 0.150000 0.212500
1 0.078125 0.154167 0.150000 0.225000
1 0.904688 0.071875 0.162500 0.139583
1 0.764063 0.556250 0.162500 0.200000
1 0.042969 0.534375 0.085938 0.172917
1 0.975781 0.281250 0.048438 0.208333
1 0.697656 0.909375 0.179688 0.181250
2 0.215625 0.069792 0.059375 0.077083
1 0.285938 0.939583 0.184375 0.120833
1 0.103125 0.421875 0.159375 0.189583
1 0.599219 0.911458 0.167187 0.177083
1 0.671094 0.072917 0.185938 0.145833
1 0.110937 0.912500 0.156250 0.175000
1 0.381250 0.463542 0.206250 0.264583
0 0.575781 0.348958 0.332813 0.335417
1 0.465625 0.088542 0.175000 0.172917
1 0.228906 0.689583 0.160938 0.208333
1 0.308594 0.111458 0.170313 0.222917
1 0.843750 0.047917 0.193750 0.091667
1 0.042969 0.355208 0.085938 0.185417
1 0.973437 0.579167 0.053125 0.216667
1 0.639063 0.720833 0.150000 0.212500
1 0.078125 0.154167 0.150000 0.225000
1 0.904688 0.071875 0.162500 0.139583
1 0.764063 0.556250 0.162500 0.200000
1 0.042969 0.534375 0.085938 0.172917
1 0.975781 0.281250 0.048438 0.208333
1 0.697656 0.909375 0.179688 0.181250
2 0.215625 0.069792 0.059375 0.077083
1 0.285938 0.939583 0.184375 0.120833
1 0.103125 0.421875 0.159375 0.189583
1 0.599219 0.911458 0.167187 0.177083
1 0.671094 0.072917 0.185938 0.145833
1 0.110937 0.912500 0.156250 0.175000
1 0.381250 0.463542 0.206250 0.264583
0 0.575781 0.348958 0.332813 0.335417
1 0.465625 0.088542 0.175000 0.172917
1 0.228906 0.689583 0.160938 0.208333
1 0.308594 0.111458 0.170313 0.222917
1 0.843750 0.047917 0.193750 0.091667
1 0.042969 0.355208 0.085938 0.185417
1 0.973437 0.579167 0.053125 0.216667
1 0.639063 0.720833 0.150000 0.212500
1 0.078125 0.154167 0.150000 0.225000
1 0.904688 0.071875 0.162500 0.139583
1 0.764063 0.556250 0.162500 0.200000
1 0.042969 0.534375 0.085938 0.172917
1 0.975781 0.281250 0.048438 0.208333
1 0.697656 0.909375 0.179688 0.181250
2 0.215625 0.069792 0.059375 0.077083
1 0.285938 0.939583 0.184375 0.120833
1 0.103125 0.421875 0.159375 0.189583
1 0.599219 0.911458 0.167187 0.177083
1 0.671094 0.072917 0.185938 0.145833
1 0.110937 0.912500 0.156250 0.175000
1 0.381250 0.463542 0.206250 0.264583
0 0.575781 0.348958 0.332813 0.335417
1 0.465625 0.088542 0.175000 0.172917
1 0.228906 0.689583 0.160938 0.208333
1 0.308594 0.111458 0.170313 0.222917
1 0.843750 0.047917 0.193750 0.091667
1 0.042969 0.355208 0.085938 0.185417
1 0.973437 0.579167 0.053125 0.216667
1 0.639063 0.720833 0.150000 0.212500
1 0.078125 0.154167 0.150000 0.225000
1 0.904688 0.071875 0.162500 0.139583
1 0.764063 0.556250 0.162500 0.200000
1 0.042969 0.534375 0.085938 0.172917
1 0.975781 0.281250 0.048438 0.208333
1 0.697656 0.909375 0.179688 0.181250
2 0.215625 0.069792 0.059375 0.077083
1 0.285938 0.939583 0.184375 0.120833
1 0.103125 0.421875 0.159375 0.189583
1 0.599219 0.911458 0.167187 0.177083
1 0.671094 0.072917 0.185938 0.145833
1 0.110937 0.912500 0.156250 0.175000
1 0.381250 0.463542 0.206250 0.264583
0 0.575781 0.348958 0.332813 0.335417
1 0.465625 0.088542 0.175000 0.172917
1 0.228906 0.689583 0.160938 0.208333
1 0.308594 0.111458 0.170313 0.222917
1 0.843750 0.047917 0.193750 0.091667
1 0.042969 0.355208 0.085938 0.185417
1 0.973437 0.579167 0.053125 0.216667
1 0.639063 0.720833 0.150000 0.212500
1 0.078125 0.154167 0.150000 0.225000
1 0.904688 0.071875 0.162500 0.139583
1 0.764063 0.556250 0.162500 0.200000
1 0.042969 0.534375 0.085938 0.172917
1 0.975781 0.281250 0.048438 0.208333
1 0.697656 0.909375 0.179688 0.181250
2 0.215625 0.069792 0.059375 0.077083
1 0.285938 0.939583 0.184375 0.120833
1 0.103125 0.421875 0.159375 0.189583
1 0.599219 0.911458 0.167187 0.177083
1 0.671094 0.072917 0.185938 0.145833
1 0.110937 0.912500 0.156250 0.175000
1 0.381250 0.463542 0.206250 0.264583
0 0.575781 0.348958 0.332813 0.335417
1 0.465625 0.088542 0.175000 0.172917
1 0.228906 0.689583 0.160938 0.208333
1 0.308594 0.111458 0.170313 0.222917
1 0.843750 0.047917 0.193750 0.091667
1 0.042969 0.355208 0.085938 0.185417
1 0.973437 0.579167 0.053125 0.216667
1 0.639063 0.720833 0.150000 0.212500
1 0.078125 0.154167 0.150000 0.225000
1 0.904688 0.071875 0.162500 0.139583
1 0.764063 0.556250 0.162500 0.200000
1 0.042969 0.534375 0.085938 0.172917
1 0.975781 0.281250 0.048438 0.208333
1 0.697656 0.909375 0.179688 0.181250
2 0.215625 0.069792 0.059375 0.077083
1 0.285938 0.939583 0.184375 0.120833
1 0.103125 0.421875 0.159375 0.189583
1 0.599219 0.911458 0.167187 0.177083
1 0.671094 0.072917 0.185938 0.145833
1 0.110937 0.912500 0.156250 0.175000
1 0.381250 0.463542 0.206250 0.264583
0 0.575781 0.348958 0.332813 0.335417
1 0.465625 0.088542 0.175000 0.172917
1 0.228906 0.689583 0.160938 0.208333
1 0.308594 0.111458 0.170313 0.222917
1 0.843750 0.047917 0.193750 0.091667
1 0.042969 0.355208 0.085938 0.185417
1 0.973437 0.579167 0.053125 0.216667
1 0.639063 0.720833 0.150000 0.212500
1 0.078125 0.154167 0.150000 0.225000
1 0.904688 0.071875 0.162500 0.139583
1 0.764063 0.556250 0.162500 0.200000
1 0.042969 0.534375 0.085938 0.172917
1 0.975781 0.281250 0.048438 0.208333
1 0.697656 0.909375 0.179688 0.181250
2 0.215625 0.069792 0.059375 0.077083
1 0.285938 0.939583 0.184375 0.120833
1 0.103125 0.421875 0.159375 0.189583
1 0.599219 0.911458 0.167187 0.177083
1 0.671094 0.072917 0.185938 0.145833
1 0.110937 0.912500 0.156250 0.175000
1 0.381250 0.463542 0.206250 0.264583
0 0.575781 0.348958 0.332813 0.335417
1 0.465625 0.088542 0.175000 0.172917
1 0.228906 0.689583 0.160938 0.208333
1 0.308594 0.111458 0.170313 0.222917
1 0.843750 0.047917 0.193750 0.091667
1 0.042969 0.355208 0.085938 0.185417
1 0.973437 0.579167 0.053125 0.216667
1 0.639063 0.720833 0.150000 0.212500
1 0.078125 0.154167 0.150000 0.225000
1 0.904688 0.071875 0.162500 0.139583
1 0.764063 0.556250 0.162500 0.200000
1 0.042969 0.534375 0.085938 0.172917
1 0.975781 0.281250 0.048438 0.208333
1 0.697656 0.909375 0.179688 0.181250
2 0.215625 0.069792 0.059375 0.077083
1 0.285938 0.939583 0.184375 0.120833
1 0.103125 0.421875 0.159375 0.189583
1 0.599219 0.911458 0.167187 0.177083
1 0.671094 0.072917 0.185938 0.145833
1 0.110937 0.912500 0.156250 0.175000
1 0.381250 0.463542 0.206250 0.264583
0 0.575781 0.348958 0.332813 0.335417
1 0.465625 0.088542 0.175000 0.172917
1 0.228906 0.689583 0.160938 0.208333
1 0.308594 0.111458 0.170313 0.222917
1 0.843750 0.047917 0.193750 0.091667
1 0.042969 0.355208 0.085938 0.185417
1 0.973437 0.579167 0.053125 0.216667
1 0.639063 0.720833 0.150000 0.212500
1 0.078125 0.154167 0.150000 0.225000
1 0.904688 0.071875 0.162500 0.139583
1 0.764063 0.556250 0.162500 0.200000
1 0.042969 0.534375 0.085938 0.172917
1 0.975781 0.281250 0.048438 0.208333
1 0.697656 0.909375 0.179688 0.181250
2 0.215625 0.069792 0.059375 0.077083
1 0.285938 0.939583 0.184375 0.120833
1 0.103125 0.421875 0.159375 0.189583
1 0.599219 0.911458 0.167187 0.177083
1 0.671094 0.072917 0.185938 0.145833
1 0.110937 0.912500 0.156250 0.175000
1 0.381250 0.463542 0.206250 0.264583
0 0.575781 0.348958 0.332813 0.335417
1 0.465625 0.088542 0.175000 0.172917
1 0.228906 0.689583 0.160938 0.208333
1 0.308594 0.111458 0.170313 0.222917
1 0.843750 0.047917 0.193750 0.091667
1 0.042969 0.355208 0.085938 0.185417
1 0.973437 0.579167 0.053125 0.216667
1 0.639063 0.720833 0.150000 0.212500
1 0.078125 0.154167 0.150000 0.225000
1 0.904688 0.071875 0.162500 0.139583
1 0.764063 0.556250 0.162500 0.200000
1 0.042969 0.534375 0.085938 0.172917
1 0.975781 0.281250 0.048438 0.208333
1 0.697656 0.909375 0.179688 0.181250
2 0.215625 0.069792 0.059375 0.077083
1 0.285938 0.939583 0.184375 0.120833
1 0.103125 0.421875 0.159375 0.189583
1 0.599219 0.911458 0.167187 0.177083
1 0.671094 0.072917 0.185938 0.145833
1 0.110937 0.912500 0.156250 0.175000
1 0.381250 0.463542 0.206250 0.264583
0 0.575781 0.348958 0.332813 0.335417
1 0.465625 0.088542 0.175000 0.172917
1 0.228906 0.689583 0.160938 0.208333
1 0.308594 0.111458 0.170313 0.222917
1 0.843750 0.047917 0.193750 0.091667
1 0.042969 0.355208 0.085938 0.185417
1 0.973437 0.579167 0.053125 0.216667
1 0.639063 0.720833 0.150000 0.212500
1 0.078125 0.154167 0.150000 0.225000
1 0.904688 0.071875 0.162500 0.139583
1 0.764063 0.556250 0.162500 0.200000
1 0.042969 0.534375 0.085938 0.172917
1 0.975781 0.281250 0.048438 0.208333
1 0.697656 0.909375 0.179688 0.181250
2 0.215625 0.069792 0.059375 0.077083
1 0.285938 0.939583 0.184375 0.120833
1 0.103125 0.421875 0.159375 0.189583
1 0.599219 0.911458 0.167187 0.177083
1 0.671094 0.072917 0.185938 0.145833
1 0.110937 0.912500 0.156250 0.175000
1 0.381250 0.463542 0.206250 0.264583
0 0.575781 0.348958 0.332813 0.335417
1 0.465625 0.088542 0.175000 0.172917
1 0.228906 0.689583 0.160938 0.208333
1 0.308594 0.111458 0.170313 0.222917
1 0.843750 0.047917 0.193750 0.091667
1 0.042969 0.355208 0.085938 0.185417
1 0.973437 0.579167 0.053125 0.216667
1 0.639063 0.720833 0.150000 0.212500
1 0.078125 0.154167 0.150000 0.225000
1 0.904688 0.071875 0.162500 0.139583
1 0.764063 0.556250 0.162500 0.200000
1 0.042969 0.534375 0.085938 0.172917
1 0.975781 0.281250 0.048438 0.208333
1 0.697656 0.909375 0.179688 0.181250
2 0.215625 0.069792 0.059375 0.077083
1 0.285938 0.939583 0.184375 0.120833
1 0.103125 0.421875 0.159375 0.189583
1 0.599219 0.911458 0.167187 0.177083
1 0.671094 0.072917 0.185938 0.145833
1 0.110937 0.912500 0.156250 0.175000
1 0.381250 0.463542 0.206250 0.264583
0 0.575781 0.348958 0.332813 0.335417
1 0.465625 0.088542 0.175000 0.172917
1 0.228906 0.689583 0.160938 0.208333
1 0.308594 0.111458 0.170313 0.222917
1 0.843750 0.047917 0.193750 0.091667
1 0.042969 0.355208 0.085938 0.185417
1 0.973437 0.579167 0.053125 0.216667
1 0.639063 0.720833 0.150000 0.212500
1 0.078125 0.154167 0.150000 0.225000
1 0.904688 0.071875 0.162500 0.139583
1 0.764063 0.556250 0.162500 0.200000
1 0.042969 0.534375 0.085938 0.172917
1 0.975781 0.281250 0.048438 0.208333
1 0.697656 0.909375 0.179688 0.181250
2 0.215625 0.069792 0.059375 0.077083
1 0.285938 0.939583 0.184375 0.120833
1 0.103125 0.421875 0.159375 0.189583
1 0.599219 0.911458 0.167187 0.177083
1 0.671094 0.072917 0.185938 0.145833
1 0.110937 0.912500 0.156250 0.175000
1 0.381250 0.463542 0.206250 0.264583
0 0.575781 0.348958 0.332813 0.335417
1 0.465625 0.088542 0.175000 0.172917
1 0.228906 0.689583 0.160938 0.208333
1 0.308594 0.111458 0.170313 0.222917
1 0.843750 0.047917 0.193750 0.091667
1 0.042969 0.355208 0.085938 0.185417
1 0.973437 0.579167 0.053125 0.216667
1 0.639063 0.720833 0.150000 0.212500
1 0.078125 0.154167 0.150000 0.225000
1 0.904688 0.071875 0.162500 0.139583
1 0.764063 0.556250 0.162500 0.200000
1 0.042969 0.534375 0.085938 0.172917
1 0.975781 0.281250 0.048438 0.208333
1 0.697656 0.909375 0.179688 0.181250
2 0.215625 0.069792 0.059375 0.077083
1 0.285938 0.939583 0.184375 0.120833
1 0.103125 0.421875 0.159375 0.189583
1 0.599219 0.911458 0.167187 0.177083
1 0.671094 0.072917 0.185938 0.145833
1 0.110937 0.912500 0.156250 0.175000
1 0.381250 0.463542 0.206250 0.264583
0 0.575781 0.348958 0.332813 0.335417
1 0.465625 0.088542 0.175000 0.172917
1 0.228906 0.689583 0.160938 0.208333
1 0.308594 0.111458 0.170313 0.222917
1 0.843750 0.047917 0.193750 0.091667
1 0.042969 0.355208 0.085938 0.185417
1 0.973437 0.579167 0.053125 0.216667
1 0.639063 0.720833 0.150000 0.212500
1 0.078125 0.154167 0.150000 0.225000
1 0.904688 0.071875 0.162500 0.139583
1 0.764063 0.556250 0.162500 0.200000
1 0.042969 0.534375 0.085938 0.172917
1 0.975781 0.281250 0.048438 0.208333
1 0.697656 0.909375 0.179688 0.181250
2 0.215625 0.069792 0.059375 0.077083
1 0.285938 0.939583 0.184375 0.120833
1 0.103125 0.421875 0.159375 0.189583
1 0.599219 0.911458 0.167187 0.177083
1 0.671094 0.072917 0.185938 0.145833
1 0.110937 0.912500 0.156250 0.175000
1 0.381250 0.463542 0.206250 0.264583
0 0.575781 0.348958 0.332813 0.335417
1 0.465625 0.088542 0.175000 0.172917
1 0.228906 0.689583 0.160938 0.208333
1 0.308594 0.111458 0.170313 0.222917
1 0.843750 0.047917 0.193750 0.091667
1 0.042969 0.355208 0.085938 0.185417
1 0.973437 0.579167 0.053125 0.216667
1 0.639063 0.720833 0.150000 0.212500
1 0.078125 0.154167 0.150000 0.225000
1 0.904688 0.071875 0.162500 0.139583
1 0.764063 0.556250 0.162500 0.200000
1 0.042969 0.534375 0.085938 0.172917
1 0.975781 0.281250 0.048438 0.208333
1 0.697656 0.909375 0.179688 0.181250
2 0.215625 0.069792 0.059375 0.077083
1 0.285938 0.939583 0.184375 0.120833
1 0.103125 0.421875 0.159375 0.189583
1 0.599219 0.911458 0.167187 0.177083
1 0.671094 0.072917 0.185938 0.145833
1 0.110937 0.912500 0.156250 0.175000
1 0.381250 0.463542 0.206250 0.264583
0 0.575781 0.348958 0.332813 0.335417
1 0.465625 0.088542 0.175000 0.172917
1 0.228906 0.689583 0.160938 0.208333
1 0.308594 0.111458 0.170313 0.222917
1 0.843750 0.047917 0.193750 0.091667
1 0.042969 0.355208 0.085938 0.185417
1 0.973437 0.579167 0.053125 0.216667
1 0.639063 0.720833 0.150000 0.212500
1 0.078125 0.154167 0.150000 0.225000
1 0.904688 0.071875 0.162500 0.139583
1 0.764063 0.556250 0.162500 0.200000
1 0.042969 0.534375 0.085938 0.172917
1 0.975781 0.281250 0.048438 0.208333
1 0.697656 0.909375 0.179688 0.181250
2 0.215625 0.069792 0.059375 0.077083
1 0.285938 0.939583 0.184375 0.120833
1 0.103125 0.421875 0.159375 0.189583
1 0.599219 0.911458 0.167187 0.177083
1 0.671094 0.072917 0.185938 0.145833
1 0.110937 0.912500 0.156250 0.175000
1 0.381250 0.463542 0.206250 0.264583
0 0.575781 0.348958 0.332813 0.335417
1 0.465625 0.088542 0.175000 0.172917
1 0.228906 0.689583 0.160938 0.208333
1 0.308594 0.111458 0.170313 0.222917
1 0.843750 0.047917 0.193750 0.091667
1 0.042969 0.355208 0.085938 0.185417
1 0.973437 0.579167 0.053125 0.216667
1 0.639063 0.720833 0.150000 0.212500
1 0.078125 0.154167 0.150000 0.225000
1 0.904688 0.071875 0.162500 0.139583
1 0.764063 0.556250 0.162500 0.200000
1 0.042969 0.534375 0.085938 0.172917
1 0.975781 0.281250 0.048438 0.208333
1 0.697656 0.909375 0.179688 0.181250
2 0.215625 0.069792 0.059375 0.077083
1 0.285938 0.939583 0.184375 0.120833
1 0.103125 0.421875 0.159375 0.189583
1 0.599219 0.911458 0.167187 0.177083
1 0.671094 0.072917 0.185938 0.145833
1 0.110937 0.912500 0.156250 0.175000
1 0.381250 0.463542 0.206250 0.264583
0 0.575781 0.348958 0.332813 0.335417
1 0.465625 0.088542 0.175000 0.172917
1 0.228906 0.689583 0.160938 0.208333
1 0.308594 0.111458 0.170313 0.222917
1 0.843750 0.047917 0.193750 0.091667
1 0.042969 0.355208 0.085938 0.185417
1 0.973437 0.579167 0.053125 0.216667
1 0.639063 0.720833 0.150000 0.212500
1 0.078125 0.154167 0.150000 0.225000
1 0.904688 0.071875 0.162500 0.139583
1 0.764063 0.556250 0.162500 0.200000
1 0.042969 0.534375 0.085938 0.172917
1 0.975781 0.281250 0.048438 0.208333
1 0.697656 0.909375 0.179688 0.181250
2 0.215625 0.069792 0.059375 0.077083
1 0.285938 0.939583 0.184375 0.120833
1 0.103125 0.421875 0.159375 0.189583
1 0.599219 0.911458 0.167187 0.177083
1 0.671094 0.072917 0.185938 0.145833
1 0.110937 0.912500 0.156250 0.175000
1 0.381250 0.463542 0.206250 0.264583
0 0.575781 0.348958 0.332813 0.335417
1 0.465625 0.088542 0.175000 0.172917
1 0.228906 0.689583 0.160938 0.208333
1 0.308594 0.111458 0.170313 0.222917
1 0.843750 0.047917 0.193750 0.091667
1 0.042969 0.355208 0.085938 0.185417
1 0.973437 0.579167 0.053125 0.216667
1 0.639063 0.720833 0.150000 0.212500
1 0.078125 0.154167 0.150000 0.225000
1 0.904688 0.071875 0.162500 0.139583
1 0.764063 0.556250 0.162500 0.200000
1 0.042969 0.534375 0.085938 0.172917
1 0.975781 0.281250 0.048438 0.208333
1 0.697656 0.909375 0.179688 0.181250
2 0.215625 0.069792 0.059375 0.077083
1 0.285938 0.939583 0.184375 0.120833
1 0.103125 0.421875 0.159375 0.189583
1 0.599219 0.911458 0.167187 0.177083
1 0.671094 0.072917 0.185938 0.145833
1 0.110937 0.912500 0.156250 0.175000
1 0.381250 0.463542 0.206250 0.264583
0 0.575781 0.348958 0.332813 0.335417
1 0.465625 0.088542 0.175000 0.172917
1 0.228906 0.689583 0.160938 0.208333
1 0.308594 0.111458 0.170313 0.222917
