2 0.635156 0.440625 0.067188 0.097917
1 0.215625 0.448958 0.159375 0.210417
1 0.025781 0.086458 0.051562 0.172917
1 0.546094 0.029167 0.179688 0.058333
1 0.030469 0.351042 0.060938 0.277083
1 0.807813 0.271875 0.165625 0.181250
1 0.310937 0.943750 0.171875 0.112500
1 0.960938 0.552083 0.078125 0.241667
1 0.199219 0.079167 0.176563 0.158333
1 0.922656 0.802083 0.154688 0.229167
0 0.425000 0.216667 0.418750 0.416667
1 0.782031 0.085417 0.145313 0.170833
1 0.118750 0.493750 0.175000 0.204167
1 0.464844 0.902083 0.173438 0.191667
1 0.196875 0.773958 0.181250 0.243750
1 0.717969 0.285417 0.151562 0.216667
1 0.930469 0.093750 0.139063 0.187500
1 0.655469 0.816667 0.201563 0.229167
1 0.297656 0.653125 0.164062 0.227083
1 0.775000 0.720833 0.187500 0.254167
1 0.805469 0.481250 0.182812 0.208333
1 0.460938 0.735417 0.171875 0.208333
1 0.615625 0.589583 0.200000 0.220833
1 0.156250 0.273958 0.165625 0.218750
2 0.635156 0.440625 0.067188 0.097917
1 0.215625 0.448958 0.159375 0.210417
1 0.025781 0.086458 0.051562 0.172917
1 0.546094 0.029167 0.179688 0.058333
1 0.030469 0.351042 0.060938 0.277083
1 0.807813 0.271875 0.165625 0.181250
1 0.310937 0.943750 0.171875 0.112500
1 0.960938 0.552083 0.078125 0.241667
1 0.199219 0.079167 0.176563 0.158333
1 0.922656 0.802083 0.154688 0.229167
0 0.425000 0.216667 0.418750 0.416667
1 0.782031 0.085417 0.145313 0.170833
1 0.118750 0.493750 0.175000 0.204167
1 0.464844 0.902083 0.173438 0.191667
1 0.196875 0.773958 0.181250 0.243750
1 0.717969 0.285417 0.151562 0.216667
1 0.930469 0.093750 0.139063 0.187500
1 0.655469 0.816667 0.201563 0.229167
1 0.297656 0.653125 0.164062 0.227083
1 0.775000 0.720833 0.187500 0.254167
1 0.805469 0.481250 0.182812 0.208333
1 0.460938 0.735417 0.171875 0.208333
1 0.615625 0.589583 0.200000 0.220833
1 0.156250 0.273958 0.165625 0.218750
2 0.635156 0.440625 0.067188 0.097917
1 0.215625 0.448958 0.159375 0.210417
1 0.025781 0.086458 0.051562 0.172917
1 0.546094 0.029167 0.179688 0.058333
1 0.030469 0.351042 0.060938 0.277083
1 0.807813 0.271875 0.165625 0.181250
1 0.310937 0.943750 0.171875 0.112500
1 0.960938 0.552083 0.078125 0.241667
1 0.199219 0.079167 0.176563 0.158333
1 0.922656 0.802083 0.154688 0.229167
0 0.425000 0.216667 0.418750 0.416667
1 0.782031 0.085417 0.145313 0.170833
1 0.118750 0.493750 0.175000 0.204167
1 0.464844 0.902083 0.173438 0.191667
1 0.196875 0.773958 0.181250 0.243750
1 0.717969 0.285417 0.151562 0.216667
1 0.930469 0.093750 0.139063 0.187500
1 0.655469 0.816667 0.201563 0.229167
1 0.297656 0.653125 0.164062 0.227083
1 0.775000 0.720833 0.187500 0.254167
1 0.805469 0.481250 0.182812 0.208333
1 0.460938 0.735417 0.171875 0.208333
1 0.615625 0.589583 0.200000 0.220833
1 0.156250 0.273958 0.165625 0.218750
2 0.635156 0.440625 0.067188 0.097917
1 0.215625 0.448958 0.159375 0.210417
1 0.025781 0.086458 0.051562 0.172917
1 0.546094 0.029167 0.179688 0.058333
1 0.030469 0.351042 0.060938 0.277083
1 0.807813 0.271875 0.165625 0.181250
1 0.310937 0.943750 0.171875 0.112500
1 0.960938 0.552083 0.078125 0.241667
1 0.199219 0.079167 0.176563 0.158333
1 0.922656 0.802083 0.154688 0.229167
0 0.425000 0.216667 0.418750 0.416667
1 0.782031 0.085417 0.145313 0.170833
1 0.118750 0.493750 0.175000 0.204167
1 0.464844 0.902083 0.173438 0.191667
1 0.196875 0.773958 0.181250 0.243750
1 0.717969 0.285417 0.151562 0.216667
1 0.930469 0.093750 0.139063 0.187500
1 0.655469 0.816667 0.201563 0.229167
1 0.297656 0.653125 0.164062 0.227083
1 0.775000 0.720833 0.187500 0.254167
1 0.805469 0.481250 0.182812 0.208333
1 0.460938 0.735417 0.171875 0.208333
1 0.615625 0.589583 0.200000 0.220833
1 0.156250 0.273958 0.165625 0.218750
2 0.635156 0.440625 0.067188 0.097917
1 0.215625 0.448958 0.159375 0.210417
1 0.025781 0.086458 0.051562 0.172917
1 0.546094 0.029167 0.179688 0.058333
1 0.030469 0.351042 0.060938 0.277083
1 0.807813 0.271875 0.165625 0.181250
1 0.310937 0.943750 0.171875 0.112500
1 0.960938 0.552083 0.078125 0.241667
1 0.199219 0.079167 0.176563 0.158333
1 0.922656 0.802083 0.154688 0.229167
0 0.425000 0.216667 0.418750 0.416667
1 0.782031 0.085417 0.145313 0.170833
1 0.118750 0.493750 0.175000 0.204167
1 0.464844 0.902083 0.173438 0.191667
1 0.196875 0.773958 0.181250 0.243750
1 0.717969 0.285417 0.151562 0.216667
1 0.930469 0.093750 0.139063 0.187500
1 0.655469 0.816667 0.201563 0.229167
1 0.297656 0.653125 0.164062 0.227083
1 0.775000 0.720833 0.187500 0.254167
1 0.805469 0.481250 0.182812 0.208333
1 0.460938 0.735417 0.171875 0.208333
1 0.615625 0.589583 0.200000 0.220833
1 0.156250 0.273958 0.165625 0.218750
2 0.635156 0.440625 0.067188 0.097917
1 0.215625 0.448958 0.159375 0.210417
1 0.025781 0.086458 0.051562 0.172917
1 0.546094 0.029167 0.179688 0.058333
1 0.030469 0.351042 0.060938 0.277083
1 0.807813 0.271875 0.165625 0.181250
1 0.310937 0.943750 0.171875 0.112500
1 0.960938 0.552083 0.078125 0.241667
1 0.199219 0.079167 0.176563 0.158333
1 0.922656 0.802083 0.154688 0.229167
0 0.425000 0.216667 0.418750 0.416667
1 0.782031 0.085417 0.145313 0.170833
1 0.118750 0.493750 0.175000 0.204167
1 0.464844 0.902083 0.173438 0.191667
1 0.196875 0.773958 0.181250 0.243750
1 0.717969 0.285417 0.151562 0.216667
1 0.930469 0.093750 0.139063 0.187500
1 0.655469 0.816667 0.201563 0.229167
1 0.297656 0.653125 0.164062 0.227083
1 0.775000 0.720833 0.187500 0.254167
1 0.805469 0.481250 0.182812 0.208333
1 0.460938 0.735417 0.171875 0.208333
1 0.615625 0.589583 0.200000 0.220833
1 0.156250 0.273958 0.165625 0.218750
2 0.635156 0.440625 0.067188 0.097917
1 0.215625 0.448958 0.159375 0.210417
1 0.025781 0.086458 0.051562 0.172917
1 0.546094 0.029167 0.179688 0.058333
1 0.030469 0.351042 0.060938 0.277083
1 0.807813 0.271875 0.165625 0.181250
1 0.310937 0.943750 0.171875 0.112500
1 0.960938 0.552083 0.078125 0.241667
1 0.199219 0.079167 0.176563 0.158333
1 0.922656 0.802083 0.154688 0.229167
0 0.425000 0.216667 0.418750 0.416667
1 0.782031 0.085417 0.145313 0.170833
1 0.118750 0.493750 0.175000 0.204167
1 0.464844 0.902083 0.173438 0.191667
1 0.196875 0.773958 0.181250 0.243750
1 0.717969 0.285417 0.151562 0.216667
1 0.930469 0.093750 0.139063 0.187500
1 0.655469 0.816667 0.201563 0.229167
1 0.297656 0.653125 0.164062 0.227083
1 0.775000 0.720833 0.187500 0.254167
1 0.805469 0.481250 0.182812 0.208333
1 0.460938 0.735417 0.171875 0.208333
1 0.615625 0.589583 0.200000 0.220833
1 0.156250 0.273958 0.165625 0.218750
2 0.635156 0.440625 0.067188 0.097917
1 0.215625 0.448958 0.159375 0.210417
1 0.025781 0.086458 0.051562 0.172917
1 0.546094 0.029167 0.179688 0.058333
1 0.030469 0.351042 0.060938 0.277083
1 0.807813 0.271875 0.165625 0.181250
1 0.310937 0.943750 0.171875 0.112500
1 0.960938 0.552083 0.078125 0.241667
1 0.199219 0.079167 0.176563 0.158333
1 0.922656 0.802083 0.154688 0.229167
0 0.425000 0.216667 0.418750 0.416667
1 0.782031 0.085417 0.145313 0.170833
1 0.118750 0.493750 0.175000 0.204167
1 0.464844 0.902083 0.173438 0.191667
1 0.196875 0.773958 0.181250 0.243750
1 0.717969 0.285417 0.151562 0.216667
1 0.930469 0.093750 0.139063 0.187500
1 0.655469 0.816667 0.201563 0.229167
1 0.297656 0.653125 0.164062 0.227083
1 0.775000 0.720833 0.187500 0.254167
1 0.805469 0.481250 0.182812 0.208333
1 0.460938 0.735417 0.171875 0.208333
1 0.615625 0.589583 0.200000 0.220833
1 0.156250 0.273958 0.165625 0.218750
2 0.635156 0.440625 0.067188 0.097917
1 0.215625 0.448958 0.159375 0.210417
1 0.025781 0.086458 0.051562 0.172917
1 0.546094 0.029167 0.179688 0.058333
1 0.030469 0.351042 0.060938 0.277083
1 0.807813 0.271875 0.165625 0.181250
1 0.310937 0.943750 0.171875 0.112500
1 0.960938 0.552083 0.078125 0.241667
1 0.199219 0.079167 0.176563 0.158333
1 0.922656 0.802083 0.154688 0.229167
0 0.425000 0.216667 0.418750 0.416667
1 0.782031 0.085417 0.145313 0.170833
1 0.118750 0.493750 0.175000 0.204167
1 0.464844 0.902083 0.173438 0.191667
1 0.196875 0.773958 0.181250 0.243750
1 0.717969 0.285417 0.151562 0.216667
1 0.930469 0.093750 0.139063 0.187500
1 0.655469 0.816667 0.201563 0.229167
1 0.297656 0.653125 0.164062 0.227083
1 0.775000 0.720833 0.187500 0.254167
1 0.805469 0.481250 0.182812 0.208333
1 0.460938 0.735417 0.171875 0.208333
1 0.615625 0.589583 0.200000 0.220833
1 0.156250 0.273958 0.165625 0.218750
2 0.635156 0.440625 0.067188 0.097917
1 0.215625 0.448958 0.159375 0.210417
1 0.025781 0.086458 0.051562 0.172917
1 0.546094 0.029167 0.179688 0.058333
1 0.030469 0.351042 0.060938 0.277083
1 0.807813 0.271875 0.165625 0.181250
1 0.310937 0.943750 0.171875 0.112500
1 0.960938 0.552083 0.078125 0.241667
1 0.199219 0.079167 0.176563 0.158333
1 0.922656 0.802083 0.154688 0.229167
0 0.425000 0.216667 0.418750 0.416667
1 0.782031 0.085417 0.145313 0.170833
1 0.118750 0.493750 0.175000 0.204167
1 0.464844 0.902083 0.173438 0.191667
1 0.196875 0.773958 0.181250 0.243750
1 0.717969 0.285417 0.151562 0.216667
1 0.930469 0.093750 0.139063 0.187500
1 0.655469 0.816667 0.201563 0.229167
1 0.297656 0.653125 0.164062 0.227083
1 0.775000 0.720833 0.187500 0.254167
1 0.805469 0.481250 0.182812 0.208333
1 0.460938 0.735417 0.171875 0.208333
1 0.615625 0.589583 0.200000 0.220833
1 0.156250 0.273958 0.165625 0.218750
2 0.635156 0.440625 0.067188 0.097917
1 0.215625 0.448958 0.159375 0.210417
1 0.025781 0.086458 0.051562 0.172917
1 0.546094 0.029167 0.179688 0.058333
1 0.030469 0.351042 0.060938 0.277083
1 0.807813 0.271875 0.165625 0.181250
1 0.310937 0.943750 0.171875 0.112500
1 0.960938 0.552083 0.078125 0.241667
1 0.199219 0.079167 0.176563 0.158333
1 0.922656 0.802083 0.154688 0.229167
0 0.425000 0.216667 0.418750 0.416667
1 0.782031 0.085417 0.145313 0.170833
1 0.118750 0.493750 0.175000 0.204167
1 0.464844 0.902083 0.173438 0.191667
1 0.196875 0.773958 0.181250 0.243750
1 0.717969 0.285417 0.151562 0.216667
1 0.930469 0.093750 0.139063 0.187500
1 0.655469 0.816667 0.201563 0.229167
1 0.297656 0.653125 0.164062 0.227083
1 0.775000 0.720833 0.187500 0.254167
1 0.805469 0.481250 0.182812 0.208333
1 0.460938 0.735417 0.171875 0.208333
1 0.615625 0.589583 0.200000 0.220833
1 0.156250 0.273958 0.165625 0.218750
2 0.635156 0.440625 0.067188 0.097917
1 0.215625 0.448958 0.159375 0.210417
1 0.025781 0.086458 0.051562 0.172917
1 0.546094 0.029167 0.179688 0.058333
1 0.030469 0.351042 0.060938 0.277083
1 0.807813 0.271875 0.165625 0.181250
1 0.310937 0.943750 0.171875 0.112500
1 0.960938 0.552083 0.078125 0.241667
1 0.199219 0.079167 0.176563 0.158333
1 0.922656 0.802083 0.154688 0.229167
0 0.425000 0.216667 0.418750 0.416667
1 0.782031 0.085417 0.145313 0.170833
1 0.118750 0.493750 0.175000 0.204167
1 0.464844 0.902083 0.173438 0.191667
1 0.196875 0.773958 0.181250 0.243750
1 0.717969 0.285417 0.151562 0.216667
1 0.930469 0.093750 0.139063 0.187500
1 0.655469 0.816667 0.201563 0.229167
1 0.297656 0.653125 0.164062 0.227083
1 0.775000 0.720833 0.187500 0.254167
1 0.805469 0.481250 0.182812 0.208333
1 0.460938 0.735417 0.171875 0.208333
1 0.615625 0.589583 0.200000 0.220833
1 0.156250 0.273958 0.165625 0.218750
2 0.635156 0.440625 0.067188 0.097917
1 0.215625 0.448958 0.159375 0.210417
1 0.025781 0.086458 0.051562 0.172917
1 0.546094 0.029167 0.179688 0.058333
1 0.030469 0.351042 0.060938 0.277083
1 0.807813 0.271875 0.165625 0.181250
1 0.310937 0.943750 0.171875 0.112500
1 0.960938 0.552083 0.078125 0.241667
1 0.199219 0.079167 0.176563 0.158333
1 0.922656 0.802083 0.154688 0.229167
0 0.425000 0.216667 0.418750 0.416667
1 0.782031 0.085417 0.145313 0.170833
1 0.118750 0.493750 0.175000 0.204167
1 0.464844 0.902083 0.173438 0.191667
1 0.196875 0.773958 0.181250 0.243750
1 0.717969 0.285417 0.151562 0.216667
1 0.930469 0.093750 0.139063 0.187500
1 0.655469 0.816667 0.201563 0.229167
1 0.297656 0.653125 0.164062 0.227083
1 0.775000 0.720833 0.187500 0.254167
1 0.805469 0.481250 0.182812 0.208333
1 0.460938 0.735417 0.171875 0.208333
1 0.615625 0.589583 0.200000 0.220833
1 0.156250 0.273958 0.165625 0.218750
2 0.635156 0.440625 0.067188 0.097917
1 0.215625 0.448958 0.159375 0.210417
1 0.025781 0.086458 0.051562 0.172917
1 0.546094 0.029167 0.179688 0.058333
1 0.030469 0.351042 0.060938 0.277083
1 0.807813 0.271875 0.165625 0.181250
1 0.310937 0.943750 0.171875 0.112500
1 0.960938 0.552083 0.078125 0.241667
1 0.199219 0.079167 0.176563 0.158333
1 0.922656 0.802083 0.154688 0.229167
0 0.425000 0.216667 0.418750 0.416667
1 0.782031 0.085417 0.145313 0.170833
1 0.118750 0.493750 0.175000 0.204167
1 0.464844 0.902083 0.173438 0.191667
1 0.196875 0.773958 0.181250 0.243750
1 0.717969 0.285417 0.151562 0.216667
1 0.930469 0.093750 0.139063 0.187500
1 0.655469 0.816667 0.201563 0.229167
1 0.297656 0.653125 0.164062 0.227083
1 0.775000 0.720833 0.187500 0.254167
1 0.805469 0.481250 0.182812 0.208333
1 0.460938 0.735417 0.171875 0.208333
1 0.615625 0.589583 0.200000 0.220833
1 0.156250 0.273958 0.165625 0.218750
2 0.635156 0.440625 0.067188 0.097917
1 0.215625 0.448958 0.159375 0.210417
1 0.025781 0.086458 0.051562 0.172917
1 0.546094 0.029167 0.179688 0.058333
1 0.030469 0.351042 0.060938 0.277083
1 0.807813 0.271875 0.165625 0.181250
1 0.310937 0.943750 0.171875 0.112500
1 0.960938 0.552083 0.078125 0.241667
1 0.199219 0.079167 0.176563 0.158333
1 0.922656 0.802083 0.154688 0.229167
0 0.425000 0.216667 0.418750 0.416667
1 0.782031 0.085417 0.145313 0.170833
1 0.118750 0.493750 0.175000 0.204167
1 0.464844 0.902083 0.173438 0.191667
1 0.196875 0.773958 0.181250 0.243750
1 0.717969 0.285417 0.151562 0.216667
1 0.930469 0.093750 0.139063 0.187500
1 0.655469 0.816667 0.201563 0.229167
1 0.297656 0.653125 0.164062 0.227083
1 0.775000 0.720833 0.187500 0.254167
1 0.805469 0.481250 0.182812 0.208333
1 0.460938 0.735417 0.171875 0.208333
1 0.615625 0.589583 0.200000 0.220833
1 0.156250 0.273958 0.165625 0.218750
2 0.635156 0.440625 0.067188 0.097917
1 0.215625 0.448958 0.159375 0.210417
1 0.025781 0.086458 0.051562 0.172917
1 0.546094 0.029167 0.179688 0.058333
1 0.030469 0.351042 0.060938 0.277083
1 0.807813 0.271875 0.165625 0.181250
1 0.310937 0.943750 0.171875 0.112500
1 0.960938 0.552083 0.078125 0.241667
1 0.199219 0.079167 0.176563 0.158333
1 0.922656 0.802083 0.154688 0.229167
0 0.425000 0.216667 0.418750 0.416667
1 0.782031 0.085417 0.145313 0.170833
1 0.118750 0.493750 0.175000 0.204167
1 0.464844 0.902083 0.173438 0.191667
1 0.196875 0.773958 0.181250 0.243750
1 0.717969 0.285417 0.151562 0.216667
1 0.930469 0.093750 0.139063 0.187500
1 0.655469 0.816667 0.201563 0.229167
1 0.297656 0.653125 0.164062 0.227083
1 0.775000 0.720833 0.187500 0.254167
1 0.805469 0.481250 0.182812 0.208333
1 0.460938 0.735417 0.171875 0.208333
1 0.615625 0.589583 0.200000 0.220833
1 0.156250 0.273958 0.165625 0.218750
2 0.635156 0.440625 0.067188 0.097917
1 0.215625 0.448958 0.159375 0.210417
1 0.025781 0.086458 0.051562 0.172917
1 0.546094 0.029167 0.179688 0.058333
1 0.030469 0.351042 0.060938 0.277083
1 0.807813 0.271875 0.165625 0.181250
1 0.310937 0.943750 0.171875 0.112500
1 0.960938 0.552083 0.078125 0.241667
1 0.199219 0.079167 0.176563 0.158333
1 0.922656 0.802083 0.154688 0.229167
0 0.425000 0.216667 0.418750 0.416667
1 0.782031 0.085417 0.145313 0.170833
1 0.118750 0.493750 0.175000 0.204167
1 0.464844 0.902083 0.173438 0.191667
1 0.196875 0.773958 0.181250 0.243750
1 0.717969 0.285417 0.151562 0.216667
1 0.930469 0.093750 0.139063 0.187500
1 0.655469 0.816667 0.201563 0.229167
1 0.297656 0.653125 0.164062 0.227083
1 0.775000 0.720833 0.187500 0.254167
1 0.805469 0.481250 0.182812 0.208333
1 0.460938 0.735417 0.171875 0.208333
1 0.615625 0.589583 0.200000 0.220833
1 0.156250 0.273958 0.165625 0.218750
2 0.635156 0.440625 0.067188 0.097917
1 0.215625 0.448958 0.159375 0.210417
1 0.025781 0.086458 0.051562 0.172917
1 0.546094 0.029167 0.179688 0.058333
1 0.030469 0.351042 0.060938 0.277083
1 0.807813 0.271875 0.165625 0.181250
1 0.310937 0.943750 0.171875 0.112500
1 0.960938 0.552083 0.078125 0.241667
1 0.199219 0.079167 0.176563 0.158333
1 0.922656 0.802083 0.154688 0.229167
0 0.425000 0.216667 0.418750 0.416667
1 0.782031 0.085417 0.145313 0.170833
1 0.118750 0.493750 0.175000 0.204167
1 0.464844 0.902083 0.173438 0.191667
1 0.196875 0.773958 0.181250 0.243750
1 0.717969 0.285417 0.151562 0.216667
1 0.930469 0.093750 0.139063 0.187500
1 0.655469 0.816667 0.201563 0.229167
1 0.297656 0.653125 0.164062 0.227083
1 0.775000 0.720833 0.187500 0.254167
1 0.805469 0.481250 0.182812 0.208333
1 0.460938 0.735417 0.171875 0.208333
1 0.615625 0.589583 0.200000 0.220833
1 0.156250 0.273958 0.165625 0.218750
2 0.635156 0.440625 0.067188 0.097917
1 0.215625 0.448958 0.159375 0.210417
1 0.025781 0.086458 0.051562 0.172917
1 0.546094 0.029167 0.179688 0.058333
1 0.030469 0.351042 0.060938 0.277083
1 0.807813 0.271875 0.165625 0.181250
1 0.310937 0.943750 0.171875 0.112500
1 0.960938 0.552083 0.078125 0.241667
1 0.199219 0.079167 0.176563 0.158333
1 0.922656 0.802083 0.154688 0.229167
0 0.425000 0.216667 0.418750 0.416667
1 0.782031 0.085417 0.145313 0.170833
1 0.118750 0.493750 0.175000 0.204167
1 0.464844 0.902083 0.173438 0.191667
1 0.196875 0.773958 0.181250 0.243750
1 0.717969 0.285417 0.151562 0.216667
1 0.930469 0.093750 0.139063 0.187500
1 0.655469 0.816667 0.201563 0.229167
1 0.297656 0.653125 0.164062 0.227083
1 0.775000 0.720833 0.187500 0.254167
1 0.805469 0.481250 0.182812 0.208333
1 0.460938 0.735417 0.171875 0.208333
1 0.615625 0.589583 0.200000 0.220833
1 0.156250 0.273958 0.165625 0.218750
2 0.635156 0.440625 0.067188 0.097917
1 0.215625 0.448958 0.159375 0.210417
1 0.025781 0.086458 0.051562 0.172917
1 0.546094 0.029167 0.179688 0.058333
1 0.030469 0.351042 0.060938 0.277083
1 0.807813 0.271875 0.165625 0.181250
1 0.310937 0.943750 0.171875 0.112500
1 0.960938 0.552083 0.078125 0.241667
1 0.199219 0.079167 0.176563 0.158333
1 0.922656 0.802083 0.154688 0.229167
0 0.425000 0.216667 0.418750 0.416667
1 0.782031 0.085417 0.145313 0.170833
1 0.118750 0.493750 0.175000 0.204167
1 0.464844 0.902083 0.173438 0.191667
1 0.196875 0.773958 0.181250 0.243750
1 0.717969 0.285417 0.151562 0.216667
1 0.930469 0.093750 0.139063 0.187500
1 0.655469 0.816667 0.201563 0.229167
1 0.297656 0.653125 0.164062 0.227083
1 0.775000 0.720833 0.187500 0.254167
1 0.805469 0.481250 0.182812 0.208333
1 0.460938 0.735417 0.171875 0.208333
1 0.615625 0.589583 0.200000 0.220833
1 0.156250 0.273958 0.165625 0.218750
2 0.635156 0.440625 0.067188 0.097917
1 0.215625 0.448958 0.159375 0.210417
1 0.025781 0.086458 0.051562 0.172917
1 0.546094 0.029167 0.179688 0.058333
1 0.030469 0.351042 0.060938 0.277083
1 0.807813 0.271875 0.165625 0.181250
1 0.310937 0.943750 0.171875 0.112500
1 0.960938 0.552083 0.078125 0.241667
1 0.199219 0.079167 0.176563 0.158333
1 0.922656 0.802083 0.154688 0.229167
0 0.425000 0.216667 0.418750 0.416667
1 0.782031 0.085417 0.145313 0.170833
1 0.118750 0.493750 0.175000 0.204167
1 0.464844 0.902083 0.173438 0.191667
1 0.196875 0.773958 0.181250 0.243750
1 0.717969 0.285417 0.151562 0.216667
1 0.930469 0.093750 0.139063 0.187500
1 0.655469 0.816667 0.201563 0.229167
1 0.297656 0.653125 0.164062 0.227083
1 0.775000 0.720833 0.187500 0.254167
1 0.805469 0.481250 0.182812 0.208333
1 0.460938 0.735417 0.171875 0.208333
1 0.615625 0.589583 0.200000 0.220833
1 0.156250 0.273958 0.165625 0.218750
2 0.635156 0.440625 0.067188 0.097917
1 0.215625 0.448958 0.159375 0.210417
1 0.025781 0.086458 0.051562 0.172917
1 0.546094 0.029167 0.179688 0.058333
1 0.030469 0.351042 0.060938 0.277083
1 0.807813 0.271875 0.165625 0.181250
1 0.310937 0.943750 0.171875 0.112500
1 0.960938 0.552083 0.078125 0.241667
1 0.199219 0.079167 0.176563 0.158333
1 0.922656 0.802083 0.154688 0.229167
0 0.425000 0.216667 0.418750 0.416667
1 0.782031 0.085417 0.145313 0.170833
1 0.118750 0.493750 0.175000 0.204167
1 0.464844 0.902083 0.173438 0.191667
1 0.196875 0.773958 0.181250 0.243750
1 0.717969 0.285417 0.151562 0.216667
1 0.930469 0.093750 0.139063 0.187500
1 0.655469 0.816667 0.201563 0.229167
1 0.297656 0.653125 0.164062 0.227083
1 0.775000 0.720833 0.187500 0.254167
1 0.805469 0.481250 0.182812 0.208333
1 0.460938 0.735417 0.171875 0.208333
1 0.615625 0.589583 0.200000 0.220833
1 0.156250 0.273958 0.165625 0.218750
2 0.635156 0.440625 0.067188 0.097917
1 0.215625 0.448958 0.159375 0.210417
1 0.025781 0.086458 0.051562 0.172917
1 0.546094 0.029167 0.179688 0.058333
1 0.030469 0.351042 0.060938 0.277083
1 0.807813 0.271875 0.165625 0.181250
1 0.310937 0.943750 0.171875 0.112500
1 0.960938 0.552083 0.078125 0.241667
1 0.199219 0.079167 0.176563 0.158333
1 0.922656 0.802083 0.154688 0.229167
0 0.425000 0.216667 0.418750 0.416667
1 0.782031 0.085417 0.145313 0.170833
1 0.118750 0.493750 0.175000 0.204167
1 0.464844 0.902083 0.173438 0.191667
1 0.196875 0.773958 0.181250 0.243750
1 0.717969 0.285417 0.151562 0.216667
1 0.930469 0.093750 0.139063 0.187500
1 0.655469 0.816667 0.201563 0.229167
1 0.297656 0.653125 0.164062 0.227083
1 0.775000 0.720833 0.187500 0.254167
1 0.805469 0.481250 0.182812 0.208333
1 0.460938 0.735417 0.171875 0.208333
1 0.615625 0.589583 0.200000 0.220833
1 0.156250 0.273958 0.165625 0.218750
2 0.635156 0.440625 0.067188 0.097917
1 0.215625 0.448958 0.159375 0.210417
1 0.025781 0.086458 0.051562 0.172917
1 0.546094 0.029167 0.179688 0.058333
1 0.030469 0.351042 0.060938 0.277083
1 0.807813 0.271875 0.165625 0.181250
1 0.310937 0.943750 0.171875 0.112500
1 0.960938 0.552083 0.078125 0.241667
1 0.199219 0.079167 0.176563 0.158333
1 0.922656 0.802083 0.154688 0.229167
0 0.425000 0.216667 0.418750 0.416667
1 0.782031 0.085417 0.145313 0.170833
1 0.118750 0.493750 0.175000 0.204167
1 0.464844 0.902083 0.173438 0.191667
1 0.196875 0.773958 0.181250 0.243750
1 0.717969 0.285417 0.151562 0.216667
1 0.930469 0.093750 0.139063 0.187500
1 0.655469 0.816667 0.201563 0.229167
1 0.297656 0.653125 0.164062 0.227083
1 0.775000 0.720833 0.187500 0.254167
1 0.805469 0.481250 0.182812 0.208333
1 0.460938 0.735417 0.171875 0.208333
1 0.615625 0.589583 0.200000 0.220833
1 0.156250 0.273958 0.165625 0.218750
