1 0.676562 0.977083 0.168750 0.045833
1 0.029687 0.820833 0.059375 0.250000
1 0.985156 0.842708 0.029687 0.206250
1 0.021875 0.543750 0.043750 0.229167
1 0.613281 0.622917 0.154688 0.216667
1 0.965625 0.111458 0.068750 0.210417
1 0.193750 0.877083 0.165625 0.212500
1 0.712500 0.495833 0.181250 0.275000
1 0.619531 0.068750 0.192188 0.133333
1 0.956250 0.322917 0.087500 0.250000
1 0.191406 0.738542 0.154688 0.193750
2 0.846094 0.305208 0.064062 0.081250
1 0.041406 0.120833 0.082813 0.200000
0 0.442188 0.327083 0.331250 0.425000
1 0.813281 0.084375 0.195312 0.164583
1 0.941406 0.681250 0.117188 0.204167
1 0.871875 0.829167 0.187500 0.237500
1 0.880469 0.494792 0.176563 0.222917
1 0.279687 0.534375 0.159375 0.227083
1 0.630469 0.842708 0.145313 0.206250
1 0.207031 0.175000 0.182812 0.245833
1 0.140625 0.409375 0.153125 0.202083
1 0.676562 0.977083 0.168750 0.045833
1 0.029687 0.820833 0.059375 0.250000
1 0.985156 0.842708 0.029687 0.206250
1 0.021875 0.543750 0.043750 0.229167
1 0.613281 0.622917 0.154688 0.216667
1 0.965625 0.111458 0.068750 0.210417
1 0.193750 0.877083 0.165625 0.212500
1 0.712500 0.495833 0.181250 0.275000
1 0.619531 0.068750 0.192188 0.133333
1 0.956250 0.322917 0.087500 0.250000
1 0.191406 0.738542 0.154688 0.193750
2 0.846094 0.305208 0.064062 0.081250
1 0.041406 0.120833 0.082813 0.200000
0 0.442188 0.327083 0.331250 0.425000
1 0.813281 0.084375 0.195312 0.164583
1 0.941406 0.681250 0.117188 0.204167
1 0.871875 0.829167 0.187500 0.237500
1 0.880469 0.494792 0.176563 0.222917
1 0.279687 0.534375 0.159375 0.227083
1 0.630469 0.842708 0.145313 0.206250
1 0.207031 0.175000 0.182812 0.245833
1 0.140625 0.409375 0.153125 0.202083
1 0.676562 0.977083 0.168750 0.045833
1 0.029687 0.820833 0.059375 0.250000
1 0.985156 0.842708 0.029687 0.206250
1 0.021875 0.543750 0.043750 0.229167
1 0.613281 0.622917 0.154688 0.216667
1 0.965625 0.111458 0.068750 0.210417
1 0.193750 0.877083 0.165625 0.212500
1 0.712500 0.495833 0.181250 0.275000
1 0.619531 0.068750 0.192188 0.133333
1 0.956250 0.322917 0.087500 0.250000
1 0.191406 0.738542 0.154688 0.193750
2 0.846094 0.305208 0.064062 0.081250
1 0.041406 0.120833 0.082813 0.200000
0 0.442188 0.327083 0.331250 0.425000
1 0.813281 0.084375 0.195312 0.164583
1 0.941406 0.681250 0.117188 0.204167
1 0.871875 0.829167 0.187500 0.237500
1 0.880469 0.494792 0.176563 0.222917
1 0.279687 0.534375 0.159375 0.227083
1 0.630469 0.842708 0.145313 0.206250
1 0.207031 0.175000 0.182812 0.245833
1 0.140625 0.409375 0.153125 0.202083
1 0.676562 0.977083 0.168750 0.045833
1 0.029687 0.820833 0.059375 0.250000
1 0.985156 0.842708 0.029687 0.206250
1 0.021875 0.543750 0.043750 0.229167
1 0.613281 0.622917 0.154688 0.216667
1 0.965625 0.111458 0.068750 0.210417
1 0.193750 0.877083 0.165625 0.212500
1 0.712500 0.495833 0.181250 0.275000
1 0.619531 0.068750 0.192188 0.133333
1 0.956250 0.322917 0.087500 0.250000
1 0.191406 0.738542 0.154688 0.193750
2 0.846094 0.305208 0.064062 0.081250
1 0.041406 0.120833 0.082813 0.200000
0 0.442188 0.327083 0.331250 0.425000
1 0.813281 0.084375 0.195312 0.164583
1 0.941406 0.681250 0.117188 0.204167
1 0.871875 0.829167 0.187500 0.237500
1 0.880469 0.494792 0.176563 0.222917
1 0.279687 0.534375 0.159375 0.227083
1 0.630469 0.842708 0.145313 0.206250
1 0.207031 0.175000 0.182812 0.245833
1 0.140625 0.409375 0.153125 0.202083
1 0.676562 0.977083 0.168750 0.045833
1 0.029687 0.820833 0.059375 0.250000
1 0.985156 0.842708 0.029687 0.206250
1 0.021875 0.543750 0.043750 0.229167
1 0.613281 0.622917 0.154688 0.216667
1 0.965625 0.111458 0.068750 0.210417
1 0.193750 0.877083 0.165625 0.212500
1 0.712500 0.495833 0.181250 0.275000
1 0.619531 0.068750 0.192188 0.133333
1 0.956250 0.322917 0.087500 0.250000
1 0.191406 0.738542 0.154688 0.193750
2 0.846094 0.305208 0.064062 0.081250
1 0.041406 0.120833 0.082813 0.200000
0 0.442188 0.327083 0.331250 0.425000
1 0.813281 0.084375 0.195312 0.164583
1 0.941406 0.681250 0.117188 0.204167
1 0.871875 0.829167 0.187500 0.237500
1 0.880469 0.494792 0.176563 0.222917
1 0.279687 0.534375 0.159375 0.227083
1 0.630469 0.842708 0.145313 0.206250
1 0.207031 0.175000 0.182812 0.245833
1 0.140625 0.409375 0.153125 0.202083
1 0.676562 0.977083 0.168750 0.045833
1 0.029687 0.820833 0.059375 0.250000
1 0.985156 0.842708 0.029687 0.206250
1 0.021875 0.543750 0.043750 0.229167
1 0.613281 0.622917 0.154688 0.216667
1 0.965625 0.111458 0.068750 0.210417
1 0.193750 0.877083 0.165625 0.212500
1 0.712500 0.495833 0.181250 0.275000
1 0.619531 0.068750 0.192188 0.133333
1 0.956250 0.322917 0.087500 0.250000
1 0.191406 0.738542 0.154688 0.193750
2 0.846094 0.305208 0.064062 0.081250
1 0.041406 0.120833 0.082813 0.200000
0 0.442188 0.327083 0.331250 0.425000
1 0.813281 0.084375 0.195312 0.164583
1 0.941406 0.681250 0.117188 0.204167
1 0.871875 0.829167 0.187500 0.237500
1 0.880469 0.494792 0.176563 0.222917
1 0.279687 0.534375 0.159375 0.227083
1 0.630469 0.842708 0.145313 0.206250
1 0.207031 0.175000 0.182812 0.245833
1 0.140625 0.409375 0.153125 0.202083
1 0.676562 0.977083 0.168750 0.045833
1 0.029687 0.820833 0.059375 0.250000
1 0.985156 0.842708 0.029687 0.206250
1 0.021875 0.543750 0.043750 0.229167
1 0.613281 0.622917 0.154688 0.216667
1 0.965625 0.111458 0.068750 0.210417
1 0.193750 0.877083 0.165625 0.212500
1 0.712500 0.495833 0.181250 0.275000
1 0.619531 0.068750 0.192188 0.133333
1 0.956250 0.322917 0.087500 0.250000
1 0.191406 0.738542 0.154688 0.193750
2 0.846094 0.305208 0.064062 0.081250
1 0.041406 0.120833 0.082813 0.200000
0 0.442188 0.327083 0.331250 0.425000
1 0.813281 0.084375 0.195312 0.164583
1 0.941406 0.681250 0.117188 0.204167
1 0.871875 0.829167 0.187500 0.237500
1 0.880469 0.494792 0.176563 0.222917
1 0.279687 0.534375 0.159375 0.227083
1 0.630469 0.842708 0.145313 0.206250
1 0.207031 0.175000 0.182812 0.245833
1 0.140625 0.409375 0.153125 0.202083
1 0.676562 0.977083 0.168750 0.045833
1 0.029687 0.820833 0.059375 0.250000
1 0.985156 0.842708 0.029687 0.206250
1 0.021875 0.543750 0.043750 0.229167
1 0.613281 0.622917 0.154688 0.216667
1 0.965625 0.111458 0.068750 0.210417
1 0.193750 0.877083 0.165625 0.212500
1 0.712500 0.495833 0.181250 0.275000
1 0.619531 0.068750 0.192188 0.133333
1 0.956250 0.322917 0.087500 0.250000
1 0.191406 0.738542 0.154688 0.193750
2 0.846094 0.305208 0.064062 0.081250
1 0.041406 0.120833 0.082813 0.200000
0 0.442188 0.327083 0.331250 0.425000
1 0.813281 0.084375 0.195312 0.164583
1 0.941406 0.681250 0.117188 0.204167
1 0.871875 0.829167 0.187500 0.237500
1 0.880469 0.494792 0.176563 0.222917
1 0.279687 0.534375 0.159375 0.227083
1 0.630469 0.842708 0.145313 0.206250
1 0.207031 0.175000 0.182812 0.245833
1 0.140625 0.409375 0.153125 0.202083
1 0.676562 0.977083 0.168750 0.045833
1 0.029687 0.820833 0.059375 0.250000
1 0.985156 0.842708 0.029687 0.206250
1 0.021875 0.543750 0.043750 0.229167
1 0.613281 0.622917 0.154688 0.216667
1 0.965625 0.111458 0.068750 0.210417
1 0.193750 0.877083 0.165625 0.212500
1 0.712500 0.495833 0.181250 0.275000
1 0.619531 0.068750 0.192188 0.133333
1 0.956250 0.322917 0.087500 0.250000
1 0.191406 0.738542 0.154688 0.193750
2 0.846094 0.305208 0.064062 0.081250
1 0.041406 0.120833 0.082813 0.200000
0 0.442188 0.327083 0.331250 0.425000
1 0.813281 0.084375 0.195312 0.164583
1 0.941406 0.681250 0.117188 0.204167
1 0.871875 0.829167 0.187500 0.237500
1 0.880469 0.494792 0.176563 0.222917
1 0.279687 0.534375 0.159375 0.227083
1 0.630469 0.842708 0.145313 0.206250
1 0.207031 0.175000 0.182812 0.245833
1 0.140625 0.409375 0.153125 0.202083
1 0.676562 0.977083 0.168750 0.045833
1 0.029687 0.820833 0.059375 0.250000
1 0.985156 0.842708 0.029687 0.206250
1 0.021875 0.543750 0.043750 0.229167
1 0.613281 0.622917 0.154688 0.216667
1 0.965625 0.111458 0.068750 0.210417
1 0.193750 0.877083 0.165625 0.212500
1 0.712500 0.495833 0.181250 0.275000
1 0.619531 0.068750 0.192188 0.133333
1 0.956250 0.322917 0.087500 0.250000
1 0.191406 0.738542 0.154688 0.193750
2 0.846094 0.305208 0.064062 0.081250
1 0.041406 0.120833 0.082813 0.200000
0 0.442188 0.327083 0.331250 0.425000
1 0.813281 0.084375 0.195312 0.164583
1 0.941406 0.681250 0.117188 0.204167
1 0.871875 0.829167 0.187500 0.237500
1 0.880469 0.494792 0.176563 0.222917
1 0.279687 0.534375 0.159375 0.227083
1 0.630469 0.842708 0.145313 0.206250
1 0.207031 0.175000 0.182812 0.245833
1 0.140625 0.409375 0.153125 0.202083
1 0.676562 0.977083 0.168750 0.045833
1 0.029687 0.820833 0.059375 0.250000
1 0.985156 0.842708 0.029687 0.206250
1 0.021875 0.543750 0.043750 0.229167
1 0.613281 0.622917 0.154688 0.216667
1 0.965625 0.111458 0.068750 0.210417
1 0.193750 0.877083 0.165625 0.212500
1 0.712500 0.495833 0.181250 0.275000
1 0.619531 0.068750 0.192188 0.133333
1 0.956250 0.322917 0.087500 0.250000
1 0.191406 0.738542 0.154688 0.193750
2 0.846094 0.305208 0.064062 0.081250
1 0.041406 0.120833 0.082813 0.200000
0 0.442188 0.327083 0.331250 0.425000
1 0.813281 0.084375 0.195312 0.164583
1 0.941406 0.681250 0.117188 0.204167
1 0.871875 0.829167 0.187500 0.237500
1 0.880469 0.494792 0.176563 0.222917
1 0.279687 0.534375 0.159375 0.227083
1 0.630469 0.842708 0.145313 0.206250
1 0.207031 0.175000 0.182812 0.245833
1 0.140625 0.409375 0.153125 0.202083
1 0.676562 0.977083 0.168750 0.045833
1 0.029687 0.820833 0.059375 0.250000
1 0.985156 0.842708 0.029687 0.206250
1 0.021875 0.543750 0.043750 0.229167
1 0.613281 0.622917 0.154688 0.216667
1 0.965625 0.111458 0.068750 0.210417
1 0.193750 0.877083 0.165625 0.212500
1 0.712500 0.495833 0.181250 0.275000
1 0.619531 0.068750 0.192188 0.133333
1 0.956250 0.322917 0.087500 0.250000
1 0.191406 0.738542 0.154688 0.193750
2 0.846094 0.305208 0.064062 0.081250
1 0.041406 0.120833 0.082813 0.200000
0 0.442188 0.327083 0.331250 0.425000
1 0.813281 0.084375 0.195312 0.164583
1 0.941406 0.681250 0.117188 0.204167
1 0.871875 0.829167 0.187500 0.237500
1 0.880469 0.494792 0.176563 0.222917
1 0.279687 0.534375 0.159375 0.227083
1 0.630469 0.842708 0.145313 0.206250
1 0.207031 0.175000 0.182812 0.245833
1 0.140625 0.409375 0.153125 0.202083
1 0.676562 0.977083 0.168750 0.045833
1 0.029687 0.820833 0.059375 0.250000
1 0.985156 0.842708 0.029687 0.206250
1 0.021875 0.543750 0.043750 0.229167
1 0.613281 0.622917 0.154688 0.216667
1 0.965625 0.111458 0.068750 0.210417
1 0.193750 0.877083 0.165625 0.212500
1 0.712500 0.495833 0.181250 0.275000
1 0.619531 0.068750 0.192188 0.133333
1 0.956250 0.322917 0.087500 0.250000
1 0.191406 0.738542 0.154688 0.193750
2 0.846094 0.305208 0.064062 0.081250
1 0.041406 0.120833 0.082813 0.200000
0 0.442188 0.327083 0.331250 0.425000
1 0.813281 0.084375 0.195312 0.164583
1 0.941406 0.681250 0.117188 0.204167
1 0.871875 0.829167 0.187500 0.237500
1 0.880469 0.494792 0.176563 0.222917
1 0.279687 0.534375 0.159375 0.227083
1 0.630469 0.842708 0.145313 0.206250
1 0.207031 0.175000 0.182812 0.245833
1 0.140625 0.409375 0.153125 0.202083
1 0.676562 0.977083 0.168750 0.045833
1 0.029687 0.820833 0.059375 0.250000
1 0.985156 0.842708 0.029687 0.206250
1 0.021875 0.543750 0.043750 0.229167
1 0.613281 0.622917 0.154688 0.216667
1 0.965625 0.111458 0.068750 0.210417
1 0.193750 0.877083 0.165625 0.212500
1 0.712500 0.495833 0.181250 0.275000
1 0.619531 0.068750 0.192188 0.133333
1 0.956250 0.322917 0.087500 0.250000
1 0.191406 0.738542 0.154688 0.193750
2 0.846094 0.305208 0.064062 0.081250
1 0.041406 0.120833 0.082813 0.200000
0 0.442188 0.327083 0.331250 0.425000
1 0.813281 0.084375 0.195312 0.164583
1 0.941406 0.681250 0.117188 0.204167
1 0.871875 0.829167 0.187500 0.237500
1 0.880469 0.494792 0.176563 0.222917
1 0.279687 0.534375 0.159375 0.227083
1 0.630469 0.842708 0.145313 0.206250
1 0.207031 0.175000 0.182812 0.245833
1 0.140625 0.409375 0.153125 0.202083
1 0.676562 0.977083 0.168750 0.045833
1 0.029687 0.820833 0.059375 0.250000
1 0.985156 0.842708 0.029687 0.206250
1 0.021875 0.543750 0.043750 0.229167
1 0.613281 0.622917 0.154688 0.216667
1 0.965625 0.111458 0.068750 0.210417
1 0.193750 0.877083 0.165625 0.212500
1 0.712500 0.495833 0.181250 0.275000
1 0.619531 0.068750 0.192188 0.133333
1 0.956250 0.322917 0.087500 0.250000
1 0.191406 0.738542 0.154688 0.193750
2 0.846094 0.305208 0.064062 0.081250
1 0.041406 0.120833 0.082813 0.200000
0 0.442188 0.327083 0.331250 0.425000
1 0.813281 0.084375 0.195312 0.164583
1 0.941406 0.681250 0.117188 0.204167
1 0.871875 0.829167 0.187500 0.237500
1 0.880469 0.494792 0.176563 0.222917
1 0.279687 0.534375 0.159375 0.227083
1 0.630469 0.842708 0.145313 0.206250
1 0.207031 0.175000 0.182812 0.245833
1 0.140625 0.409375 0.153125 0.202083
1 0.676562 0.977083 0.168750 0.045833
1 0.029687 0.820833 0.059375 0.250000
1 0.985156 0.842708 0.029687 0.206250
1 0.021875 0.543750 0.043750 0.229167
1 0.613281 0.622917 0.154688 0.216667
1 0.965625 0.111458 0.068750 0.210417
1 0.193750 0.877083 0.165625 0.212500
1 0.712500 0.495833 0.181250 0.275000
1 0.619531 0.068750 0.192188 0.133333
1 0.956250 0.322917 0.087500 0.250000
1 0.191406 0.738542 0.154688 0.193750
2 0.846094 0.305208 0.064062 0.081250
1 0.041406 0.120833 0.082813 0.200000
0 0.442188 0.327083 0.331250 0.425000
1 0.813281 0.084375 0.195312 0.164583
1 0.941406 0.681250 0.117188 0.204167
1 0.871875 0.829167 0.187500 0.237500
1 0.880469 0.494792 0.176563 0.222917
1 0.279687 0.534375 0.159375 0.227083
1 0.630469 0.842708 0.145313 0.206250
1 0.207031 0.175000 0.182812 0.245833
1 0.140625 0.409375 0.153125 0.202083
1 0.676562 0.977083 0.168750 0.045833
1 0.029687 0.820833 0.059375 0.250000
1 0.985156 0.842708 0.029687 0.206250
1 0.021875 0.543750 0.043750 0.229167
1 0.613281 0.622917 0.154688 0.216667
1 0.965625 0.111458 0.068750 0.210417
1 0.193750 0.877083 0.165625 0.212500
1 0.712500 0.495833 0.181250 0.275000
1 0.619531 0.068750 0.192188 0.133333
1 0.956250 0.322917 0.087500 0.250000
1 0.191406 0.738542 0.154688 0.193750
2 0.846094 0.305208 0.064062 0.081250
1 0.041406 0.120833 0.082813 0.200000
0 0.442188 0.327083 0.331250 0.425000
1 0.813281 0.084375 0.195312 0.164583
1 0.941406 0.681250 0.117188 0.204167
1 0.871875 0.829167 0.187500 0.237500
1 0.880469 0.494792 0.176563 0.222917
1 0.279687 0.534375 0.159375 0.227083
1 0.630469 0.842708 0.145313 0.206250
1 0.207031 0.175000 0.182812 0.245833
1 0.140625 0.409375 0.153125 0.202083
1 0.676562 0.977083 0.168750 0.045833
1 0.029687 0.820833 0.059375 0.250000
1 0.985156 0.842708 0.029687 0.206250
1 0.021875 0.543750 0.043750 0.229167
1 0.613281 0.622917 0.154688 0.216667
1 0.965625 0.111458 0.068750 0.210417
1 0.193750 0.877083 0.165625 0.212500
1 0.712500 0.495833 0.181250 0.275000
1 0.619531 0.068750 0.192188 0.133333
1 0.956250 0.322917 0.087500 0.250000
1 0.191406 0.738542 0.154688 0.193750
2 0.846094 0.305208 0.064062 0.081250
1 0.041406 0.120833 0.082813 0.200000
0 0.442188 0.327083 0.331250 0.425000
1 0.813281 0.084375 0.195312 0.164583
1 0.941406 0.681250 0.117188 0.204167
1 0.871875 0.829167 0.187500 0.237500
1 0.880469 0.494792 0.176563 0.222917
1 0.279687 0.534375 0.159375 0.227083
1 0.630469 0.842708 0.145313 0.206250
1 0.207031 0.175000 0.182812 0.245833
1 0.140625 0.409375 0.153125 0.202083
1 0.676562 0.977083 0.168750 0.045833
1 0.029687 0.820833 0.059375 0.250000
1 0.985156 0.842708 0.029687 0.206250
1 0.021875 0.543750 0.043750 0.229167
1 0.613281 0.622917 0.154688 0.216667
1 0.965625 0.111458 0.068750 0.210417
1 0.193750 0.877083 0.165625 0.212500
1 0.712500 0.495833 0.181250 0.275000
1 0.619531 0.068750 0.192188 0.133333
1 0.956250 0.322917 0.087500 0.250000
1 0.191406 0.738542 0.154688 0.193750
2 0.846094 0.305208 0.064062 0.081250
1 0.041406 0.120833 0.082813 0.200000
0 0.442188 0.327083 0.331250 0.425000
1 0.813281 0.084375 0.195312 0.164583
1 0.941406 0.681250 0.117188 0.204167
1 0.871875 0.829167 0.187500 0.237500
1 0.880469 0.494792 0.176563 0.222917
1 0.279687 0.534375 0.159375 0.227083
1 0.630469 0.842708 0.145313 0.206250
1 0.207031 0.175000 0.182812 0.245833
1 0.140625 0.409375 0.153125 0.202083
1 0.676562 0.977083 0.168750 0.045833
1 0.029687 0.820833 0.059375 0.250000
1 0.985156 0.842708 0.029687 0.206250
1 0.021875 0.543750 0.043750 0.229167
1 0.613281 0.622917 0.154688 0.216667
1 0.965625 0.111458 0.068750 0.210417
1 0.193750 0.877083 0.165625 0.212500
1 0.712500 0.495833 0.181250 0.275000
1 0.619531 0.068750 0.192188 0.133333
1 0.956250 0.322917 0.087500 0.250000
1 0.191406 0.738542 0.154688 0.193750
2 0.846094 0.305208 0.064062 0.081250
1 0.041406 0.120833 0.082813 0.200000
0 0.442188 0.327083 0.331250 0.425000
1 0.813281 0.084375 0.195312 0.164583
1 0.941406 0.681250 0.117188 0.204167
1 0.871875 0.829167 0.187500 0.237500
1 0.880469 0.494792 0.176563 0.222917
1 0.279687 0.534375 0.159375 0.227083
1 0.630469 0.842708 0.145313 0.206250
1 0.207031 0.175000 0.182812 0.245833
1 0.140625 0.409375 0.153125 0.202083
1 0.676562 0.977083 0.168750 0.045833
1 0.029687 0.820833 0.059375 0.250000
1 0.985156 0.842708 0.029687 0.206250
1 0.021875 0.543750 0.043750 0.229167
1 0.613281 0.622917 0.154688 0.216667
1 0.965625 0.111458 0.068750 0.210417
1 0.193750 0.877083 0.165625 0.212500
1 0.712500 0.495833 0.181250 0.275000
1 0.619531 0.068750 0.192188 0.133333
1 0.956250 0.322917 0.087500 0.250000
1 0.191406 0.738542 0.154688 0.193750
2 0.846094 0.305208 0.064062 0.081250
1 0.041406 0.120833 0.082813 0.200000
0 0.442188 0.327083 0.331250 0.425000
1 0.813281 0.084375 0.195312 0.164583
1 0.941406 0.681250 0.117188 0.204167
1 0.871875 0.829167 0.187500 0.237500
1 0.880469 0.494792 0.176563 0.222917
1 0.279687 0.534375 0.159375 0.227083
1 0.630469 0.842708 0.145313 0.206250
1 0.207031 0.175000 0.182812 0.245833
1 0.140625 0.409375 0.153125 0.202083
1 0.676562 0.977083 0.168750 0.045833
1 0.029687 0.820833 0.059375 0.250000
1 0.985156 0.842708 0.029687 0.206250
1 0.021875 0.543750 0.043750 0.229167
1 0.613281 0.622917 0.154688 0.216667
1 0.965625 0.111458 0.068750 0.210417
1 0.193750 0.877083 0.165625 0.212500
1 0.712500 0.495833 0.181250 0.275000
1 0.619531 0.068750 0.192188 0.133333
1 0.956250 0.322917 0.087500 0.250000
1 0.191406 0.738542 0.154688 0.193750
2 0.846094 0.305208 0.064062 0.081250
1 0.041406 0.120833 0.082813 0.200000
0 0.442188 0.327083 0.331250 0.425000
1 0.813281 0.084375 0.195312 0.164583
1 0.941406 0.681250 0.117188 0.204167
1 0.871875 0.829167 0.187500 0.237500
1 0.880469 0.494792 0.176563 0.222917
1 0.279687 0.534375 0.159375 0.227083
1 0.630469 0.842708 0.145313 0.206250
1 0.207031 0.175000 0.182812 0.245833
1 0.140625 0.409375 0.153125 0.202083
