1 0.892969 0.025000 0.148438 0.050000
1 0.980469 0.093750 0.039062 0.187500
1 0.671875 0.057292 0.146875 0.114583
1 0.298438 0.208333 0.168750 0.237500
1 0.164062 0.403125 0.212500 0.168750
1 0.438281 0.032292 0.151562 0.064583
1 0.855469 0.094792 0.179688 0.189583
1 0.032813 0.772917 0.065625 0.212500
1 0.290625 0.042708 0.153125 0.085417
1 0.964063 0.444792 0.071875 0.218750
1 0.776563 0.836458 0.175000 0.206250
1 0.590625 0.080208 0.178125 0.156250
1 0.124219 0.086458 0.151562 0.168750
1 0.298438 0.527083 0.171875 0.212500
1 0.105469 0.858333 0.151562 0.216667
1 0.936719 0.842708 0.126563 0.210417
0 0.432031 0.772917 0.398438 0.454167
1 0.739844 0.629167 0.204688 0.229167
1 0.517969 0.320833 0.142188 0.187500
1 0.864062 0.331250 0.190625 0.250000
1 0.704688 0.241667 0.150000 0.212500
1 0.583594 0.450000 0.195312 0.245833
1 0.414062 0.184375 0.143750 0.210417
1 0.892969 0.025000 0.148438 0.050000
1 0.980469 0.093750 0.039062 0.187500
1 0.671875 0.057292 0.146875 0.114583
1 0.298438 0.208333 0.168750 0.237500
1 0.164062 0.403125 0.212500 0.168750
1 0.438281 0.032292 0.151562 0.064583
1 0.855469 0.094792 0.179688 0.189583
1 0.032813 0.772917 0.065625 0.212500
1 0.290625 0.042708 0.153125 0.085417
1 0.964063 0.444792 0.071875 0.218750
1 0.776563 0.836458 0.175000 0.206250
1 0.590625 0.080208 0.178125 0.156250
1 0.124219 0.086458 0.151562 0.168750
1 0.298438 0.527083 0.171875 0.212500
1 0.105469 0.858333 0.151562 0.216667
1 0.936719 0.842708 0.126563 0.210417
0 0.432031 0.772917 0.398438 0.454167
1 0.739844 0.629167 0.204688 0.229167
1 0.517969 0.320833 0.142188 0.187500
1 0.864062 0.331250 0.190625 0.250000
1 0.704688 0.241667 0.150000 0.212500
1 0.583594 0.450000 0.195312 0.245833
1 0.414062 0.184375 0.143750 0.210417
1 0.892969 0.025000 0.148438 0.050000
1 0.980469 0.093750 0.039062 0.187500
1 0.671875 0.057292 0.146875 0.114583
1 0.298438 0.208333 0.168750 0.237500
1 0.164062 0.403125 0.212500 0.168750
1 0.438281 0.032292 0.151562 0.064583
1 0.855469 0.094792 0.179688 0.189583
1 0.032813 0.772917 0.065625 0.212500
1 0.290625 0.042708 0.153125 0.085417
1 0.964063 0.444792 0.071875 0.218750
1 0.776563 0.836458 0.175000 0.206250
1 0.590625 0.080208 0.178125 0.156250
1 0.124219 0.086458 0.151562 0.168750
1 0.298438 0.527083 0.171875 0.212500
1 0.105469 0.858333 0.151562 0.216667
1 0.936719 0.842708 0.126563 0.210417
0 0.432031 0.772917 0.398438 0.454167
1 0.739844 0.629167 0.204688 0.229167
1 0.517969 0.320833 0.142188 0.187500
1 0.864062 0.331250 0.190625 0.250000
1 0.704688 0.241667 0.150000 0.212500
1 0.583594 0.450000 0.195312 0.245833
1 0.414062 0.184375 0.143750 0.210417
1 0.892969 0.025000 0.148438 0.050000
1 0.980469 0.093750 0.039062 0.187500
1 0.671875 0.057292 0.146875 0.114583
1 0.298438 0.208333 0.168750 0.237500
1 0.164062 0.403125 0.212500 0.168750
1 0.438281 0.032292 0.151562 0.064583
1 0.855469 0.094792 0.179688 0.189583
1 0.032813 0.772917 0.065625 0.212500
1 0.290625 0.042708 0.153125 0.085417
1 0.964063 0.444792 0.071875 0.218750
1 0.776563 0.836458 0.175000 0.206250
1 0.590625 0.080208 0.178125 0.156250
1 0.124219 0.086458 0.151562 0.168750
1 0.298438 0.527083 0.171875 0.212500
1 0.105469 0.858333 0.151562 0.216667
1 0.936719 0.842708 0.126563 0.210417
0 0.432031 0.772917 0.398438 0.454167
1 0.739844 0.629167 0.204688 0.229167
1 0.517969 0.320833 0.142188 0.187500
1 0.864062 0.331250 0.190625 0.250000
1 0.704688 0.241667 0.150000 0.212500
1 0.583594 0.450000 0.195312 0.245833
1 0.414062 0.184375 0.143750 0.210417
1 0.892969 0.025000 0.148438 0.050000
1 0.980469 0.093750 0.039062 0.187500
1 0.671875 0.057292 0.146875 0.114583
1 0.298438 0.208333 0.168750 0.237500
1 0.164062 0.403125 0.212500 0.168750
1 0.438281 0.032292 0.151562 0.064583
1 0.855469 0.094792 0.179688 0.189583
1 0.032813 0.772917 0.065625 0.212500
1 0.290625 0.042708 0.153125 0.085417
1 0.964063 0.444792 0.071875 0.218750
1 0.776563 0.836458 0.175000 0.206250
1 0.590625 0.080208 0.178125 0.156250
1 0.124219 0.086458 0.151562 0.168750
1 0.298438 0.527083 0.171875 0.212500
1 0.105469 0.858333 0.151562 0.216667
1 0.936719 0.842708 0.126563 0.210417
0 0.432031 0.772917 0.398438 0.454167
1 0.739844 0.629167 0.204688 0.229167
1 0.517969 0.320833 0.142188 0.187500
1 0.864062 0.331250 0.190625 0.250000
1 0.704688 0.241667 0.150000 0.212500
1 0.583594 0.450000 0.195312 0.245833
1 0.414062 0.184375 0.143750 0.210417
1 0.892969 0.025000 0.148438 0.050000
1 0.980469 0.093750 0.039062 0.187500
1 0.671875 0.057292 0.146875 0.114583
1 0.298438 0.208333 0.168750 0.237500
1 0.164062 0.403125 0.212500 0.168750
1 0.438281 0.032292 0.151562 0.064583
1 0.855469 0.094792 0.179688 0.189583
1 0.032813 0.772917 0.065625 0.212500
1 0.290625 0.042708 0.153125 0.085417
1 0.964063 0.444792 0.071875 0.218750
1 0.776563 0.836458 0.175000 0.206250
1 0.590625 0.080208 0.178125 0.156250
1 0.124219 0.086458 0.151562 0.168750
1 0.298438 0.527083 0.171875 0.212500
1 0.105469 0.858333 0.151562 0.216667
1 0.936719 0.842708 0.126563 0.210417
0 0.432031 0.772917 0.398438 0.454167
1 0.739844 0.629167 0.204688 0.229167
1 0.517969 0.320833 0.142188 0.187500
1 0.864062 0.331250 0.190625 0.250000
1 0.704688 0.241667 0.150000 0.212500
1 0.583594 0.450000 0.195312 0.245833
1 0.414062 0.184375 0.143750 0.210417
1 0.892969 0.025000 0.148438 0.050000
1 0.980469 0.093750 0.039062 0.187500
1 0.671875 0.057292 0.146875 0.114583
1 0.298438 0.208333 0.168750 0.237500
1 0.164062 0.403125 0.212500 0.168750
1 0.438281 0.032292 0.151562 0.064583
1 0.855469 0.094792 0.179688 0.189583
1 0.032813 0.772917 0.065625 0.212500
1 0.290625 0.042708 0.153125 0.085417
1 0.964063 0.444792 0.071875 0.218750
1 0.776563 0.836458 0.175000 0.206250
1 0.590625 0.080208 0.178125 0.156250
1 0.124219 0.086458 0.151562 0.168750
1 0.298438 0.527083 0.171875 0.212500
1 0.105469 0.858333 0.151562 0.216667
1 0.936719 0.842708 0.126563 0.210417
0 0.432031 0.772917 0.398438 0.454167
1 0.739844 0.629167 0.204688 0.229167
1 0.517969 0.320833 0.142188 0.187500
1 0.864062 0.331250 0.190625 0.250000
1 0.704688 0.241667 0.150000 0.212500
1 0.583594 0.450000 0.195312 0.245833
1 0.414062 0.184375 0.143750 0.210417
1 0.892969 0.025000 0.148438 0.050000
1 0.980469 0.093750 0.039062 0.187500
1 0.671875 0.057292 0.146875 0.114583
1 0.298438 0.208333 0.168750 0.237500
1 0.164062 0.403125 0.212500 0.168750
1 0.438281 0.032292 0.151562 0.064583
1 0.855469 0.094792 0.179688 0.189583
1 0.032813 0.772917 0.065625 0.212500
1 0.290625 0.042708 0.153125 0.085417
1 0.964063 0.444792 0.071875 0.218750
1 0.776563 0.836458 0.175000 0.206250
1 0.590625 0.080208 0.178125 0.156250
1 0.124219 0.086458 0.151562 0.168750
1 0.298438 0.527083 0.171875 0.212500
1 0.105469 0.858333 0.151562 0.216667
1 0.936719 0.842708 0.126563 0.210417
0 0.432031 0.772917 0.398438 0.454167
1 0.739844 0.629167 0.204688 0.229167
1 0.517969 0.320833 0.142188 0.187500
1 0.864062 0.331250 0.190625 0.250000
1 0.704688 0.241667 0.150000 0.212500
1 0.583594 0.450000 0.195312 0.245833
1 0.414062 0.184375 0.143750 0.210417
1 0.892969 0.025000 0.148438 0.050000
1 0.980469 0.093750 0.039062 0.187500
1 0.671875 0.057292 0.146875 0.114583
1 0.298438 0.208333 0.168750 0.237500
1 0.164062 0.403125 0.212500 0.168750
1 0.438281 0.032292 0.151562 0.064583
1 0.855469 0.094792 0.179688 0.189583
1 0.032813 0.772917 0.065625 0.212500
1 0.290625 0.042708 0.153125 0.085417
1 0.964063 0.444792 0.071875 0.218750
1 0.776563 0.836458 0.175000 0.206250
1 0.590625 0.080208 0.178125 0.156250
1 0.124219 0.086458 0.151562 0.168750
1 0.298438 0.527083 0.171875 0.212500
1 0.105469 0.858333 0.151562 0.216667
1 0.936719 0.842708 0.126563 0.210417
0 0.432031 0.772917 0.398438 0.454167
1 0.739844 0.629167 0.204688 0.229167
1 0.517969 0.320833 0.142188 0.187500
1 0.864062 0.331250 0.190625 0.250000
1 0.704688 0.241667 0.150000 0.212500
1 0.583594 0.450000 0.195312 0.245833
1 0.414062 0.184375 0.143750 0.210417
1 0.892969 0.025000 0.148438 0.050000
1 0.980469 0.093750 0.039062 0.187500
1 0.671875 0.057292 0.146875 0.114583
1 0.298438 0.208333 0.168750 0.237500
1 0.164062 0.403125 0.212500 0.168750
1 0.438281 0.032292 0.151562 0.064583
1 0.855469 0.094792 0.179688 0.189583
1 0.032813 0.772917 0.065625 0.212500
1 0.290625 0.042708 0.153125 0.085417
1 0.964063 0.444792 0.071875 0.218750
1 0.776563 0.836458 0.175000 0.206250
1 0.590625 0.080208 0.178125 0.156250
1 0.124219 0.086458 0.151562 0.168750
1 0.298438 0.527083 0.171875 0.212500
1 0.105469 0.858333 0.151562 0.216667
1 0.936719 0.842708 0.126563 0.210417
0 0.432031 0.772917 0.398438 0.454167
1 0.739844 0.629167 0.204688 0.229167
1 0.517969 0.320833 0.142188 0.187500
1 0.864062 0.331250 0.190625 0.250000
1 0.704688 0.241667 0.150000 0.212500
1 0.583594 0.450000 0.195312 0.245833
1 0.414062 0.184375 0.143750 0.210417
1 0.892969 0.025000 0.148438 0.050000
1 0.980469 0.093750 0.039062 0.187500
1 0.671875 0.057292 0.146875 0.114583
1 0.298438 0.208333 0.168750 0.237500
1 0.164062 0.403125 0.212500 0.168750
1 0.438281 0.032292 0.151562 0.064583
1 0.855469 0.094792 0.179688 0.189583
1 0.032813 0.772917 0.065625 0.212500
1 0.290625 0.042708 0.153125 0.085417
1 0.964063 0.444792 0.071875 0.218750
1 0.776563 0.836458 0.175000 0.206250
1 0.590625 0.080208 0.178125 0.156250
1 0.124219 0.086458 0.151562 0.168750
1 0.298438 0.527083 0.171875 0.212500
1 0.105469 0.858333 0.151562 0.216667
1 0.936719 0.842708 0.126563 0.210417
0 0.432031 0.772917 0.398438 0.454167
1 0.739844 0.629167 0.204688 0.229167
1 0.517969 0.320833 0.142188 0.187500
1 0.864062 0.331250 0.190625 0.250000
1 0.704688 0.241667 0.150000 0.212500
1 0.583594 0.450000 0.195312 0.245833
1 0.414062 0.184375 0.143750 0.210417
1 0.892969 0.025000 0.148438 0.050000
1 0.980469 0.093750 0.039062 0.187500
1 0.671875 0.057292 0.146875 0.114583
1 0.298438 0.208333 0.168750 0.237500
1 0.164062 0.403125 0.212500 0.168750
1 0.438281 0.032292 0.151562 0.064583
1 0.855469 0.094792 0.179688 0.189583
1 0.032813 0.772917 0.065625 0.212500
1 0.290625 0.042708 0.153125 0.085417
1 0.964063 0.444792 0.071875 0.218750
1 0.776563 0.836458 0.175000 0.206250
1 0.590625 0.080208 0.178125 0.156250
1 0.124219 0.086458 0.151562 0.168750
1 0.298438 0.527083 0.171875 0.212500
1 0.105469 0.858333 0.151562 0.216667
1 0.936719 0.842708 0.126563 0.210417
0 0.432031 0.772917 0.398438 0.454167
1 0.739844 0.629167 0.204688 0.229167
1 0.517969 0.320833 0.142188 0.187500
1 0.864062 0.331250 0.190625 0.250000
1 0.704688 0.241667 0.150000 0.212500
1 0.583594 0.450000 0.195312 0.245833
1 0.414062 0.184375 0.143750 0.210417
1 0.892969 0.025000 0.148438 0.050000
1 0.980469 0.093750 0.039062 0.187500
1 0.671875 0.057292 0.146875 0.114583
1 0.298438 0.208333 0.168750 0.237500
1 0.164062 0.403125 0.212500 0.168750
1 0.438281 0.032292 0.151562 0.064583
1 0.855469 0.094792 0.179688 0.189583
1 0.032813 0.772917 0.065625 0.212500
1 0.290625 0.042708 0.153125 0.085417
1 0.964063 0.444792 0.071875 0.218750
1 0.776563 0.836458 0.175000 0.206250
1 0.590625 0.080208 0.178125 0.156250
1 0.124219 0.086458 0.151562 0.168750
1 0.298438 0.527083 0.171875 0.212500
1 0.105469 0.858333 0.151562 0.216667
1 0.936719 0.842708 0.126563 0.210417
0 0.432031 0.772917 0.398438 0.454167
1 0.739844 0.629167 0.204688 0.229167
1 0.517969 0.320833 0.142188 0.187500
1 0.864062 0.331250 0.190625 0.250000
1 0.704688 0.241667 0.150000 0.212500
1 0.583594 0.450000 0.195312 0.245833
1 0.414062 0.184375 0.143750 0.210417
1 0.892969 0.025000 0.148438 0.050000
1 0.980469 0.093750 0.039062 0.187500
1 0.671875 0.057292 0.146875 0.114583
1 0.298438 0.208333 0.168750 0.237500
1 0.164062 0.403125 0.212500 0.168750
1 0.438281 0.032292 0.151562 0.064583
1 0.855469 0.094792 0.179688 0.189583
1 0.032813 0.772917 0.065625 0.212500
1 0.290625 0.042708 0.153125 0.085417
1 0.964063 0.444792 0.071875 0.218750
1 0.776563 0.836458 0.175000 0.206250
1 0.590625 0.080208 0.178125 0.156250
1 0.124219 0.086458 0.151562 0.168750
1 0.298438 0.527083 0.171875 0.212500
1 0.105469 0.858333 0.151562 0.216667
1 0.936719 0.842708 0.126563 0.210417
0 0.432031 0.772917 0.398438 0.454167
1 0.739844 0.629167 0.204688 0.229167
1 0.517969 0.320833 0.142188 0.187500
1 0.864062 0.331250 0.190625 0.250000
1 0.704688 0.241667 0.150000 0.212500
1 0.583594 0.450000 0.195312 0.245833
1 0.414062 0.184375 0.143750 0.210417
1 0.892969 0.025000 0.148438 0.050000
1 0.980469 0.093750 0.039062 0.187500
1 0.671875 0.057292 0.146875 0.114583
1 0.298438 0.208333 0.168750 0.237500
1 0.164062 0.403125 0.212500 0.168750
1 0.438281 0.032292 0.151562 0.064583
1 0.855469 0.094792 0.179688 0.189583
1 0.032813 0.772917 0.065625 0.212500
1 0.290625 0.042708 0.153125 0.085417
1 0.964063 0.444792 0.071875 0.218750
1 0.776563 0.836458 0.175000 0.206250
1 0.590625 0.080208 0.178125 0.156250
1 0.124219 0.086458 0.151562 0.168750
1 0.298438 0.527083 0.171875 0.212500
1 0.105469 0.858333 0.151562 0.216667
1 0.936719 0.842708 0.126563 0.210417
0 0.432031 0.772917 0.398438 0.454167
1 0.739844 0.629167 0.204688 0.229167
1 0.517969 0.320833 0.142188 0.187500
1 0.864062 0.331250 0.190625 0.250000
1 0.704688 0.241667 0.150000 0.212500
1 0.583594 0.450000 0.195312 0.245833
1 0.414062 0.184375 0.143750 0.210417
1 0.892969 0.025000 0.148438 0.050000
1 0.980469 0.093750 0.039062 0.187500
1 0.671875 0.057292 0.146875 0.114583
1 0.298438 0.208333 0.168750 0.237500
1 0.164062 0.403125 0.212500 0.168750
1 0.438281 0.032292 0.151562 0.064583
1 0.855469 0.094792 0.179688 0.189583
1 0.032813 0.772917 0.065625 0.212500
1 0.290625 0.042708 0.153125 0.085417
1 0.964063 0.444792 0.071875 0.218750
1 0.776563 0.836458 0.175000 0.206250
1 0.590625 0.080208 0.178125 0.156250
1 0.124219 0.086458 0.151562 0.168750
1 0.298438 0.527083 0.171875 0.212500
1 0.105469 0.858333 0.151562 0.216667
1 0.936719 0.842708 0.126563 0.210417
0 0.432031 0.772917 0.398438 0.454167
1 0.739844 0.629167 0.204688 0.229167
1 0.517969 0.320833 0.142188 0.187500
1 0.864062 0.331250 0.190625 0.250000
1 0.704688 0.241667 0.150000 0.212500
1 0.583594 0.450000 0.195312 0.245833
1 0.414062 0.184375 0.143750 0.210417
1 0.892969 0.025000 0.148438 0.050000
1 0.980469 0.093750 0.039062 0.187500
1 0.671875 0.057292 0.146875 0.114583
1 0.298438 0.208333 0.168750 0.237500
1 0.164062 0.403125 0.212500 0.168750
1 0.438281 0.032292 0.151562 0.064583
1 0.855469 0.094792 0.179688 0.189583
1 0.032813 0.772917 0.065625 0.212500
1 0.290625 0.042708 0.153125 0.085417
1 0.964063 0.444792 0.071875 0.218750
1 0.776563 0.836458 0.175000 0.206250
1 0.590625 0.080208 0.178125 0.156250
1 0.124219 0.086458 0.151562 0.168750
1 0.298438 0.527083 0.171875 0.212500
1 0.105469 0.858333 0.151562 0.216667
1 0.936719 0.842708 0.126563 0.210417
0 0.432031 0.772917 0.398438 0.454167
1 0.739844 0.629167 0.204688 0.229167
1 0.517969 0.320833 0.142188 0.187500
1 0.864062 0.331250 0.190625 0.250000
1 0.704688 0.241667 0.150000 0.212500
1 0.583594 0.450000 0.195312 0.245833
1 0.414062 0.184375 0.143750 0.210417
1 0.892969 0.025000 0.148438 0.050000
1 0.980469 0.093750 0.039062 0.187500
1 0.671875 0.057292 0.146875 0.114583
1 0.298438 0.208333 0.168750 0.237500
1 0.164062 0.403125 0.212500 0.168750
1 0.438281 0.032292 0.151562 0.064583
1 0.855469 0.094792 0.179688 0.189583
1 0.032813 0.772917 0.065625 0.212500
1 0.290625 0.042708 0.153125 0.085417
1 0.964063 0.444792 0.071875 0.218750
1 0.776563 0.836458 0.175000 0.206250
1 0.590625 0.080208 0.178125 0.156250
1 0.124219 0.086458 0.151562 0.168750
1 0.298438 0.527083 0.171875 0.212500
1 0.105469 0.858333 0.151562 0.216667
1 0.936719 0.842708 0.126563 0.210417
0 0.432031 0.772917 0.398438 0.454167
1 0.739844 0.629167 0.204688 0.229167
1 0.517969 0.320833 0.142188 0.187500
1 0.864062 0.331250 0.190625 0.250000
1 0.704688 0.241667 0.150000 0.212500
1 0.583594 0.450000 0.195312 0.245833
1 0.414062 0.184375 0.143750 0.210417
1 0.892969 0.025000 0.148438 0.050000
1 0.980469 0.093750 0.039062 0.187500
1 0.671875 0.057292 0.146875 0.114583
1 0.298438 0.208333 0.168750 0.237500
1 0.164062 0.403125 0.212500 0.168750
1 0.438281 0.032292 0.151562 0.064583
1 0.855469 0.094792 0.179688 0.189583
1 0.032813 0.772917 0.065625 0.212500
1 0.290625 0.042708 0.153125 0.085417
1 0.964063 0.444792 0.071875 0.218750
1 0.776563 0.836458 0.175000 0.206250
1 0.590625 0.080208 0.178125 0.156250
1 0.124219 0.086458 0.151562 0.168750
1 0.298438 0.527083 0.171875 0.212500
1 0.105469 0.858333 0.151562 0.216667
1 0.936719 0.842708 0.126563 0.210417
0 0.432031 0.772917 0.398438 0.454167
1 0.739844 0.629167 0.204688 0.229167
1 0.517969 0.320833 0.142188 0.187500
1 0.864062 0.331250 0.190625 0.250000
1 0.704688 0.241667 0.150000 0.212500
1 0.583594 0.450000 0.195312 0.245833
1 0.414062 0.184375 0.143750 0.210417
1 0.892969 0.025000 0.148438 0.050000
1 0.980469 0.093750 0.039062 0.187500
1 0.671875 0.057292 0.146875 0.114583
1 0.298438 0.208333 0.168750 0.237500
1 0.164062 0.403125 0.212500 0.168750
1 0.438281 0.032292 0.151562 0.064583
1 0.855469 0.094792 0.179688 0.189583
1 0.032813 0.772917 0.065625 0.212500
1 0.290625 0.042708 0.153125 0.085417
1 0.964063 0.444792 0.071875 0.218750
1 0.776563 0.836458 0.175000 0.206250
1 0.590625 0.080208 0.178125 0.156250
1 0.124219 0.086458 0.151562 0.168750
1 0.298438 0.527083 0.171875 0.212500
1 0.105469 0.858333 0.151562 0.216667
1 0.936719 0.842708 0.126563 0.210417
0 0.432031 0.772917 0.398438 0.454167
1 0.739844 0.629167 0.204688 0.229167
1 0.517969 0.320833 0.142188 0.187500
1 0.864062 0.331250 0.190625 0.250000
1 0.704688 0.241667 0.150000 0.212500
1 0.583594 0.450000 0.195312 0.245833
1 0.414062 0.184375 0.143750 0.210417
1 0.892969 0.025000 0.148438 0.050000
1 0.980469 0.093750 0.039062 0.187500
1 0.671875 0.057292 0.146875 0.114583
1 0.298438 0.208333 0.168750 0.237500
1 0.164062 0.403125 0.212500 0.168750
1 0.438281 0.032292 0.151562 0.064583
1 0.855469 0.094792 0.179688 0.189583
1 0.032813 0.772917 0.065625 0.212500
1 0.290625 0.042708 0.153125 0.085417
1 0.964063 0.444792 0.071875 0.218750
1 0.776563 0.836458 0.175000 0.206250
1 0.590625 0.080208 0.178125 0.156250
1 0.124219 0.086458 0.151562 0.168750
1 0.298438 0.527083 0.171875 0.212500
1 0.105469 0.858333 0.151562 0.216667
1 0.936719 0.842708 0.126563 0.210417
0 0.432031 0.772917 0.398438 0.454167
1 0.739844 0.629167 0.204688 0.229167
1 0.517969 0.320833 0.142188 0.187500
1 0.864062 0.331250 0.190625 0.250000
1 0.704688 0.241667 0.150000 0.212500
1 0.583594 0.450000 0.195312 0.245833
1 0.414062 0.184375 0.143750 0.210417
1 0.892969 0.025000 0.148438 0.050000
1 0.980469 0.093750 0.039062 0.187500
1 0.671875 0.057292 0.146875 0.114583
1 0.298438 0.208333 0.168750 0.237500
1 0.164062 0.403125 0.212500 0.168750
1 0.438281 0.032292 0.151562 0.064583
1 0.855469 0.094792 0.179688 0.189583
1 0.032813 0.772917 0.065625 0.212500
1 0.290625 0.042708 0.153125 0.085417
1 0.964063 0.444792 0.071875 0.218750
1 0.776563 0.836458 0.175000 0.206250
1 0.590625 0.080208 0.178125 0.156250
1 0.124219 0.086458 0.151562 0.168750
1 0.298438 0.527083 0.171875 0.212500
1 0.105469 0.858333 0.151562 0.216667
1 0.936719 0.842708 0.126563 0.210417
0 0.432031 0.772917 0.398438 0.454167
1 0.739844 0.629167 0.204688 0.229167
1 0.517969 0.320833 0.142188 0.187500
1 0.864062 0.331250 0.190625 0.250000
1 0.704688 0.241667 0.150000 0.212500
1 0.583594 0.450000 0.195312 0.245833
1 0.414062 0.184375 0.143750 0.210417
1 0.892969 0.025000 0.148438 0.050000
1 0.980469 0.093750 0.039062 0.187500
1 0.671875 0.057292 0.146875 0.114583
1 0.298438 0.208333 0.168750 0.237500
1 0.164062 0.403125 0.212500 0.168750
1 0.438281 0.032292 0.151562 0.064583
1 0.855469 0.094792 0.179688 0.189583
1 0.032813 0.772917 0.065625 0.212500
1 0.290625 0.042708 0.153125 0.085417
1 0.964063 0.444792 0.071875 0.218750
1 0.776563 0.836458 0.175000 0.206250
1 0.590625 0.080208 0.178125 0.156250
1 0.124219 0.086458 0.151562 0.168750
1 0.298438 0.527083 0.171875 0.212500
1 0.105469 0.858333 0.151562 0.216667
1 0.936719 0.842708 0.126563 0.210417
0 0.432031 0.772917 0.398438 0.454167
1 0.739844 0.629167 0.204688 0.229167
1 0.517969 0.320833 0.142188 0.187500
1 0.864062 0.331250 0.190625 0.250000
1 0.704688 0.241667 0.150000 0.212500
1 0.583594 0.450000 0.195312 0.245833
1 0.414062 0.184375 0.143750 0.210417
