1 0.853125 0.112500 0.178125 0.212500
1 0.945312 0.944792 0.109375 0.110417
1 0.019531 0.494792 0.039062 0.231250
1 0.966406 0.055208 0.067188 0.110417
1 0.378125 0.301042 0.153125 0.214583
1 0.891406 0.420833 0.170313 0.233333
1 0.079687 0.913542 0.153125 0.172917
1 0.705469 0.900000 0.164062 0.183333
1 0.294531 0.208333 0.164062 0.250000
1 0.191406 0.517708 0.151562 0.231250
2 0.555469 0.118750 0.067188 0.087500
2 0.139063 0.397917 0.059375 0.075000
1 0.930469 0.651042 0.139063 0.289583
1 0.829688 0.912500 0.156250 0.175000
1 0.564844 0.478125 0.170313 0.214583
1 0.732031 0.611458 0.192188 0.243750
1 0.580469 0.873958 0.145313 0.218750
1 0.212500 0.712500 0.168750 0.208333
0 0.112500 0.165625 0.178125 0.235417
1 0.853125 0.112500 0.178125 0.212500
1 0.945312 0.944792 0.109375 0.110417
1 0.019531 0.494792 0.039062 0.231250
1 0.966406 0.055208 0.067188 0.110417
1 0.378125 0.301042 0.153125 0.214583
1 0.891406 0.420833 0.170313 0.233333
1 0.079687 0.913542 0.153125 0.172917
1 0.705469 0.900000 0.164062 0.183333
1 0.294531 0.208333 0.164062 0.250000
1 0.191406 0.517708 0.151562 0.231250
2 0.555469 0.118750 0.067188 0.087500
2 0.139063 0.397917 0.059375 0.075000
1 0.930469 0.651042 0.139063 0.289583
1 0.829688 0.912500 0.156250 0.175000
1 0.564844 0.478125 0.170313 0.214583
1 0.732031 0.611458 0.192188 0.243750
1 0.580469 0.873958 0.145313 0.218750
1 0.212500 0.712500 0.168750 0.208333
0 0.112500 0.165625 0.178125 0.235417
1 0.853125 0.112500 0.178125 0.212500
1 0.945312 0.944792 0.109375 0.110417
1 0.019531 0.494792 0.039062 0.231250
1 0.966406 0.055208 0.067188 0.110417
1 0.378125 0.301042 0.153125 0.214583
1 0.891406 0.420833 0.170313 0.233333
1 0.079687 0.913542 0.153125 0.172917
1 0.705469 0.900000 0.164062 0.183333
1 0.294531 0.208333 0.164062 0.250000
1 0.191406 0.517708 0.151562 0.231250
2 0.555469 0.118750 0.067188 0.087500
2 0.139063 0.397917 0.059375 0.075000
1 0.930469 0.651042 0.139063 0.289583
1 0.829688 0.912500 0.156250 0.175000
1 0.564844 0.478125 0.170313 0.214583
1 0.732031 0.611458 0.192188 0.243750
1 0.580469 0.873958 0.145313 0.218750
1 0.212500 0.712500 0.168750 0.208333
0 0.112500 0.165625 0.178125 0.235417
1 0.853125 0.112500 0.178125 0.212500
1 0.945312 0.944792 0.109375 0.110417
1 0.019531 0.494792 0.039062 0.231250
1 0.966406 0.055208 0.067188 0.110417
1 0.378125 0.301042 0.153125 0.214583
1 0.891406 0.420833 0.170313 0.233333
1 0.079687 0.913542 0.153125 0.172917
1 0.705469 0.900000 0.164062 0.183333
1 0.294531 0.208333 0.164062 0.250000
1 0.191406 0.517708 0.151562 0.231250
2 0.555469 0.118750 0.067188 0.087500
2 0.139063 0.397917 0.059375 0.075000
1 0.930469 0.651042 0.139063 0.289583
1 0.829688 0.912500 0.156250 0.175000
1 0.564844 0.478125 0.170313 0.214583
1 0.732031 0.611458 0.192188 0.243750
1 0.580469 0.873958 0.145313 0.218750
1 0.212500 0.712500 0.168750 0.208333
0 0.112500 0.165625 0.178125 0.235417
1 0.853125 0.112500 0.178125 0.212500
1 0.945312 0.944792 0.109375 0.110417
1 0.019531 0.494792 0.039062 0.231250
1 0.966406 0.055208 0.067188 0.110417
1 0.378125 0.301042 0.153125 0.214583
1 0.891406 0.420833 0.170313 0.233333
1 0.079687 0.913542 0.153125 0.172917
1 0.705469 0.900000 0.164062 0.183333
1 0.294531 0.208333 0.164062 0.250000
1 0.191406 0.517708 0.151562 0.231250
2 0.555469 0.118750 0.067188 0.087500
2 0.139063 0.397917 0.059375 0.075000
1 0.930469 0.651042 0.139063 0.289583
1 0.829688 0.912500 0.156250 0.175000
1 0.564844 0.478125 0.170313 0.214583
1 0.732031 0.611458 0.192188 0.243750
1 0.580469 0.873958 0.145313 0.218750
1 0.212500 0.712500 0.168750 0.208333
0 0.112500 0.165625 0.178125 0.235417
1 0.853125 0.112500 0.178125 0.212500
1 0.945312 0.944792 0.109375 0.110417
1 0.019531 0.494792 0.039062 0.231250
1 0.966406 0.055208 0.067188 0.110417
1 0.378125 0.301042 0.153125 0.214583
1 0.891406 0.420833 0.170313 0.233333
1 0.079687 0.913542 0.153125 0.172917
1 0.705469 0.900000 0.164062 0.183333
1 0.294531 0.208333 0.164062 0.250000
1 0.191406 0.517708 0.151562 0.231250
2 0.555469 0.118750 0.067188 0.087500
2 0.139063 0.397917 0.059375 0.075000
1 0.930469 0.651042 0.139063 0.289583
1 0.829688 0.912500 0.156250 0.175000
1 0.564844 0.478125 0.170313 0.214583
1 0.732031 0.611458 0.192188 0.243750
1 0.580469 0.873958 0.145313 0.218750
1 0.212500 0.712500 0.168750 0.208333
0 0.112500 0.165625 0.178125 0.235417
1 0.853125 0.112500 0.178125 0.212500
1 0.945312 0.944792 0.109375 0.110417
1 0.019531 0.494792 0.039062 0.231250
1 0.966406 0.055208 0.067188 0.110417
1 0.378125 0.301042 0.153125 0.214583
1 0.891406 0.420833 0.170313 0.233333
1 0.079687 0.913542 0.153125 0.172917
1 0.705469 0.900000 0.164062 0.183333
1 0.294531 0.208333 0.164062 0.250000
1 0.191406 0.517708 0.151562 0.231250
2 0.555469 0.118750 0.067188 0.087500
2 0.139063 0.397917 0.059375 0.075000
1 0.930469 0.651042 0.139063 0.289583
1 0.829688 0.912500 0.156250 0.175000
1 0.564844 0.478125 0.170313 0.214583
1 0.732031 0.611458 0.192188 0.243750
1 0.580469 0.873958 0.145313 0.218750
1 0.212500 0.712500 0.168750 0.208333
0 0.112500 0.165625 0.178125 0.235417
1 0.853125 0.112500 0.178125 0.212500
1 0.945312 0.944792 0.109375 0.110417
1 0.019531 0.494792 0.039062 0.231250
1 0.966406 0.055208 0.067188 0.110417
1 0.378125 0.301042 0.153125 0.214583
1 0.891406 0.420833 0.170313 0.233333
1 0.079687 0.913542 0.153125 0.172917
1 0.705469 0.900000 0.164062 0.183333
1 0.294531 0.208333 0.164062 0.250000
1 0.191406 0.517708 0.151562 0.231250
2 0.555469 0.118750 0.067188 0.087500
2 0.139063 0.397917 0.059375 0.075000
1 0.930469 0.651042 0.139063 0.289583
1 0.829688 0.912500 0.156250 0.175000
1 0.564844 0.478125 0.170313 0.214583
1 0.732031 0.611458 0.192188 0.243750
1 0.580469 0.873958 0.145313 0.218750
1 0.212500 0.712500 0.168750 0.208333
0 0.112500 0.165625 0.178125 0.235417
1 0.853125 0.112500 0.178125 0.212500
1 0.945312 0.944792 0.109375 0.110417
1 0.019531 0.494792 0.039062 0.231250
1 0.966406 0.055208 0.067188 0.110417
1 0.378125 0.301042 0.153125 0.214583
1 0.891406 0.420833 0.170313 0.233333
1 0.079687 0.913542 0.153125 0.172917
1 0.705469 0.900000 0.164062 0.183333
1 0.294531 0.208333 0.164062 0.250000
1 0.191406 0.517708 0.151562 0.231250
2 0.555469 0.118750 0.067188 0.087500
2 0.139063 0.397917 0.059375 0.075000
1 0.930469 0.651042 0.139063 0.289583
1 0.829688 0.912500 0.156250 0.175000
1 0.564844 0.478125 0.170313 0.214583
1 0.732031 0.611458 0.192188 0.243750
1 0.580469 0.873958 0.145313 0.218750
1 0.212500 0.712500 0.168750 0.208333
0 0.112500 0.165625 0.178125 0.235417
1 0.853125 0.112500 0.178125 0.212500
1 0.945312 0.944792 0.109375 0.110417
1 0.019531 0.494792 0.039062 0.231250
1 0.966406 0.055208 0.067188 0.110417
1 0.378125 0.301042 0.153125 0.214583
1 0.891406 0.420833 0.170313 0.233333
1 0.079687 0.913542 0.153125 0.172917
1 0.705469 0.900000 0.164062 0.183333
1 0.294531 0.208333 0.164062 0.250000
1 0.191406 0.517708 0.151562 0.231250
2 0.555469 0.118750 0.067188 0.087500
2 0.139063 0.397917 0.059375 0.075000
1 0.930469 0.651042 0.139063 0.289583
1 0.829688 0.912500 0.156250 0.175000
1 0.564844 0.478125 0.170313 0.214583
1 0.732031 0.611458 0.192188 0.243750
1 0.580469 0.873958 0.145313 0.218750
1 0.212500 0.712500 0.168750 0.208333
0 0.112500 0.165625 0.178125 0.235417
1 0.853125 0.112500 0.178125 0.212500
1 0.945312 0.944792 0.109375 0.110417
1 0.019531 0.494792 0.039062 0.231250
1 0.966406 0.055208 0.067188 0.110417
1 0.378125 0.301042 0.153125 0.214583
1 0.891406 0.420833 0.170313 0.233333
1 0.079687 0.913542 0.153125 0.172917
1 0.705469 0.900000 0.164062 0.183333
1 0.294531 0.208333 0.164062 0.250000
1 0.191406 0.517708 0.151562 0.231250
2 0.555469 0.118750 0.067188 0.087500
2 0.139063 0.397917 0.059375 0.075000
1 0.930469 0.651042 0.139063 0.289583
1 0.829688 0.912500 0.156250 0.175000
1 0.564844 0.478125 0.170313 0.214583
1 0.732031 0.611458 0.192188 0.243750
1 0.580469 0.873958 0.145313 0.218750
1 0.212500 0.712500 0.168750 0.208333
0 0.112500 0.165625 0.178125 0.235417
1 0.853125 0.112500 0.178125 0.212500
1 0.945312 0.944792 0.109375 0.110417
1 0.019531 0.494792 0.039062 0.231250
1 0.966406 0.055208 0.067188 0.110417
1 0.378125 0.301042 0.153125 0.214583
1 0.891406 0.420833 0.170313 0.233333
1 0.079687 0.913542 0.153125 0.172917
1 0.705469 0.900000 0.164062 0.183333
1 0.294531 0.208333 0.164062 0.250000
1 0.191406 0.517708 0.151562 0.231250
2 0.555469 0.118750 0.067188 0.087500
2 0.139063 0.397917 0.059375 0.075000
1 0.930469 0.651042 0.139063 0.289583
1 0.829688 0.912500 0.156250 0.175000
1 0.564844 0.478125 0.170313 0.214583
1 0.732031 0.611458 0.192188 0.243750
1 0.580469 0.873958 0.145313 0.218750
1 0.212500 0.712500 0.168750 0.208333
0 0.112500 0.165625 0.178125 0.235417
1 0.853125 0.112500 0.178125 0.212500
1 0.945312 0.944792 0.109375 0.110417
1 0.019531 0.494792 0.039062 0.231250
1 0.966406 0.055208 0.067188 0.110417
1 0.378125 0.301042 0.153125 0.214583
1 0.891406 0.420833 0.170313 0.233333
1 0.079687 0.913542 0.153125 0.172917
1 0.705469 0.900000 0.164062 0.183333
1 0.294531 0.208333 0.164062 0.250000
1 0.191406 0.517708 0.151562 0.231250
2 0.555469 0.118750 0.067188 0.087500
2 0.139063 0.397917 0.059375 0.075000
1 0.930469 0.651042 0.139063 0.289583
1 0.829688 0.912500 0.156250 0.175000
1 0.564844 0.478125 0.170313 0.214583
1 0.732031 0.611458 0.192188 0.243750
1 0.580469 0.873958 0.145313 0.218750
1 0.212500 0.712500 0.168750 0.208333
0 0.112500 0.165625 0.178125 0.235417
1 0.853125 0.112500 0.178125 0.212500
1 0.945312 0.944792 0.109375 0.110417
1 0.019531 0.494792 0.039062 0.231250
1 0.966406 0.055208 0.067188 0.110417
1 0.378125 0.301042 0.153125 0.214583
1 0.891406 0.420833 0.170313 0.233333
1 0.079687 0.913542 0.153125 0.172917
1 0.705469 0.900000 0.164062 0.183333
1 0.294531 0.208333 0.164062 0.250000
1 0.191406 0.517708 0.151562 0.231250
2 0.555469 0.118750 0.067188 0.087500
2 0.139063 0.397917 0.059375 0.075000
1 0.930469 0.651042 0.139063 0.289583
1 0.829688 0.912500 0.156250 0.175000
1 0.564844 0.478125 0.170313 0.214583
1 0.732031 0.611458 0.192188 0.243750
1 0.580469 0.873958 0.145313 0.218750
1 0.212500 0.712500 0.168750 0.208333
0 0.112500 0.165625 0.178125 0.235417
1 0.853125 0.112500 0.178125 0.212500
1 0.945312 0.944792 0.109375 0.110417
1 0.019531 0.494792 0.039062 0.231250
1 0.966406 0.055208 0.067188 0.110417
1 0.378125 0.301042 0.153125 0.214583
1 0.891406 0.420833 0.170313 0.233333
1 0.079687 0.913542 0.153125 0.172917
1 0.705469 0.900000 0.164062 0.183333
1 0.294531 0.208333 0.164062 0.250000
1 0.191406 0.517708 0.151562 0.231250
2 0.555469 0.118750 0.067188 0.087500
2 0.139063 0.397917 0.059375 0.075000
1 0.930469 0.651042 0.139063 0.289583
1 0.829688 0.912500 0.156250 0.175000
1 0.564844 0.478125 0.170313 0.214583
1 0.732031 0.611458 0.192188 0.243750
1 0.580469 0.873958 0.145313 0.218750
1 0.212500 0.712500 0.168750 0.208333
0 0.112500 0.165625 0.178125 0.235417
1 0.853125 0.112500 0.178125 0.212500
1 0.945312 0.944792 0.109375 0.110417
1 0.019531 0.494792 0.039062 0.231250
1 0.966406 0.055208 0.067188 0.110417
1 0.378125 0.301042 0.153125 0.214583
1 0.891406 0.420833 0.170313 0.233333
1 0.079687 0.913542 0.153125 0.172917
1 0.705469 0.900000 0.164062 0.183333
1 0.294531 0.208333 0.164062 0.250000
1 0.191406 0.517708 0.151562 0.231250
2 0.555469 0.118750 0.067188 0.087500
2 0.139063 0.397917 0.059375 0.075000
1 0.930469 0.651042 0.139063 0.289583
1 0.829688 0.912500 0.156250 0.175000
1 0.564844 0.478125 0.170313 0.214583
1 0.732031 0.611458 0.192188 0.243750
1 0.580469 0.873958 0.145313 0.218750
1 0.212500 0.712500 0.168750 0.208333
0 0.112500 0.165625 0.178125 0.235417
1 0.853125 0.112500 0.178125 0.212500
1 0.945312 0.944792 0.109375 0.110417
1 0.019531 0.494792 0.039062 0.231250
1 0.966406 0.055208 0.067188 0.110417
1 0.378125 0.301042 0.153125 0.214583
1 0.891406 0.420833 0.170313 0.233333
1 0.079687 0.913542 0.153125 0.172917
1 0.705469 0.900000 0.164062 0.183333
1 0.294531 0.208333 0.164062 0.250000
1 0.191406 0.517708 0.151562 0.231250
2 0.555469 0.118750 0.067188 0.087500
2 0.139063 0.397917 0.059375 0.075000
1 0.930469 0.651042 0.139063 0.289583
1 0.829688 0.912500 0.156250 0.175000
1 0.564844 0.478125 0.170313 0.214583
1 0.732031 0.611458 0.192188 0.243750
1 0.580469 0.873958 0.145313 0.218750
1 0.212500 0.712500 0.168750 0.208333
0 0.112500 0.165625 0.178125 0.235417
1 0.853125 0.112500 0.178125 0.212500
1 0.945312 0.944792 0.109375 0.110417
1 0.019531 0.494792 0.039062 0.231250
1 0.966406 0.055208 0.067188 0.110417
1 0.378125 0.301042 0.153125 0.214583
1 0.891406 0.420833 0.170313 0.233333
1 0.079687 0.913542 0.153125 0.172917
1 0.705469 0.900000 0.164062 0.183333
1 0.294531 0.208333 0.164062 0.250000
1 0.191406 0.517708 0.151562 0.231250
2 0.555469 0.118750 0.067188 0.087500
2 0.139063 0.397917 0.059375 0.075000
1 0.930469 0.651042 0.139063 0.289583
1 0.829688 0.912500 0.156250 0.175000
1 0.564844 0.478125 0.170313 0.214583
1 0.732031 0.611458 0.192188 0.243750
1 0.580469 0.873958 0.145313 0.218750
1 0.212500 0.712500 0.168750 0.208333
0 0.112500 0.165625 0.178125 0.235417
1 0.853125 0.112500 0.178125 0.212500
1 0.945312 0.944792 0.109375 0.110417
1 0.019531 0.494792 0.039062 0.231250
1 0.966406 0.055208 0.067188 0.110417
1 0.378125 0.301042 0.153125 0.214583
1 0.891406 0.420833 0.170313 0.233333
1 0.079687 0.913542 0.153125 0.172917
1 0.705469 0.900000 0.164062 0.183333
1 0.294531 0.208333 0.164062 0.250000
1 0.191406 0.517708 0.151562 0.231250
2 0.555469 0.118750 0.067188 0.087500
2 0.139063 0.397917 0.059375 0.075000
1 0.930469 0.651042 0.139063 0.289583
1 0.829688 0.912500 0.156250 0.175000
1 0.564844 0.478125 0.170313 0.214583
1 0.732031 0.611458 0.192188 0.243750
1 0.580469 0.873958 0.145313 0.218750
1 0.212500 0.712500 0.168750 0.208333
0 0.112500 0.165625 0.178125 0.235417
