1 0.949219 0.852083 0.101562 0.200000
2 0.796875 0.433333 0.059375 0.075000
1 0.658594 0.410417 0.189063 0.216667
1 0.414062 0.123958 0.187500 0.247917
1 0.078906 0.320833 0.154688 0.191667
1 0.441406 0.868750 0.154688 0.250000
2 0.621094 0.257292 0.070312 0.089583
1 0.811719 0.877083 0.173438 0.158333
1 0.888281 0.335417 0.151562 0.204167
1 0.242188 0.833333 0.187500 0.250000
1 0.527344 0.455208 0.182812 0.222917
0 0.636719 0.772917 0.210938 0.270833
1 0.949219 0.852083 0.101562 0.200000
2 0.796875 0.433333 0.059375 0.075000
1 0.658594 0.410417 0.189063 0.216667
1 0.414062 0.123958 0.187500 0.247917
1 0.078906 0.320833 0.154688 0.191667
1 0.441406 0.868750 0.154688 0.250000
2 0.621094 0.257292 0.070312 0.089583
1 0.811719 0.877083 0.173438 0.158333
1 0.888281 0.335417 0.151562 0.204167
1 0.242188 0.833333 0.187500 0.250000
1 0.527344 0.455208 0.182812 0.222917
0 0.636719 0.772917 0.210938 0.270833
1 0.949219 0.852083 0.101562 0.200000
2 0.796875 0.433333 0.059375 0.075000
1 0.658594 0.410417 0.189063 0.216667
1 0.414062 0.123958 0.187500 0.247917
1 0.078906 0.320833 0.154688 0.191667
1 0.441406 0.868750 0.154688 0.250000
2 0.621094 0.257292 0.070312 0.089583
1 0.811719 0.877083 0.173438 0.158333
1 0.888281 0.335417 0.151562 0.204167
1 0.242188 0.833333 0.187500 0.250000
1 0.527344 0.455208 0.182812 0.222917
0 0.636719 0.772917 0.210938 0.270833
1 0.949219 0.852083 0.101562 0.200000
2 0.796875 0.433333 0.059375 0.075000
1 0.658594 0.410417 0.189063 0.216667
1 0.414062 0.123958 0.187500 0.247917
1 0.078906 0.320833 0.154688 0.191667
1 0.441406 0.868750 0.154688 0.250000
2 0.621094 0.257292 0.070312 0.089583
1 0.811719 0.877083 0.173438 0.158333
1 0.888281 0.335417 0.151562 0.204167
1 0.242188 0.833333 0.187500 0.250000
1 0.527344 0.455208 0.182812 0.222917
0 0.636719 0.772917 0.210938 0.270833
1 0.949219 0.852083 0.101562 0.200000
2 0.796875 0.433333 0.059375 0.075000
1 0.658594 0.410417 0.189063 0.216667
1 0.414062 0.123958 0.187500 0.247917
1 0.078906 0.320833 0.154688 0.191667
1 0.441406 0.868750 0.154688 0.250000
2 0.621094 0.257292 0.070312 0.089583
1 0.811719 0.877083 0.173438 0.158333
1 0.888281 0.335417 0.151562 0.204167
1 0.242188 0.833333 0.187500 0.250000
1 0.527344 0.455208 0.182812 0.222917
0 0.636719 0.772917 0.210938 0.270833
1 0.949219 0.852083 0.101562 0.200000
2 0.796875 0.433333 0.059375 0.075000
1 0.658594 0.410417 0.189063 0.216667
1 0.414062 0.123958 0.187500 0.247917
1 0.078906 0.320833 0.154688 0.191667
1 0.441406 0.868750 0.154688 0.250000
2 0.621094 0.257292 0.070312 0.089583
1 0.811719 0.877083 0.173438 0.158333
1 0.888281 0.335417 0.151562 0.204167
1 0.242188 0.833333 0.187500 0.250000
1 0.527344 0.455208 0.182812 0.222917
0 0.636719 0.772917 0.210938 0.270833
1 0.949219 0.852083 0.101562 0.200000
2 0.796875 0.433333 0.059375 0.075000
1 0.658594 0.410417 0.189063 0.216667
1 0.414062 0.123958 0.187500 0.247917
1 0.078906 0.320833 0.154688 0.191667
1 0.441406 0.868750 0.154688 0.250000
2 0.621094 0.257292 0.070312 0.089583
1 0.811719 0.877083 0.173438 0.158333
1 0.888281 0.335417 0.151562 0.204167
1 0.242188 0.833333 0.187500 0.250000
1 0.527344 0.455208 0.182812 0.222917
0 0.636719 0.772917 0.210938 0.270833
1 0.949219 0.852083 0.101562 0.200000
2 0.796875 0.433333 0.059375 0.075000
1 0.658594 0.410417 0.189063 0.216667
1 0.414062 0.123958 0.187500 0.247917
1 0.078906 0.320833 0.154688 0.191667
1 0.441406 0.868750 0.154688 0.250000
2 0.621094 0.257292 0.070312 0.089583
1 0.811719 0.877083 0.173438 0.158333
1 0.888281 0.335417 0.151562 0.204167
1 0.242188 0.833333 0.187500 0.250000
1 0.527344 0.455208 0.182812 0.222917
0 0.636719 0.772917 0.210938 0.270833
1 0.949219 0.852083 0.101562 0.200000
2 0.796875 0.433333 0.059375 0.075000
1 0.658594 0.410417 0.189063 0.216667
1 0.414062 0.123958 0.187500 0.247917
1 0.078906 0.320833 0.154688 0.191667
1 0.441406 0.868750 0.154688 0.250000
2 0.621094 0.257292 0.070312 0.089583
1 0.811719 0.877083 0.173438 0.158333
1 0.888281 0.335417 0.151562 0.204167
1 0.242188 0.833333 0.187500 0.250000
1 0.527344 0.455208 0.182812 0.222917
0 0.636719 0.772917 0.210938 0.270833
1 0.949219 0.852083 0.101562 0.200000
2 0.796875 0.433333 0.059375 0.075000
1 0.658594 0.410417 0.189063 0.216667
1 0.414062 0.123958 0.187500 0.247917
1 0.078906 0.320833 0.154688 0.191667
1 0.441406 0.868750 0.154688 0.250000
2 0.621094 0.257292 0.070312 0.089583
1 0.811719 0.877083 0.173438 0.158333
1 0.888281 0.335417 0.151562 0.204167
1 0.242188 0.833333 0.187500 0.250000
1 0.527344 0.455208 0.182812 0.222917
0 0.636719 0.772917 0.210938 0.270833
1 0.949219 0.852083 0.101562 0.200000
2 0.796875 0.433333 0.059375 0.075000
1 0.658594 0.410417 0.189063 0.216667
1 0.414062 0.123958 0.187500 0.247917
1 0.078906 0.320833 0.154688 0.191667
1 0.441406 0.868750 0.154688 0.250000
2 0.621094 0.257292 0.070312 0.089583
1 0.811719 0.877083 0.173438 0.158333
1 0.888281 0.335417 0.151562 0.204167
1 0.242188 0.833333 0.187500 0.250000
1 0.527344 0.455208 0.182812 0.222917
0 0.636719 0.772917 0.210938 0.270833
1 0.949219 0.852083 0.101562 0.200000
2 0.796875 0.433333 0.059375 0.075000
1 0.658594 0.410417 0.189063 0.216667
1 0.414062 0.123958 0.187500 0.247917
1 0.078906 0.320833 0.154688 0.191667
1 0.441406 0.868750 0.154688 0.250000
2 0.621094 0.257292 0.070312 0.089583
1 0.811719 0.877083 0.173438 0.158333
1 0.888281 0.335417 0.151562 0.204167
1 0.242188 0.833333 0.187500 0.250000
1 0.527344 0.455208 0.182812 0.222917
0 0.636719 0.772917 0.210938 0.270833
