1 0.417188 0.618750 0.146875 0.166667
1 0.030469 0.433333 0.060938 0.250000
1 0.575000 0.968750 0.165625 0.062500
1 0.957812 0.077083 0.084375 0.154167
2 0.178125 0.716667 0.046875 0.066667
1 0.948438 0.722917 0.103125 0.220833
1 0.756250 0.034375 0.171875 0.068750
1 0.732031 0.905208 0.160938 0.185417
1 0.100781 0.076042 0.148438 0.147917
1 0.460938 0.805208 0.171875 0.227083
1 0.606250 0.592708 0.140625 0.206250
1 0.293750 0.798958 0.187500 0.252083
1 0.583594 0.375000 0.157813 0.216667
1 0.770312 0.263542 0.153125 0.181250
0 0.372656 0.408333 0.251563 0.312500
1 0.417188 0.618750 0.146875 0.166667
1 0.030469 0.433333 0.060938 0.250000
1 0.575000 0.968750 0.165625 0.062500
1 0.957812 0.077083 0.084375 0.154167
2 0.178125 0.716667 0.046875 0.066667
1 0.948438 0.722917 0.103125 0.220833
1 0.756250 0.034375 0.171875 0.068750
1 0.732031 0.905208 0.160938 0.185417
1 0.100781 0.076042 0.148438 0.147917
1 0.460938 0.805208 0.171875 0.227083
1 0.606250 0.592708 0.140625 0.206250
1 0.293750 0.798958 0.187500 0.252083
1 0.583594 0.375000 0.157813 0.216667
1 0.770312 0.263542 0.153125 0.181250
0 0.372656 0.408333 0.251563 0.312500
1 0.417188 0.618750 0.146875 0.166667
1 0.030469 0.433333 0.060938 0.250000
1 0.575000 0.968750 0.165625 0.062500
1 0.957812 0.077083 0.084375 0.154167
2 0.178125 0.716667 0.046875 0.066667
1 0.948438 0.722917 0.103125 0.220833
1 0.756250 0.034375 0.171875 0.068750
1 0.732031 0.905208 0.160938 0.185417
1 0.100781 0.076042 0.148438 0.147917
1 0.460938 0.805208 0.171875 0.227083
1 0.606250 0.592708 0.140625 0.206250
1 0.293750 0.798958 0.187500 0.252083
1 0.583594 0.375000 0.157813 0.216667
1 0.770312 0.263542 0.153125 0.181250
0 0.372656 0.408333 0.251563 0.312500
1 0.417188 0.618750 0.146875 0.166667
1 0.030469 0.433333 0.060938 0.250000
1 0.575000 0.968750 0.165625 0.062500
1 0.957812 0.077083 0.084375 0.154167
2 0.178125 0.716667 0.046875 0.066667
1 0.948438 0.722917 0.103125 0.220833
1 0.756250 0.034375 0.171875 0.068750
1 0.732031 0.905208 0.160938 0.185417
1 0.100781 0.076042 0.148438 0.147917
1 0.460938 0.805208 0.171875 0.227083
1 0.606250 0.592708 0.140625 0.206250
1 0.293750 0.798958 0.187500 0.252083
1 0.583594 0.375000 0.157813 0.216667
1 0.770312 0.263542 0.153125 0.181250
0 0.372656 0.408333 0.251563 0.312500
1 0.417188 0.618750 0.146875 0.166667
1 0.030469 0.433333 0.060938 0.250000
1 0.575000 0.968750 0.165625 0.062500
1 0.957812 0.077083 0.084375 0.154167
2 0.178125 0.716667 0.046875 0.066667
1 0.948438 0.722917 0.103125 0.220833
1 0.756250 0.034375 0.171875 0.068750
1 0.732031 0.905208 0.160938 0.185417
1 0.100781 0.076042 0.148438 0.147917
1 0.460938 0.805208 0.171875 0.227083
1 0.606250 0.592708 0.140625 0.206250
1 0.293750 0.798958 0.187500 0.252083
1 0.583594 0.375000 0.157813 0.216667
1 0.770312 0.263542 0.153125 0.181250
0 0.372656 0.408333 0.251563 0.312500
1 0.417188 0.618750 0.146875 0.166667
1 0.030469 0.433333 0.060938 0.250000
1 0.575000 0.968750 0.165625 0.062500
1 0.957812 0.077083 0.084375 0.154167
2 0.178125 0.716667 0.046875 0.066667
1 0.948438 0.722917 0.103125 0.220833
1 0.756250 0.034375 0.171875 0.068750
1 0.732031 0.905208 0.160938 0.185417
1 0.100781 0.076042 0.148438 0.147917
1 0.460938 0.805208 0.171875 0.227083
1 0.606250 0.592708 0.140625 0.206250
1 0.293750 0.798958 0.187500 0.252083
1 0.583594 0.375000 0.157813 0.216667
1 0.770312 0.263542 0.153125 0.181250
0 0.372656 0.408333 0.251563 0.312500
1 0.417188 0.618750 0.146875 0.166667
1 0.030469 0.433333 0.060938 0.250000
1 0.575000 0.968750 0.165625 0.062500
1 0.957812 0.077083 0.084375 0.154167
2 0.178125 0.716667 0.046875 0.066667
1 0.948438 0.722917 0.103125 0.220833
1 0.756250 0.034375 0.171875 0.068750
1 0.732031 0.905208 0.160938 0.185417
1 0.100781 0.076042 0.148438 0.147917
1 0.460938 0.805208 0.171875 0.227083
1 0.606250 0.592708 0.140625 0.206250
1 0.293750 0.798958 0.187500 0.252083
1 0.583594 0.375000 0.157813 0.216667
1 0.770312 0.263542 0.153125 0.181250
0 0.372656 0.408333 0.251563 0.312500
1 0.417188 0.618750 0.146875 0.166667
1 0.030469 0.433333 0.060938 0.250000
1 0.575000 0.968750 0.165625 0.062500
1 0.957812 0.077083 0.084375 0.154167
2 0.178125 0.716667 0.046875 0.066667
1 0.948438 0.722917 0.103125 0.220833
1 0.756250 0.034375 0.171875 0.068750
1 0.732031 0.905208 0.160938 0.185417
1 0.100781 0.076042 0.148438 0.147917
1 0.460938 0.805208 0.171875 0.227083
1 0.606250 0.592708 0.140625 0.206250
1 0.293750 0.798958 0.187500 0.252083
1 0.583594 0.375000 0.157813 0.216667
1 0.770312 0.263542 0.153125 0.181250
0 0.372656 0.408333 0.251563 0.312500
1 0.417188 0.618750 0.146875 0.166667
1 0.030469 0.433333 0.060938 0.250000
1 0.575000 0.968750 0.165625 0.062500
1 0.957812 0.077083 0.084375 0.154167
2 0.178125 0.716667 0.046875 0.066667
1 0.948438 0.722917 0.103125 0.220833
1 0.756250 0.034375 0.171875 0.068750
1 0.732031 0.905208 0.160938 0.185417
1 0.100781 0.076042 0.148438 0.147917
1 0.460938 0.805208 0.171875 0.227083
1 0.606250 0.592708 0.140625 0.206250
1 0.293750 0.798958 0.187500 0.252083
1 0.583594 0.375000 0.157813 0.216667
1 0.770312 0.263542 0.153125 0.181250
0 0.372656 0.408333 0.251563 0.312500
1 0.417188 0.618750 0.146875 0.166667
1 0.030469 0.433333 0.060938 0.250000
1 0.575000 0.968750 0.165625 0.062500
1 0.957812 0.077083 0.084375 0.154167
2 0.178125 0.716667 0.046875 0.066667
1 0.948438 0.722917 0.103125 0.220833
1 0.756250 0.034375 0.171875 0.068750
1 0.732031 0.905208 0.160938 0.185417
1 0.100781 0.076042 0.148438 0.147917
1 0.460938 0.805208 0.171875 0.227083
1 0.606250 0.592708 0.140625 0.206250
1 0.293750 0.798958 0.187500 0.252083
1 0.583594 0.375000 0.157813 0.216667
1 0.770312 0.263542 0.153125 0.181250
0 0.372656 0.408333 0.251563 0.312500
1 0.417188 0.618750 0.146875 0.166667
1 0.030469 0.433333 0.060938 0.250000
1 0.575000 0.968750 0.165625 0.062500
1 0.957812 0.077083 0.084375 0.154167
2 0.178125 0.716667 0.046875 0.066667
1 0.948438 0.722917 0.103125 0.220833
1 0.756250 0.034375 0.171875 0.068750
1 0.732031 0.905208 0.160938 0.185417
1 0.100781 0.076042 0.148438 0.147917
1 0.460938 0.805208 0.171875 0.227083
1 0.606250 0.592708 0.140625 0.206250
1 0.293750 0.798958 0.187500 0.252083
1 0.583594 0.375000 0.157813 0.216667
1 0.770312 0.263542 0.153125 0.181250
0 0.372656 0.408333 0.251563 0.312500
1 0.417188 0.618750 0.146875 0.166667
1 0.030469 0.433333 0.060938 0.250000
1 0.575000 0.968750 0.165625 0.062500
1 0.957812 0.077083 0.084375 0.154167
2 0.178125 0.716667 0.046875 0.066667
1 0.948438 0.722917 0.103125 0.220833
1 0.756250 0.034375 0.171875 0.068750
1 0.732031 0.905208 0.160938 0.185417
1 0.100781 0.076042 0.148438 0.147917
1 0.460938 0.805208 0.171875 0.227083
1 0.606250 0.592708 0.140625 0.206250
1 0.293750 0.798958 0.187500 0.252083
1 0.583594 0.375000 0.157813 0.216667
1 0.770312 0.263542 0.153125 0.181250
0 0.372656 0.408333 0.251563 0.312500
1 0.417188 0.618750 0.146875 0.166667
1 0.030469 0.433333 0.060938 0.250000
1 0.575000 0.968750 0.165625 0.062500
1 0.957812 0.077083 0.084375 0.154167
2 0.178125 0.716667 0.046875 0.066667
1 0.948438 0.722917 0.103125 0.220833
1 0.756250 0.034375 0.171875 0.068750
1 0.732031 0.905208 0.160938 0.185417
1 0.100781 0.076042 0.148438 0.147917
1 0.460938 0.805208 0.171875 0.227083
1 0.606250 0.592708 0.140625 0.206250
1 0.293750 0.798958 0.187500 0.252083
1 0.583594 0.375000 0.157813 0.216667
1 0.770312 0.263542 0.153125 0.181250
0 0.372656 0.408333 0.251563 0.312500
1 0.417188 0.618750 0.146875 0.166667
1 0.030469 0.433333 0.060938 0.250000
1 0.575000 0.968750 0.165625 0.062500
1 0.957812 0.077083 0.084375 0.154167
2 0.178125 0.716667 0.046875 0.066667
1 0.948438 0.722917 0.103125 0.220833
1 0.756250 0.034375 0.171875 0.068750
1 0.732031 0.905208 0.160938 0.185417
1 0.100781 0.076042 0.148438 0.147917
1 0.460938 0.805208 0.171875 0.227083
1 0.606250 0.592708 0.140625 0.206250
1 0.293750 0.798958 0.187500 0.252083
1 0.583594 0.375000 0.157813 0.216667
1 0.770312 0.263542 0.153125 0.181250
0 0.372656 0.408333 0.251563 0.312500
1 0.417188 0.618750 0.146875 0.166667
1 0.030469 0.433333 0.060938 0.250000
1 0.575000 0.968750 0.165625 0.062500
1 0.957812 0.077083 0.084375 0.154167
2 0.178125 0.716667 0.046875 0.066667
1 0.948438 0.722917 0.103125 0.220833
1 0.756250 0.034375 0.171875 0.068750
1 0.732031 0.905208 0.160938 0.185417
1 0.100781 0.076042 0.148438 0.147917
1 0.460938 0.805208 0.171875 0.227083
1 0.606250 0.592708 0.140625 0.206250
1 0.293750 0.798958 0.187500 0.252083
1 0.583594 0.375000 0.157813 0.216667
1 0.770312 0.263542 0.153125 0.181250
0 0.372656 0.408333 0.251563 0.312500
