1 0.021094 0.720833 0.042188 0.233333
1 0.971094 0.611458 0.057813 0.214583
1 0.221094 0.942708 0.132812 0.110417
1 0.254688 0.033333 0.250000 0.066667
1 0.150000 0.536458 0.181250 0.193750
1 0.922656 0.876042 0.151562 0.235417
1 0.617969 0.900000 0.164062 0.200000
1 0.323438 0.559375 0.146875 0.202083
1 0.927344 0.392708 0.145313 0.235417
1 0.070312 0.897917 0.140625 0.200000
1 0.612500 0.621875 0.153125 0.227083
1 0.194531 0.767708 0.157813 0.214583
1 0.430469 0.382292 0.214062 0.297917
1 0.625000 0.256250 0.190625 0.320833
0 0.396094 0.811458 0.348438 0.377083
1 0.860938 0.219792 0.190625 0.252083
1 0.021094 0.720833 0.042188 0.233333
1 0.971094 0.611458 0.057813 0.214583
1 0.221094 0.942708 0.132812 0.110417
1 0.254688 0.033333 0.250000 0.066667
1 0.150000 0.536458 0.181250 0.193750
1 0.922656 0.876042 0.151562 0.235417
1 0.617969 0.900000 0.164062 0.200000
1 0.323438 0.559375 0.146875 0.202083
1 0.927344 0.392708 0.145313 0.235417
1 0.070312 0.897917 0.140625 0.200000
1 0.612500 0.621875 0.153125 0.227083
1 0.194531 0.767708 0.157813 0.214583
1 0.430469 0.382292 0.214062 0.297917
1 0.625000 0.256250 0.190625 0.320833
0 0.396094 0.811458 0.348438 0.377083
1 0.860938 0.219792 0.190625 0.252083
1 0.021094 0.720833 0.042188 0.233333
1 0.971094 0.611458 0.057813 0.214583
1 0.221094 0.942708 0.132812 0.110417
1 0.254688 0.033333 0.250000 0.066667
1 0.150000 0.536458 0.181250 0.193750
1 0.922656 0.876042 0.151562 0.235417
1 0.617969 0.900000 0.164062 0.200000
1 0.323438 0.559375 0.146875 0.202083
1 0.927344 0.392708 0.145313 0.235417
1 0.070312 0.897917 0.140625 0.200000
1 0.612500 0.621875 0.153125 0.227083
1 0.194531 0.767708 0.157813 0.214583
1 0.430469 0.382292 0.214062 0.297917
1 0.625000 0.256250 0.190625 0.320833
0 0.396094 0.811458 0.348438 0.377083
1 0.860938 0.219792 0.190625 0.252083
1 0.021094 0.720833 0.042188 0.233333
1 0.971094 0.611458 0.057813 0.214583
1 0.221094 0.942708 0.132812 0.110417
1 0.254688 0.033333 0.250000 0.066667
1 0.150000 0.536458 0.181250 0.193750
1 0.922656 0.876042 0.151562 0.235417
1 0.617969 0.900000 0.164062 0.200000
1 0.323438 0.559375 0.146875 0.202083
1 0.927344 0.392708 0.145313 0.235417
1 0.070312 0.897917 0.140625 0.200000
1 0.612500 0.621875 0.153125 0.227083
1 0.194531 0.767708 0.157813 0.214583
1 0.430469 0.382292 0.214062 0.297917
1 0.625000 0.256250 0.190625 0.320833
0 0.396094 0.811458 0.348438 0.377083
1 0.860938 0.219792 0.190625 0.252083
1 0.021094 0.720833 0.042188 0.233333
1 0.971094 0.611458 0.057813 0.214583
1 0.221094 0.942708 0.132812 0.110417
1 0.254688 0.033333 0.250000 0.066667
1 0.150000 0.536458 0.181250 0.193750
1 0.922656 0.876042 0.151562 0.235417
1 0.617969 0.900000 0.164062 0.200000
1 0.323438 0.559375 0.146875 0.202083
1 0.927344 0.392708 0.145313 0.235417
1 0.070312 0.897917 0.140625 0.200000
1 0.612500 0.621875 0.153125 0.227083
1 0.194531 0.767708 0.157813 0.214583
1 0.430469 0.382292 0.214062 0.297917
1 0.625000 0.256250 0.190625 0.320833
0 0.396094 0.811458 0.348438 0.377083
1 0.860938 0.219792 0.190625 0.252083
1 0.021094 0.720833 0.042188 0.233333
1 0.971094 0.611458 0.057813 0.214583
1 0.221094 0.942708 0.132812 0.110417
1 0.254688 0.033333 0.250000 0.066667
1 0.150000 0.536458 0.181250 0.193750
1 0.922656 0.876042 0.151562 0.235417
1 0.617969 0.900000 0.164062 0.200000
1 0.323438 0.559375 0.146875 0.202083
1 0.927344 0.392708 0.145313 0.235417
1 0.070312 0.897917 0.140625 0.200000
1 0.612500 0.621875 0.153125 0.227083
1 0.194531 0.767708 0.157813 0.214583
1 0.430469 0.382292 0.214062 0.297917
1 0.625000 0.256250 0.190625 0.320833
0 0.396094 0.811458 0.348438 0.377083
1 0.860938 0.219792 0.190625 0.252083
1 0.021094 0.720833 0.042188 0.233333
1 0.971094 0.611458 0.057813 0.214583
1 0.221094 0.942708 0.132812 0.110417
1 0.254688 0.033333 0.250000 0.066667
1 0.150000 0.536458 0.181250 0.193750
1 0.922656 0.876042 0.151562 0.235417
1 0.617969 0.900000 0.164062 0.200000
1 0.323438 0.559375 0.146875 0.202083
1 0.927344 0.392708 0.145313 0.235417
1 0.070312 0.897917 0.140625 0.200000
1 0.612500 0.621875 0.153125 0.227083
1 0.194531 0.767708 0.157813 0.214583
1 0.430469 0.382292 0.214062 0.297917
1 0.625000 0.256250 0.190625 0.320833
0 0.396094 0.811458 0.348438 0.377083
1 0.860938 0.219792 0.190625 0.252083
1 0.021094 0.720833 0.042188 0.233333
1 0.971094 0.611458 0.057813 0.214583
1 0.221094 0.942708 0.132812 0.110417
1 0.254688 0.033333 0.250000 0.066667
1 0.150000 0.536458 0.181250 0.193750
1 0.922656 0.876042 0.151562 0.235417
1 0.617969 0.900000 0.164062 0.200000
1 0.323438 0.559375 0.146875 0.202083
1 0.927344 0.392708 0.145313 0.235417
1 0.070312 0.897917 0.140625 0.200000
1 0.612500 0.621875 0.153125 0.227083
1 0.194531 0.767708 0.157813 0.214583
1 0.430469 0.382292 0.214062 0.297917
1 0.625000 0.256250 0.190625 0.320833
0 0.396094 0.811458 0.348438 0.377083
1 0.860938 0.219792 0.190625 0.252083
1 0.021094 0.720833 0.042188 0.233333
1 0.971094 0.611458 0.057813 0.214583
1 0.221094 0.942708 0.132812 0.110417
1 0.254688 0.033333 0.250000 0.066667
1 0.150000 0.536458 0.181250 0.193750
1 0.922656 0.876042 0.151562 0.235417
1 0.617969 0.900000 0.164062 0.200000
1 0.323438 0.559375 0.146875 0.202083
1 0.927344 0.392708 0.145313 0.235417
1 0.070312 0.897917 0.140625 0.200000
1 0.612500 0.621875 0.153125 0.227083
1 0.194531 0.767708 0.157813 0.214583
1 0.430469 0.382292 0.214062 0.297917
1 0.625000 0.256250 0.190625 0.320833
0 0.396094 0.811458 0.348438 0.377083
1 0.860938 0.219792 0.190625 0.252083
1 0.021094 0.720833 0.042188 0.233333
1 0.971094 0.611458 0.057813 0.214583
1 0.221094 0.942708 0.132812 0.110417
1 0.254688 0.033333 0.250000 0.066667
1 0.150000 0.536458 0.181250 0.193750
1 0.922656 0.876042 0.151562 0.235417
1 0.617969 0.900000 0.164062 0.200000
1 0.323438 0.559375 0.146875 0.202083
1 0.927344 0.392708 0.145313 0.235417
1 0.070312 0.897917 0.140625 0.200000
1 0.612500 0.621875 0.153125 0.227083
1 0.194531 0.767708 0.157813 0.214583
1 0.430469 0.382292 0.214062 0.297917
1 0.625000 0.256250 0.190625 0.320833
0 0.396094 0.811458 0.348438 0.377083
1 0.860938 0.219792 0.190625 0.252083
1 0.021094 0.720833 0.042188 0.233333
1 0.971094 0.611458 0.057813 0.214583
1 0.221094 0.942708 0.132812 0.110417
1 0.254688 0.033333 0.250000 0.066667
1 0.150000 0.536458 0.181250 0.193750
1 0.922656 0.876042 0.151562 0.235417
1 0.617969 0.900000 0.164062 0.200000
1 0.323438 0.559375 0.146875 0.202083
1 0.927344 0.392708 0.145313 0.235417
1 0.070312 0.897917 0.140625 0.200000
1 0.612500 0.621875 0.153125 0.227083
1 0.194531 0.767708 0.157813 0.214583
1 0.430469 0.382292 0.214062 0.297917
1 0.625000 0.256250 0.190625 0.320833
0 0.396094 0.811458 0.348438 0.377083
1 0.860938 0.219792 0.190625 0.252083
1 0.021094 0.720833 0.042188 0.233333
1 0.971094 0.611458 0.057813 0.214583
1 0.221094 0.942708 0.132812 0.110417
1 0.254688 0.033333 0.250000 0.066667
1 0.150000 0.536458 0.181250 0.193750
1 0.922656 0.876042 0.151562 0.235417
1 0.617969 0.900000 0.164062 0.200000
1 0.323438 0.559375 0.146875 0.202083
1 0.927344 0.392708 0.145313 0.235417
1 0.070312 0.897917 0.140625 0.200000
1 0.612500 0.621875 0.153125 0.227083
1 0.194531 0.767708 0.157813 0.214583
1 0.430469 0.382292 0.214062 0.297917
1 0.625000 0.256250 0.190625 0.320833
0 0.396094 0.811458 0.348438 0.377083
1 0.860938 0.219792 0.190625 0.252083
1 0.021094 0.720833 0.042188 0.233333
1 0.971094 0.611458 0.057813 0.214583
1 0.221094 0.942708 0.132812 0.110417
1 0.254688 0.033333 0.250000 0.066667
1 0.150000 0.536458 0.181250 0.193750
1 0.922656 0.876042 0.151562 0.235417
1 0.617969 0.900000 0.164062 0.200000
1 0.323438 0.559375 0.146875 0.202083
1 0.927344 0.392708 0.145313 0.235417
1 0.070312 0.897917 0.140625 0.200000
1 0.612500 0.621875 0.153125 0.227083
1 0.194531 0.767708 0.157813 0.214583
1 0.430469 0.382292 0.214062 0.297917
1 0.625000 0.256250 0.190625 0.320833
0 0.396094 0.811458 0.348438 0.377083
1 0.860938 0.219792 0.190625 0.252083
1 0.021094 0.720833 0.042188 0.233333
1 0.971094 0.611458 0.057813 0.214583
1 0.221094 0.942708 0.132812 0.110417
1 0.254688 0.033333 0.250000 0.066667
1 0.150000 0.536458 0.181250 0.193750
1 0.922656 0.876042 0.151562 0.235417
1 0.617969 0.900000 0.164062 0.200000
1 0.323438 0.559375 0.146875 0.202083
1 0.927344 0.392708 0.145313 0.235417
1 0.070312 0.897917 0.140625 0.200000
1 0.612500 0.621875 0.153125 0.227083
1 0.194531 0.767708 0.157813 0.214583
1 0.430469 0.382292 0.214062 0.297917
1 0.625000 0.256250 0.190625 0.320833
0 0.396094 0.811458 0.348438 0.377083
1 0.860938 0.219792 0.190625 0.252083
1 0.021094 0.720833 0.042188 0.233333
1 0.971094 0.611458 0.057813 0.214583
1 0.221094 0.942708 0.132812 0.110417
1 0.254688 0.033333 0.250000 0.066667
1 0.150000 0.536458 0.181250 0.193750
1 0.922656 0.876042 0.151562 0.235417
1 0.617969 0.900000 0.164062 0.200000
1 0.323438 0.559375 0.146875 0.202083
1 0.927344 0.392708 0.145313 0.235417
1 0.070312 0.897917 0.140625 0.200000
1 0.612500 0.621875 0.153125 0.227083
1 0.194531 0.767708 0.157813 0.214583
1 0.430469 0.382292 0.214062 0.297917
1 0.625000 0.256250 0.190625 0.320833
0 0.396094 0.811458 0.348438 0.377083
1 0.860938 0.219792 0.190625 0.252083
1 0.021094 0.720833 0.042188 0.233333
1 0.971094 0.611458 0.057813 0.214583
1 0.221094 0.942708 0.132812 0.110417
1 0.254688 0.033333 0.250000 0.066667
1 0.150000 0.536458 0.181250 0.193750
1 0.922656 0.876042 0.151562 0.235417
1 0.617969 0.900000 0.164062 0.200000
1 0.323438 0.559375 0.146875 0.202083
1 0.927344 0.392708 0.145313 0.235417
1 0.070312 0.897917 0.140625 0.200000
1 0.612500 0.621875 0.153125 0.227083
1 0.194531 0.767708 0.157813 0.214583
1 0.430469 0.382292 0.214062 0.297917
1 0.625000 0.256250 0.190625 0.320833
0 0.396094 0.811458 0.348438 0.377083
1 0.860938 0.219792 0.190625 0.252083
