1 0.982031 0.495833 0.035937 0.183333
1 0.970313 0.935417 0.056250 0.125000
1 0.910156 0.221875 0.176563 0.193750
1 0.487500 0.056250 0.175000 0.112500
1 0.409375 0.945833 0.168750 0.104167
1 0.692969 0.536458 0.164062 0.210417
1 0.661719 0.057292 0.164062 0.114583
1 0.946875 0.707292 0.103125 0.218750
1 0.175000 0.926042 0.171875 0.147917
1 0.185156 0.126042 0.217188 0.139583
1 0.232813 0.269792 0.140625 0.197917
1 0.057031 0.275000 0.114063 0.229167
1 0.856250 0.066667 0.156250 0.129167
1 0.922656 0.343750 0.154688 0.208333
1 0.073438 0.842708 0.143750 0.239583
1 0.666406 0.384375 0.189063 0.227083
1 0.550000 0.889583 0.150000 0.200000
0 0.160938 0.544792 0.318750 0.439583
1 0.392188 0.725000 0.171875 0.212500
1 0.380469 0.353125 0.173438 0.247917
1 0.371094 0.114583 0.195312 0.225000
1 0.832031 0.852083 0.167187 0.229167
1 0.673438 0.752083 0.165625 0.220833
1 0.563281 0.204167 0.182812 0.216667
1 0.982031 0.495833 0.035937 0.183333
1 0.970313 0.935417 0.056250 0.125000
1 0.910156 0.221875 0.176563 0.193750
1 0.487500 0.056250 0.175000 0.112500
1 0.409375 0.945833 0.168750 0.104167
1 0.692969 0.536458 0.164062 0.210417
1 0.661719 0.057292 0.164062 0.114583
1 0.946875 0.707292 0.103125 0.218750
1 0.175000 0.926042 0.171875 0.147917
1 0.185156 0.126042 0.217188 0.139583
1 0.232813 0.269792 0.140625 0.197917
1 0.057031 0.275000 0.114063 0.229167
1 0.856250 0.066667 0.156250 0.129167
1 0.922656 0.343750 0.154688 0.208333
1 0.073438 0.842708 0.143750 0.239583
1 0.666406 0.384375 0.189063 0.227083
1 0.550000 0.889583 0.150000 0.200000
0 0.160938 0.544792 0.318750 0.439583
1 0.392188 0.725000 0.171875 0.212500
1 0.380469 0.353125 0.173438 0.247917
1 0.371094 0.114583 0.195312 0.225000
1 0.832031 0.852083 0.167187 0.229167
1 0.673438 0.752083 0.165625 0.220833
1 0.563281 0.204167 0.182812 0.216667
1 0.982031 0.495833 0.035937 0.183333
1 0.970313 0.935417 0.056250 0.125000
1 0.910156 0.221875 0.176563 0.193750
1 0.487500 0.056250 0.175000 0.112500
1 0.409375 0.945833 0.168750 0.104167
1 0.692969 0.536458 0.164062 0.210417
1 0.661719 0.057292 0.164062 0.114583
1 0.946875 0.707292 0.103125 0.218750
1 0.175000 0.926042 0.171875 0.147917
1 0.185156 0.126042 0.217188 0.139583
1 0.232813 0.269792 0.140625 0.197917
1 0.057031 0.275000 0.114063 0.229167
1 0.856250 0.066667 0.156250 0.129167
1 0.922656 0.343750 0.154688 0.208333
1 0.073438 0.842708 0.143750 0.239583
1 0.666406 0.384375 0.189063 0.227083
1 0.550000 0.889583 0.150000 0.200000
0 0.160938 0.544792 0.318750 0.439583
1 0.392188 0.725000 0.171875 0.212500
1 0.380469 0.353125 0.173438 0.247917
1 0.371094 0.114583 0.195312 0.225000
1 0.832031 0.852083 0.167187 0.229167
1 0.673438 0.752083 0.165625 0.220833
1 0.563281 0.204167 0.182812 0.216667
1 0.982031 0.495833 0.035937 0.183333
1 0.970313 0.935417 0.056250 0.125000
1 0.910156 0.221875 0.176563 0.193750
1 0.487500 0.056250 0.175000 0.112500
1 0.409375 0.945833 0.168750 0.104167
1 0.692969 0.536458 0.164062 0.210417
1 0.661719 0.057292 0.164062 0.114583
1 0.946875 0.707292 0.103125 0.218750
1 0.175000 0.926042 0.171875 0.147917
1 0.185156 0.126042 0.217188 0.139583
1 0.232813 0.269792 0.140625 0.197917
1 0.057031 0.275000 0.114063 0.229167
1 0.856250 0.066667 0.156250 0.129167
1 0.922656 0.343750 0.154688 0.208333
1 0.073438 0.842708 0.143750 0.239583
1 0.666406 0.384375 0.189063 0.227083
1 0.550000 0.889583 0.150000 0.200000
0 0.160938 0.544792 0.318750 0.439583
1 0.392188 0.725000 0.171875 0.212500
1 0.380469 0.353125 0.173438 0.247917
1 0.371094 0.114583 0.195312 0.225000
1 0.832031 0.852083 0.167187 0.229167
1 0.673438 0.752083 0.165625 0.220833
1 0.563281 0.204167 0.182812 0.216667
1 0.982031 0.495833 0.035937 0.183333
1 0.970313 0.935417 0.056250 0.125000
1 0.910156 0.221875 0.176563 0.193750
1 0.487500 0.056250 0.175000 0.112500
1 0.409375 0.945833 0.168750 0.104167
1 0.692969 0.536458 0.164062 0.210417
1 0.661719 0.057292 0.164062 0.114583
1 0.946875 0.707292 0.103125 0.218750
1 0.175000 0.926042 0.171875 0.147917
1 0.185156 0.126042 0.217188 0.139583
1 0.232813 0.269792 0.140625 0.197917
1 0.057031 0.275000 0.114063 0.229167
1 0.856250 0.066667 0.156250 0.129167
1 0.922656 0.343750 0.154688 0.208333
1 0.073438 0.842708 0.143750 0.239583
1 0.666406 0.384375 0.189063 0.227083
1 0.550000 0.889583 0.150000 0.200000
0 0.160938 0.544792 0.318750 0.439583
1 0.392188 0.725000 0.171875 0.212500
1 0.380469 0.353125 0.173438 0.247917
1 0.371094 0.114583 0.195312 0.225000
1 0.832031 0.852083 0.167187 0.229167
1 0.673438 0.752083 0.165625 0.220833
1 0.563281 0.204167 0.182812 0.216667
1 0.982031 0.495833 0.035937 0.183333
1 0.970313 0.935417 0.056250 0.125000
1 0.910156 0.221875 0.176563 0.193750
1 0.487500 0.056250 0.175000 0.112500
1 0.409375 0.945833 0.168750 0.104167
1 0.692969 0.536458 0.164062 0.210417
1 0.661719 0.057292 0.164062 0.114583
1 0.946875 0.707292 0.103125 0.218750
1 0.175000 0.926042 0.171875 0.147917
1 0.185156 0.126042 0.217188 0.139583
1 0.232813 0.269792 0.140625 0.197917
1 0.057031 0.275000 0.114063 0.229167
1 0.856250 0.066667 0.156250 0.129167
1 0.922656 0.343750 0.154688 0.208333
1 0.073438 0.842708 0.143750 0.239583
1 0.666406 0.384375 0.189063 0.227083
1 0.550000 0.889583 0.150000 0.200000
0 0.160938 0.544792 0.318750 0.439583
1 0.392188 0.725000 0.171875 0.212500
1 0.380469 0.353125 0.173438 0.247917
1 0.371094 0.114583 0.195312 0.225000
1 0.832031 0.852083 0.167187 0.229167
1 0.673438 0.752083 0.165625 0.220833
1 0.563281 0.204167 0.182812 0.216667
1 0.982031 0.495833 0.035937 0.183333
1 0.970313 0.935417 0.056250 0.125000
1 0.910156 0.221875 0.176563 0.193750
1 0.487500 0.056250 0.175000 0.112500
1 0.409375 0.945833 0.168750 0.104167
1 0.692969 0.536458 0.164062 0.210417
1 0.661719 0.057292 0.164062 0.114583
1 0.946875 0.707292 0.103125 0.218750
1 0.175000 0.926042 0.171875 0.147917
1 0.185156 0.126042 0.217188 0.139583
1 0.232813 0.269792 0.140625 0.197917
1 0.057031 0.275000 0.114063 0.229167
1 0.856250 0.066667 0.156250 0.129167
1 0.922656 0.343750 0.154688 0.208333
1 0.073438 0.842708 0.143750 0.239583
1 0.666406 0.384375 0.189063 0.227083
1 0.550000 0.889583 0.150000 0.200000
0 0.160938 0.544792 0.318750 0.439583
1 0.392188 0.725000 0.171875 0.212500
1 0.380469 0.353125 0.173438 0.247917
1 0.371094 0.114583 0.195312 0.225000
1 0.832031 0.852083 0.167187 0.229167
1 0.673438 0.752083 0.165625 0.220833
1 0.563281 0.204167 0.182812 0.216667
1 0.982031 0.495833 0.035937 0.183333
1 0.970313 0.935417 0.056250 0.125000
1 0.910156 0.221875 0.176563 0.193750
1 0.487500 0.056250 0.175000 0.112500
1 0.409375 0.945833 0.168750 0.104167
1 0.692969 0.536458 0.164062 0.210417
1 0.661719 0.057292 0.164062 0.114583
1 0.946875 0.707292 0.103125 0.218750
1 0.175000 0.926042 0.171875 0.147917
1 0.185156 0.126042 0.217188 0.139583
1 0.232813 0.269792 0.140625 0.197917
1 0.057031 0.275000 0.114063 0.229167
1 0.856250 0.066667 0.156250 0.129167
1 0.922656 0.343750 0.154688 0.208333
1 0.073438 0.842708 0.143750 0.239583
1 0.666406 0.384375 0.189063 0.227083
1 0.550000 0.889583 0.150000 0.200000
0 0.160938 0.544792 0.318750 0.439583
1 0.392188 0.725000 0.171875 0.212500
1 0.380469 0.353125 0.173438 0.247917
1 0.371094 0.114583 0.195312 0.225000
1 0.832031 0.852083 0.167187 0.229167
1 0.673438 0.752083 0.165625 0.220833
1 0.563281 0.204167 0.182812 0.216667
1 0.982031 0.495833 0.035937 0.183333
1 0.970313 0.935417 0.056250 0.125000
1 0.910156 0.221875 0.176563 0.193750
1 0.487500 0.056250 0.175000 0.112500
1 0.409375 0.945833 0.168750 0.104167
1 0.692969 0.536458 0.164062 0.210417
1 0.661719 0.057292 0.164062 0.114583
1 0.946875 0.707292 0.103125 0.218750
1 0.175000 0.926042 0.171875 0.147917
1 0.185156 0.126042 0.217188 0.139583
1 0.232813 0.269792 0.140625 0.197917
1 0.057031 0.275000 0.114063 0.229167
1 0.856250 0.066667 0.156250 0.129167
1 0.922656 0.343750 0.154688 0.208333
1 0.073438 0.842708 0.143750 0.239583
1 0.666406 0.384375 0.189063 0.227083
1 0.550000 0.889583 0.150000 0.200000
0 0.160938 0.544792 0.318750 0.439583
1 0.392188 0.725000 0.171875 0.212500
1 0.380469 0.353125 0.173438 0.247917
1 0.371094 0.114583 0.195312 0.225000
1 0.832031 0.852083 0.167187 0.229167
1 0.673438 0.752083 0.165625 0.220833
1 0.563281 0.204167 0.182812 0.216667
1 0.982031 0.495833 0.035937 0.183333
1 0.970313 0.935417 0.056250 0.125000
1 0.910156 0.221875 0.176563 0.193750
1 0.487500 0.056250 0.175000 0.112500
1 0.409375 0.945833 0.168750 0.104167
1 0.692969 0.536458 0.164062 0.210417
1 0.661719 0.057292 0.164062 0.114583
1 0.946875 0.707292 0.103125 0.218750
1 0.175000 0.926042 0.171875 0.147917
1 0.185156 0.126042 0.217188 0.139583
1 0.232813 0.269792 0.140625 0.197917
1 0.057031 0.275000 0.114063 0.229167
1 0.856250 0.066667 0.156250 0.129167
1 0.922656 0.343750 0.154688 0.208333
1 0.073438 0.842708 0.143750 0.239583
1 0.666406 0.384375 0.189063 0.227083
1 0.550000 0.889583 0.150000 0.200000
0 0.160938 0.544792 0.318750 0.439583
1 0.392188 0.725000 0.171875 0.212500
1 0.380469 0.353125 0.173438 0.247917
1 0.371094 0.114583 0.195312 0.225000
1 0.832031 0.852083 0.167187 0.229167
1 0.673438 0.752083 0.165625 0.220833
1 0.563281 0.204167 0.182812 0.216667
1 0.982031 0.495833 0.035937 0.183333
1 0.970313 0.935417 0.056250 0.125000
1 0.910156 0.221875 0.176563 0.193750
1 0.487500 0.056250 0.175000 0.112500
1 0.409375 0.945833 0.168750 0.104167
1 0.692969 0.536458 0.164062 0.210417
1 0.661719 0.057292 0.164062 0.114583
1 0.946875 0.707292 0.103125 0.218750
1 0.175000 0.926042 0.171875 0.147917
1 0.185156 0.126042 0.217188 0.139583
1 0.232813 0.269792 0.140625 0.197917
1 0.057031 0.275000 0.114063 0.229167
1 0.856250 0.066667 0.156250 0.129167
1 0.922656 0.343750 0.154688 0.208333
1 0.073438 0.842708 0.143750 0.239583
1 0.666406 0.384375 0.189063 0.227083
1 0.550000 0.889583 0.150000 0.200000
0 0.160938 0.544792 0.318750 0.439583
1 0.392188 0.725000 0.171875 0.212500
1 0.380469 0.353125 0.173438 0.247917
1 0.371094 0.114583 0.195312 0.225000
1 0.832031 0.852083 0.167187 0.229167
1 0.673438 0.752083 0.165625 0.220833
1 0.563281 0.204167 0.182812 0.216667
1 0.982031 0.495833 0.035937 0.183333
1 0.970313 0.935417 0.056250 0.125000
1 0.910156 0.221875 0.176563 0.193750
1 0.487500 0.056250 0.175000 0.112500
1 0.409375 0.945833 0.168750 0.104167
1 0.692969 0.536458 0.164062 0.210417
1 0.661719 0.057292 0.164062 0.114583
1 0.946875 0.707292 0.103125 0.218750
1 0.175000 0.926042 0.171875 0.147917
1 0.185156 0.126042 0.217188 0.139583
1 0.232813 0.269792 0.140625 0.197917
1 0.057031 0.275000 0.114063 0.229167
1 0.856250 0.066667 0.156250 0.129167
1 0.922656 0.343750 0.154688 0.208333
1 0.073438 0.842708 0.143750 0.239583
1 0.666406 0.384375 0.189063 0.227083
1 0.550000 0.889583 0.150000 0.200000
0 0.160938 0.544792 0.318750 0.439583
1 0.392188 0.725000 0.171875 0.212500
1 0.380469 0.353125 0.173438 0.247917
1 0.371094 0.114583 0.195312 0.225000
1 0.832031 0.852083 0.167187 0.229167
1 0.673438 0.752083 0.165625 0.220833
1 0.563281 0.204167 0.182812 0.216667
1 0.982031 0.495833 0.035937 0.183333
1 0.970313 0.935417 0.056250 0.125000
1 0.910156 0.221875 0.176563 0.193750
1 0.487500 0.056250 0.175000 0.112500
1 0.409375 0.945833 0.168750 0.104167
1 0.692969 0.536458 0.164062 0.210417
1 0.661719 0.057292 0.164062 0.114583
1 0.946875 0.707292 0.103125 0.218750
1 0.175000 0.926042 0.171875 0.147917
1 0.185156 0.126042 0.217188 0.139583
1 0.232813 0.269792 0.140625 0.197917
1 0.057031 0.275000 0.114063 0.229167
1 0.856250 0.066667 0.156250 0.129167
1 0.922656 0.343750 0.154688 0.208333
1 0.073438 0.842708 0.143750 0.239583
1 0.666406 0.384375 0.189063 0.227083
1 0.550000 0.889583 0.150000 0.200000
0 0.160938 0.544792 0.318750 0.439583
1 0.392188 0.725000 0.171875 0.212500
1 0.380469 0.353125 0.173438 0.247917
1 0.371094 0.114583 0.195312 0.225000
1 0.832031 0.852083 0.167187 0.229167
1 0.673438 0.752083 0.165625 0.220833
1 0.563281 0.204167 0.182812 0.216667
1 0.982031 0.495833 0.035937 0.183333
1 0.970313 0.935417 0.056250 0.125000
1 0.910156 0.221875 0.176563 0.193750
1 0.487500 0.056250 0.175000 0.112500
1 0.409375 0.945833 0.168750 0.104167
1 0.692969 0.536458 0.164062 0.210417
1 0.661719 0.057292 0.164062 0.114583
1 0.946875 0.707292 0.103125 0.218750
1 0.175000 0.926042 0.171875 0.147917
1 0.185156 0.126042 0.217188 0.139583
1 0.232813 0.269792 0.140625 0.197917
1 0.057031 0.275000 0.114063 0.229167
1 0.856250 0.066667 0.156250 0.129167
1 0.922656 0.343750 0.154688 0.208333
1 0.073438 0.842708 0.143750 0.239583
1 0.666406 0.384375 0.189063 0.227083
1 0.550000 0.889583 0.150000 0.200000
0 0.160938 0.544792 0.318750 0.439583
1 0.392188 0.725000 0.171875 0.212500
1 0.380469 0.353125 0.173438 0.247917
1 0.371094 0.114583 0.195312 0.225000
1 0.832031 0.852083 0.167187 0.229167
1 0.673438 0.752083 0.165625 0.220833
1 0.563281 0.204167 0.182812 0.216667
1 0.982031 0.495833 0.035937 0.183333
1 0.970313 0.935417 0.056250 0.125000
1 0.910156 0.221875 0.176563 0.193750
1 0.487500 0.056250 0.175000 0.112500
1 0.409375 0.945833 0.168750 0.104167
1 0.692969 0.536458 0.164062 0.210417
1 0.661719 0.057292 0.164062 0.114583
1 0.946875 0.707292 0.103125 0.218750
1 0.175000 0.926042 0.171875 0.147917
1 0.185156 0.126042 0.217188 0.139583
1 0.232813 0.269792 0.140625 0.197917
1 0.057031 0.275000 0.114063 0.229167
1 0.856250 0.066667 0.156250 0.129167
1 0.922656 0.343750 0.154688 0.208333
1 0.073438 0.842708 0.143750 0.239583
1 0.666406 0.384375 0.189063 0.227083
1 0.550000 0.889583 0.150000 0.200000
0 0.160938 0.544792 0.318750 0.439583
1 0.392188 0.725000 0.171875 0.212500
1 0.380469 0.353125 0.173438 0.247917
1 0.371094 0.114583 0.195312 0.225000
1 0.832031 0.852083 0.167187 0.229167
1 0.673438 0.752083 0.165625 0.220833
1 0.563281 0.204167 0.182812 0.216667
1 0.982031 0.495833 0.035937 0.183333
1 0.970313 0.935417 0.056250 0.125000
1 0.910156 0.221875 0.176563 0.193750
1 0.487500 0.056250 0.175000 0.112500
1 0.409375 0.945833 0.168750 0.104167
1 0.692969 0.536458 0.164062 0.210417
1 0.661719 0.057292 0.164062 0.114583
1 0.946875 0.707292 0.103125 0.218750
1 0.175000 0.926042 0.171875 0.147917
1 0.185156 0.126042 0.217188 0.139583
1 0.232813 0.269792 0.140625 0.197917
1 0.057031 0.275000 0.114063 0.229167
1 0.856250 0.066667 0.156250 0.129167
1 0.922656 0.343750 0.154688 0.208333
1 0.073438 0.842708 0.143750 0.239583
1 0.666406 0.384375 0.189063 0.227083
1 0.550000 0.889583 0.150000 0.200000
0 0.160938 0.544792 0.318750 0.439583
1 0.392188 0.725000 0.171875 0.212500
1 0.380469 0.353125 0.173438 0.247917
1 0.371094 0.114583 0.195312 0.225000
1 0.832031 0.852083 0.167187 0.229167
1 0.673438 0.752083 0.165625 0.220833
1 0.563281 0.204167 0.182812 0.216667
1 0.982031 0.495833 0.035937 0.183333
1 0.970313 0.935417 0.056250 0.125000
1 0.910156 0.221875 0.176563 0.193750
1 0.487500 0.056250 0.175000 0.112500
1 0.409375 0.945833 0.168750 0.104167
1 0.692969 0.536458 0.164062 0.210417
1 0.661719 0.057292 0.164062 0.114583
1 0.946875 0.707292 0.103125 0.218750
1 0.175000 0.926042 0.171875 0.147917
1 0.185156 0.126042 0.217188 0.139583
1 0.232813 0.269792 0.140625 0.197917
1 0.057031 0.275000 0.114063 0.229167
1 0.856250 0.066667 0.156250 0.129167
1 0.922656 0.343750 0.154688 0.208333
1 0.073438 0.842708 0.143750 0.239583
1 0.666406 0.384375 0.189063 0.227083
1 0.550000 0.889583 0.150000 0.200000
0 0.160938 0.544792 0.318750 0.439583
1 0.392188 0.725000 0.171875 0.212500
1 0.380469 0.353125 0.173438 0.247917
1 0.371094 0.114583 0.195312 0.225000
1 0.832031 0.852083 0.167187 0.229167
1 0.673438 0.752083 0.165625 0.220833
1 0.563281 0.204167 0.182812 0.216667
1 0.982031 0.495833 0.035937 0.183333
1 0.970313 0.935417 0.056250 0.125000
1 0.910156 0.221875 0.176563 0.193750
1 0.487500 0.056250 0.175000 0.112500
1 0.409375 0.945833 0.168750 0.104167
1 0.692969 0.536458 0.164062 0.210417
1 0.661719 0.057292 0.164062 0.114583
1 0.946875 0.707292 0.103125 0.218750
1 0.175000 0.926042 0.171875 0.147917
1 0.185156 0.126042 0.217188 0.139583
1 0.232813 0.269792 0.140625 0.197917
1 0.057031 0.275000 0.114063 0.229167
1 0.856250 0.066667 0.156250 0.129167
1 0.922656 0.343750 0.154688 0.208333
1 0.073438 0.842708 0.143750 0.239583
1 0.666406 0.384375 0.189063 0.227083
1 0.550000 0.889583 0.150000 0.200000
0 0.160938 0.544792 0.318750 0.439583
1 0.392188 0.725000 0.171875 0.212500
1 0.380469 0.353125 0.173438 0.247917
1 0.371094 0.114583 0.195312 0.225000
1 0.832031 0.852083 0.167187 0.229167
1 0.673438 0.752083 0.165625 0.220833
1 0.563281 0.204167 0.182812 0.216667
1 0.982031 0.495833 0.035937 0.183333
1 0.970313 0.935417 0.056250 0.125000
1 0.910156 0.221875 0.176563 0.193750
1 0.487500 0.056250 0.175000 0.112500
1 0.409375 0.945833 0.168750 0.104167
1 0.692969 0.536458 0.164062 0.210417
1 0.661719 0.057292 0.164062 0.114583
1 0.946875 0.707292 0.103125 0.218750
1 0.175000 0.926042 0.171875 0.147917
1 0.185156 0.126042 0.217188 0.139583
1 0.232813 0.269792 0.140625 0.197917
1 0.057031 0.275000 0.114063 0.229167
1 0.856250 0.066667 0.156250 0.129167
1 0.922656 0.343750 0.154688 0.208333
1 0.073438 0.842708 0.143750 0.239583
1 0.666406 0.384375 0.189063 0.227083
1 0.550000 0.889583 0.150000 0.200000
0 0.160938 0.544792 0.318750 0.439583
1 0.392188 0.725000 0.171875 0.212500
1 0.380469 0.353125 0.173438 0.247917
1 0.371094 0.114583 0.195312 0.225000
1 0.832031 0.852083 0.167187 0.229167
1 0.673438 0.752083 0.165625 0.220833
1 0.563281 0.204167 0.182812 0.216667
1 0.982031 0.495833 0.035937 0.183333
1 0.970313 0.935417 0.056250 0.125000
1 0.910156 0.221875 0.176563 0.193750
1 0.487500 0.056250 0.175000 0.112500
1 0.409375 0.945833 0.168750 0.104167
1 0.692969 0.536458 0.164062 0.210417
1 0.661719 0.057292 0.164062 0.114583
1 0.946875 0.707292 0.103125 0.218750
1 0.175000 0.926042 0.171875 0.147917
1 0.185156 0.126042 0.217188 0.139583
1 0.232813 0.269792 0.140625 0.197917
1 0.057031 0.275000 0.114063 0.229167
1 0.856250 0.066667 0.156250 0.129167
1 0.922656 0.343750 0.154688 0.208333
1 0.073438 0.842708 0.143750 0.239583
1 0.666406 0.384375 0.189063 0.227083
1 0.550000 0.889583 0.150000 0.200000
0 0.160938 0.544792 0.318750 0.439583
1 0.392188 0.725000 0.171875 0.212500
1 0.380469 0.353125 0.173438 0.247917
1 0.371094 0.114583 0.195312 0.225000
1 0.832031 0.852083 0.167187 0.229167
1 0.673438 0.752083 0.165625 0.220833
1 0.563281 0.204167 0.182812 0.216667
1 0.982031 0.495833 0.035937 0.183333
1 0.970313 0.935417 0.056250 0.125000
1 0.910156 0.221875 0.176563 0.193750
1 0.487500 0.056250 0.175000 0.112500
1 0.409375 0.945833 0.168750 0.104167
1 0.692969 0.536458 0.164062 0.210417
1 0.661719 0.057292 0.164062 0.114583
1 0.946875 0.707292 0.103125 0.218750
1 0.175000 0.926042 0.171875 0.147917
1 0.185156 0.126042 0.217188 0.139583
1 0.232813 0.269792 0.140625 0.197917
1 0.057031 0.275000 0.114063 0.229167
1 0.856250 0.066667 0.156250 0.129167
1 0.922656 0.343750 0.154688 0.208333
1 0.073438 0.842708 0.143750 0.239583
1 0.666406 0.384375 0.189063 0.227083
1 0.550000 0.889583 0.150000 0.200000
0 0.160938 0.544792 0.318750 0.439583
1 0.392188 0.725000 0.171875 0.212500
1 0.380469 0.353125 0.173438 0.247917
1 0.371094 0.114583 0.195312 0.225000
1 0.832031 0.852083 0.167187 0.229167
1 0.673438 0.752083 0.165625 0.220833
1 0.563281 0.204167 0.182812 0.216667
1 0.982031 0.495833 0.035937 0.183333
1 0.970313 0.935417 0.056250 0.125000
1 0.910156 0.221875 0.176563 0.193750
1 0.487500 0.056250 0.175000 0.112500
1 0.409375 0.945833 0.168750 0.104167
1 0.692969 0.536458 0.164062 0.210417
1 0.661719 0.057292 0.164062 0.114583
1 0.946875 0.707292 0.103125 0.218750
1 0.175000 0.926042 0.171875 0.147917
1 0.185156 0.126042 0.217188 0.139583
1 0.232813 0.269792 0.140625 0.197917
1 0.057031 0.275000 0.114063 0.229167
1 0.856250 0.066667 0.156250 0.129167
1 0.922656 0.343750 0.154688 0.208333
1 0.073438 0.842708 0.143750 0.239583
1 0.666406 0.384375 0.189063 0.227083
1 0.550000 0.889583 0.150000 0.200000
0 0.160938 0.544792 0.318750 0.439583
1 0.392188 0.725000 0.171875 0.212500
1 0.380469 0.353125 0.173438 0.247917
1 0.371094 0.114583 0.195312 0.225000
1 0.832031 0.852083 0.167187 0.229167
1 0.673438 0.752083 0.165625 0.220833
1 0.563281 0.204167 0.182812 0.216667
1 0.982031 0.495833 0.035937 0.183333
1 0.970313 0.935417 0.056250 0.125000
1 0.910156 0.221875 0.176563 0.193750
1 0.487500 0.056250 0.175000 0.112500
1 0.409375 0.945833 0.168750 0.104167
1 0.692969 0.536458 0.164062 0.210417
1 0.661719 0.057292 0.164062 0.114583
1 0.946875 0.707292 0.103125 0.218750
1 0.175000 0.926042 0.171875 0.147917
1 0.185156 0.126042 0.217188 0.139583
1 0.232813 0.269792 0.140625 0.197917
1 0.057031 0.275000 0.114063 0.229167
1 0.856250 0.066667 0.156250 0.129167
1 0.922656 0.343750 0.154688 0.208333
1 0.073438 0.842708 0.143750 0.239583
1 0.666406 0.384375 0.189063 0.227083
1 0.550000 0.889583 0.150000 0.200000
0 0.160938 0.544792 0.318750 0.439583
1 0.392188 0.725000 0.171875 0.212500
1 0.380469 0.353125 0.173438 0.247917
1 0.371094 0.114583 0.195312 0.225000
1 0.832031 0.852083 0.167187 0.229167
1 0.673438 0.752083 0.165625 0.220833
1 0.563281 0.204167 0.182812 0.216667
1 0.982031 0.495833 0.035937 0.183333
1 0.970313 0.935417 0.056250 0.125000
1 0.910156 0.221875 0.176563 0.193750
1 0.487500 0.056250 0.175000 0.112500
1 0.409375 0.945833 0.168750 0.104167
1 0.692969 0.536458 0.164062 0.210417
1 0.661719 0.057292 0.164062 0.114583
1 0.946875 0.707292 0.103125 0.218750
1 0.175000 0.926042 0.171875 0.147917
1 0.185156 0.126042 0.217188 0.139583
1 0.232813 0.269792 0.140625 0.197917
1 0.057031 0.275000 0.114063 0.229167
1 0.856250 0.066667 0.156250 0.129167
1 0.922656 0.343750 0.154688 0.208333
1 0.073438 0.842708 0.143750 0.239583
1 0.666406 0.384375 0.189063 0.227083
1 0.550000 0.889583 0.150000 0.200000
0 0.160938 0.544792 0.318750 0.439583
1 0.392188 0.725000 0.171875 0.212500
1 0.380469 0.353125 0.173438 0.247917
1 0.371094 0.114583 0.195312 0.225000
1 0.832031 0.852083 0.167187 0.229167
1 0.673438 0.752083 0.165625 0.220833
1 0.563281 0.204167 0.182812 0.216667
