1 0.592969 0.606250 0.151562 0.204167
1 0.521875 0.567708 0.181250 0.222917
1 0.085938 0.907292 0.162500 0.185417
1 0.407813 0.955208 0.209375 0.089583
1 0.115625 0.704167 0.153125 0.208333
1 0.848437 0.182292 0.181250 0.252083
1 0.723437 0.344792 0.159375 0.189583
1 0.930469 0.823958 0.139063 0.206250
1 0.160938 0.438542 0.181250 0.252083
1 0.065625 0.082292 0.131250 0.164583
1 0.910937 0.515625 0.178125 0.260417
1 0.712500 0.081250 0.178125 0.162500
1 0.759375 0.676042 0.196875 0.202083
1 0.197656 0.152083 0.173438 0.220833
1 0.557813 0.827083 0.196875 0.233333
0 0.488281 0.189583 0.342187 0.379167
1 0.592969 0.606250 0.151562 0.204167
1 0.521875 0.567708 0.181250 0.222917
1 0.085938 0.907292 0.162500 0.185417
1 0.407813 0.955208 0.209375 0.089583
1 0.115625 0.704167 0.153125 0.208333
1 0.848437 0.182292 0.181250 0.252083
1 0.723437 0.344792 0.159375 0.189583
1 0.930469 0.823958 0.139063 0.206250
1 0.160938 0.438542 0.181250 0.252083
1 0.065625 0.082292 0.131250 0.164583
1 0.910937 0.515625 0.178125 0.260417
1 0.712500 0.081250 0.178125 0.162500
1 0.759375 0.676042 0.196875 0.202083
1 0.197656 0.152083 0.173438 0.220833
1 0.557813 0.827083 0.196875 0.233333
0 0.488281 0.189583 0.342187 0.379167
1 0.592969 0.606250 0.151562 0.204167
1 0.521875 0.567708 0.181250 0.222917
1 0.085938 0.907292 0.162500 0.185417
1 0.407813 0.955208 0.209375 0.089583
1 0.115625 0.704167 0.153125 0.208333
1 0.848437 0.182292 0.181250 0.252083
1 0.723437 0.344792 0.159375 0.189583
1 0.930469 0.823958 0.139063 0.206250
1 0.160938 0.438542 0.181250 0.252083
1 0.065625 0.082292 0.131250 0.164583
1 0.910937 0.515625 0.178125 0.260417
1 0.712500 0.081250 0.178125 0.162500
1 0.759375 0.676042 0.196875 0.202083
1 0.197656 0.152083 0.173438 0.220833
1 0.557813 0.827083 0.196875 0.233333
0 0.488281 0.189583 0.342187 0.379167
1 0.592969 0.606250 0.151562 0.204167
1 0.521875 0.567708 0.181250 0.222917
1 0.085938 0.907292 0.162500 0.185417
1 0.407813 0.955208 0.209375 0.089583
1 0.115625 0.704167 0.153125 0.208333
1 0.848437 0.182292 0.181250 0.252083
1 0.723437 0.344792 0.159375 0.189583
1 0.930469 0.823958 0.139063 0.206250
1 0.160938 0.438542 0.181250 0.252083
1 0.065625 0.082292 0.131250 0.164583
1 0.910937 0.515625 0.178125 0.260417
1 0.712500 0.081250 0.178125 0.162500
1 0.759375 0.676042 0.196875 0.202083
1 0.197656 0.152083 0.173438 0.220833
1 0.557813 0.827083 0.196875 0.233333
0 0.488281 0.189583 0.342187 0.379167
1 0.592969 0.606250 0.151562 0.204167
1 0.521875 0.567708 0.181250 0.222917
1 0.085938 0.907292 0.162500 0.185417
1 0.407813 0.955208 0.209375 0.089583
1 0.115625 0.704167 0.153125 0.208333
1 0.848437 0.182292 0.181250 0.252083
1 0.723437 0.344792 0.159375 0.189583
1 0.930469 0.823958 0.139063 0.206250
1 0.160938 0.438542 0.181250 0.252083
1 0.065625 0.082292 0.131250 0.164583
1 0.910937 0.515625 0.178125 0.260417
1 0.712500 0.081250 0.178125 0.162500
1 0.759375 0.676042 0.196875 0.202083
1 0.197656 0.152083 0.173438 0.220833
1 0.557813 0.827083 0.196875 0.233333
0 0.488281 0.189583 0.342187 0.379167
1 0.592969 0.606250 0.151562 0.204167
1 0.521875 0.567708 0.181250 0.222917
1 0.085938 0.907292 0.162500 0.185417
1 0.407813 0.955208 0.209375 0.089583
1 0.115625 0.704167 0.153125 0.208333
1 0.848437 0.182292 0.181250 0.252083
1 0.723437 0.344792 0.159375 0.189583
1 0.930469 0.823958 0.139063 0.206250
1 0.160938 0.438542 0.181250 0.252083
1 0.065625 0.082292 0.131250 0.164583
1 0.910937 0.515625 0.178125 0.260417
1 0.712500 0.081250 0.178125 0.162500
1 0.759375 0.676042 0.196875 0.202083
1 0.197656 0.152083 0.173438 0.220833
1 0.557813 0.827083 0.196875 0.233333
0 0.488281 0.189583 0.342187 0.379167
1 0.592969 0.606250 0.151562 0.204167
1 0.521875 0.567708 0.181250 0.222917
1 0.085938 0.907292 0.162500 0.185417
1 0.407813 0.955208 0.209375 0.089583
1 0.115625 0.704167 0.153125 0.208333
1 0.848437 0.182292 0.181250 0.252083
1 0.723437 0.344792 0.159375 0.189583
1 0.930469 0.823958 0.139063 0.206250
1 0.160938 0.438542 0.181250 0.252083
1 0.065625 0.082292 0.131250 0.164583
1 0.910937 0.515625 0.178125 0.260417
1 0.712500 0.081250 0.178125 0.162500
1 0.759375 0.676042 0.196875 0.202083
1 0.197656 0.152083 0.173438 0.220833
1 0.557813 0.827083 0.196875 0.233333
0 0.488281 0.189583 0.342187 0.379167
1 0.592969 0.606250 0.151562 0.204167
1 0.521875 0.567708 0.181250 0.222917
1 0.085938 0.907292 0.162500 0.185417
1 0.407813 0.955208 0.209375 0.089583
1 0.115625 0.704167 0.153125 0.208333
1 0.848437 0.182292 0.181250 0.252083
1 0.723437 0.344792 0.159375 0.189583
1 0.930469 0.823958 0.139063 0.206250
1 0.160938 0.438542 0.181250 0.252083
1 0.065625 0.082292 0.131250 0.164583
1 0.910937 0.515625 0.178125 0.260417
1 0.712500 0.081250 0.178125 0.162500
1 0.759375 0.676042 0.196875 0.202083
1 0.197656 0.152083 0.173438 0.220833
1 0.557813 0.827083 0.196875 0.233333
0 0.488281 0.189583 0.342187 0.379167
1 0.592969 0.606250 0.151562 0.204167
1 0.521875 0.567708 0.181250 0.222917
1 0.085938 0.907292 0.162500 0.185417
1 0.407813 0.955208 0.209375 0.089583
1 0.115625 0.704167 0.153125 0.208333
1 0.848437 0.182292 0.181250 0.252083
1 0.723437 0.344792 0.159375 0.189583
1 0.930469 0.823958 0.139063 0.206250
1 0.160938 0.438542 0.181250 0.252083
1 0.065625 0.082292 0.131250 0.164583
1 0.910937 0.515625 0.178125 0.260417
1 0.712500 0.081250 0.178125 0.162500
1 0.759375 0.676042 0.196875 0.202083
1 0.197656 0.152083 0.173438 0.220833
1 0.557813 0.827083 0.196875 0.233333
0 0.488281 0.189583 0.342187 0.379167
1 0.592969 0.606250 0.151562 0.204167
1 0.521875 0.567708 0.181250 0.222917
1 0.085938 0.907292 0.162500 0.185417
1 0.407813 0.955208 0.209375 0.089583
1 0.115625 0.704167 0.153125 0.208333
1 0.848437 0.182292 0.181250 0.252083
1 0.723437 0.344792 0.159375 0.189583
1 0.930469 0.823958 0.139063 0.206250
1 0.160938 0.438542 0.181250 0.252083
1 0.065625 0.082292 0.131250 0.164583
1 0.910937 0.515625 0.178125 0.260417
1 0.712500 0.081250 0.178125 0.162500
1 0.759375 0.676042 0.196875 0.202083
1 0.197656 0.152083 0.173438 0.220833
1 0.557813 0.827083 0.196875 0.233333
0 0.488281 0.189583 0.342187 0.379167
1 0.592969 0.606250 0.151562 0.204167
1 0.521875 0.567708 0.181250 0.222917
1 0.085938 0.907292 0.162500 0.185417
1 0.407813 0.955208 0.209375 0.089583
1 0.115625 0.704167 0.153125 0.208333
1 0.848437 0.182292 0.181250 0.252083
1 0.723437 0.344792 0.159375 0.189583
1 0.930469 0.823958 0.139063 0.206250
1 0.160938 0.438542 0.181250 0.252083
1 0.065625 0.082292 0.131250 0.164583
1 0.910937 0.515625 0.178125 0.260417
1 0.712500 0.081250 0.178125 0.162500
1 0.759375 0.676042 0.196875 0.202083
1 0.197656 0.152083 0.173438 0.220833
1 0.557813 0.827083 0.196875 0.233333
0 0.488281 0.189583 0.342187 0.379167
1 0.592969 0.606250 0.151562 0.204167
1 0.521875 0.567708 0.181250 0.222917
1 0.085938 0.907292 0.162500 0.185417
1 0.407813 0.955208 0.209375 0.089583
1 0.115625 0.704167 0.153125 0.208333
1 0.848437 0.182292 0.181250 0.252083
1 0.723437 0.344792 0.159375 0.189583
1 0.930469 0.823958 0.139063 0.206250
1 0.160938 0.438542 0.181250 0.252083
1 0.065625 0.082292 0.131250 0.164583
1 0.910937 0.515625 0.178125 0.260417
1 0.712500 0.081250 0.178125 0.162500
1 0.759375 0.676042 0.196875 0.202083
1 0.197656 0.152083 0.173438 0.220833
1 0.557813 0.827083 0.196875 0.233333
0 0.488281 0.189583 0.342187 0.379167
1 0.592969 0.606250 0.151562 0.204167
1 0.521875 0.567708 0.181250 0.222917
1 0.085938 0.907292 0.162500 0.185417
1 0.407813 0.955208 0.209375 0.089583
1 0.115625 0.704167 0.153125 0.208333
1 0.848437 0.182292 0.181250 0.252083
1 0.723437 0.344792 0.159375 0.189583
1 0.930469 0.823958 0.139063 0.206250
1 0.160938 0.438542 0.181250 0.252083
1 0.065625 0.082292 0.131250 0.164583
1 0.910937 0.515625 0.178125 0.260417
1 0.712500 0.081250 0.178125 0.162500
1 0.759375 0.676042 0.196875 0.202083
1 0.197656 0.152083 0.173438 0.220833
1 0.557813 0.827083 0.196875 0.233333
0 0.488281 0.189583 0.342187 0.379167
1 0.592969 0.606250 0.151562 0.204167
1 0.521875 0.567708 0.181250 0.222917
1 0.085938 0.907292 0.162500 0.185417
1 0.407813 0.955208 0.209375 0.089583
1 0.115625 0.704167 0.153125 0.208333
1 0.848437 0.182292 0.181250 0.252083
1 0.723437 0.344792 0.159375 0.189583
1 0.930469 0.823958 0.139063 0.206250
1 0.160938 0.438542 0.181250 0.252083
1 0.065625 0.082292 0.131250 0.164583
1 0.910937 0.515625 0.178125 0.260417
1 0.712500 0.081250 0.178125 0.162500
1 0.759375 0.676042 0.196875 0.202083
1 0.197656 0.152083 0.173438 0.220833
1 0.557813 0.827083 0.196875 0.233333
0 0.488281 0.189583 0.342187 0.379167
1 0.592969 0.606250 0.151562 0.204167
1 0.521875 0.567708 0.181250 0.222917
1 0.085938 0.907292 0.162500 0.185417
1 0.407813 0.955208 0.209375 0.089583
1 0.115625 0.704167 0.153125 0.208333
1 0.848437 0.182292 0.181250 0.252083
1 0.723437 0.344792 0.159375 0.189583
1 0.930469 0.823958 0.139063 0.206250
1 0.160938 0.438542 0.181250 0.252083
1 0.065625 0.082292 0.131250 0.164583
1 0.910937 0.515625 0.178125 0.260417
1 0.712500 0.081250 0.178125 0.162500
1 0.759375 0.676042 0.196875 0.202083
1 0.197656 0.152083 0.173438 0.220833
1 0.557813 0.827083 0.196875 0.233333
0 0.488281 0.189583 0.342187 0.379167
1 0.592969 0.606250 0.151562 0.204167
1 0.521875 0.567708 0.181250 0.222917
1 0.085938 0.907292 0.162500 0.185417
1 0.407813 0.955208 0.209375 0.089583
1 0.115625 0.704167 0.153125 0.208333
1 0.848437 0.182292 0.181250 0.252083
1 0.723437 0.344792 0.159375 0.189583
1 0.930469 0.823958 0.139063 0.206250
1 0.160938 0.438542 0.181250 0.252083
1 0.065625 0.082292 0.131250 0.164583
1 0.910937 0.515625 0.178125 0.260417
1 0.712500 0.081250 0.178125 0.162500
1 0.759375 0.676042 0.196875 0.202083
1 0.197656 0.152083 0.173438 0.220833
1 0.557813 0.827083 0.196875 0.233333
0 0.488281 0.189583 0.342187 0.379167
