1 0.199219 0.943750 0.195312 0.112500
1 0.649219 0.033333 0.167187 0.066667
1 0.247656 0.483333 0.164062 0.241667
1 0.960938 0.718750 0.078125 0.245833
1 0.685938 0.950000 0.175000 0.100000
1 0.528125 0.705208 0.159375 0.185417
1 0.882031 0.941667 0.182812 0.116667
2 0.634375 0.225000 0.065625 0.079167
2 0.589063 0.285417 0.062500 0.083333
1 0.434375 0.697917 0.150000 0.183333
2 0.053125 0.254167 0.068750 0.087500
1 0.114844 0.913542 0.145313 0.168750
1 0.512500 0.843750 0.143750 0.187500
1 0.134375 0.435417 0.159375 0.150000
1 0.653125 0.675000 0.171875 0.225000
0 0.080469 0.602083 0.157813 0.266667
1 0.682031 0.405208 0.160938 0.202083
1 0.849219 0.578125 0.185938 0.260417
1 0.449219 0.158333 0.189063 0.220833
1 0.199219 0.943750 0.195312 0.112500
1 0.649219 0.033333 0.167187 0.066667
1 0.247656 0.483333 0.164062 0.241667
1 0.960938 0.718750 0.078125 0.245833
1 0.685938 0.950000 0.175000 0.100000
1 0.528125 0.705208 0.159375 0.185417
1 0.882031 0.941667 0.182812 0.116667
2 0.634375 0.225000 0.065625 0.079167
2 0.589063 0.285417 0.062500 0.083333
1 0.434375 0.697917 0.150000 0.183333
2 0.053125 0.254167 0.068750 0.087500
1 0.114844 0.913542 0.145313 0.168750
1 0.512500 0.843750 0.143750 0.187500
1 0.134375 0.435417 0.159375 0.150000
1 0.653125 0.675000 0.171875 0.225000
0 0.080469 0.602083 0.157813 0.266667
1 0.682031 0.405208 0.160938 0.202083
1 0.849219 0.578125 0.185938 0.260417
1 0.449219 0.158333 0.189063 0.220833
1 0.199219 0.943750 0.195312 0.112500
1 0.649219 0.033333 0.167187 0.066667
1 0.247656 0.483333 0.164062 0.241667
1 0.960938 0.718750 0.078125 0.245833
1 0.685938 0.950000 0.175000 0.100000
1 0.528125 0.705208 0.159375 0.185417
1 0.882031 0.941667 0.182812 0.116667
2 0.634375 0.225000 0.065625 0.079167
2 0.589063 0.285417 0.062500 0.083333
1 0.434375 0.697917 0.150000 0.183333
2 0.053125 0.254167 0.068750 0.087500
1 0.114844 0.913542 0.145313 0.168750
1 0.512500 0.843750 0.143750 0.187500
1 0.134375 0.435417 0.159375 0.150000
1 0.653125 0.675000 0.171875 0.225000
0 0.080469 0.602083 0.157813 0.266667
1 0.682031 0.405208 0.160938 0.202083
1 0.849219 0.578125 0.185938 0.260417
1 0.449219 0.158333 0.189063 0.220833
1 0.199219 0.943750 0.195312 0.112500
1 0.649219 0.033333 0.167187 0.066667
1 0.247656 0.483333 0.164062 0.241667
1 0.960938 0.718750 0.078125 0.245833
1 0.685938 0.950000 0.175000 0.100000
1 0.528125 0.705208 0.159375 0.185417
1 0.882031 0.941667 0.182812 0.116667
2 0.634375 0.225000 0.065625 0.079167
2 0.589063 0.285417 0.062500 0.083333
1 0.434375 0.697917 0.150000 0.183333
2 0.053125 0.254167 0.068750 0.087500
1 0.114844 0.913542 0.145313 0.168750
1 0.512500 0.843750 0.143750 0.187500
1 0.134375 0.435417 0.159375 0.150000
1 0.653125 0.675000 0.171875 0.225000
0 0.080469 0.602083 0.157813 0.266667
1 0.682031 0.405208 0.160938 0.202083
1 0.849219 0.578125 0.185938 0.260417
1 0.449219 0.158333 0.189063 0.220833
1 0.199219 0.943750 0.195312 0.112500
1 0.649219 0.033333 0.167187 0.066667
1 0.247656 0.483333 0.164062 0.241667
1 0.960938 0.718750 0.078125 0.245833
1 0.685938 0.950000 0.175000 0.100000
1 0.528125 0.705208 0.159375 0.185417
1 0.882031 0.941667 0.182812 0.116667
2 0.634375 0.225000 0.065625 0.079167
2 0.589063 0.285417 0.062500 0.083333
1 0.434375 0.697917 0.150000 0.183333
2 0.053125 0.254167 0.068750 0.087500
1 0.114844 0.913542 0.145313 0.168750
1 0.512500 0.843750 0.143750 0.187500
1 0.134375 0.435417 0.159375 0.150000
1 0.653125 0.675000 0.171875 0.225000
0 0.080469 0.602083 0.157813 0.266667
1 0.682031 0.405208 0.160938 0.202083
1 0.849219 0.578125 0.185938 0.260417
1 0.449219 0.158333 0.189063 0.220833
1 0.199219 0.943750 0.195312 0.112500
1 0.649219 0.033333 0.167187 0.066667
1 0.247656 0.483333 0.164062 0.241667
1 0.960938 0.718750 0.078125 0.245833
1 0.685938 0.950000 0.175000 0.100000
1 0.528125 0.705208 0.159375 0.185417
1 0.882031 0.941667 0.182812 0.116667
2 0.634375 0.225000 0.065625 0.079167
2 0.589063 0.285417 0.062500 0.083333
1 0.434375 0.697917 0.150000 0.183333
2 0.053125 0.254167 0.068750 0.087500
1 0.114844 0.913542 0.145313 0.168750
1 0.512500 0.843750 0.143750 0.187500
1 0.134375 0.435417 0.159375 0.150000
1 0.653125 0.675000 0.171875 0.225000
0 0.080469 0.602083 0.157813 0.266667
1 0.682031 0.405208 0.160938 0.202083
1 0.849219 0.578125 0.185938 0.260417
1 0.449219 0.158333 0.189063 0.220833
1 0.199219 0.943750 0.195312 0.112500
1 0.649219 0.033333 0.167187 0.066667
1 0.247656 0.483333 0.164062 0.241667
1 0.960938 0.718750 0.078125 0.245833
1 0.685938 0.950000 0.175000 0.100000
1 0.528125 0.705208 0.159375 0.185417
1 0.882031 0.941667 0.182812 0.116667
2 0.634375 0.225000 0.065625 0.079167
2 0.589063 0.285417 0.062500 0.083333
1 0.434375 0.697917 0.150000 0.183333
2 0.053125 0.254167 0.068750 0.087500
1 0.114844 0.913542 0.145313 0.168750
1 0.512500 0.843750 0.143750 0.187500
1 0.134375 0.435417 0.159375 0.150000
1 0.653125 0.675000 0.171875 0.225000
0 0.080469 0.602083 0.157813 0.266667
1 0.682031 0.405208 0.160938 0.202083
1 0.849219 0.578125 0.185938 0.260417
1 0.449219 0.158333 0.189063 0.220833
1 0.199219 0.943750 0.195312 0.112500
1 0.649219 0.033333 0.167187 0.066667
1 0.247656 0.483333 0.164062 0.241667
1 0.960938 0.718750 0.078125 0.245833
1 0.685938 0.950000 0.175000 0.100000
1 0.528125 0.705208 0.159375 0.185417
1 0.882031 0.941667 0.182812 0.116667
2 0.634375 0.225000 0.065625 0.079167
2 0.589063 0.285417 0.062500 0.083333
1 0.434375 0.697917 0.150000 0.183333
2 0.053125 0.254167 0.068750 0.087500
1 0.114844 0.913542 0.145313 0.168750
1 0.512500 0.843750 0.143750 0.187500
1 0.134375 0.435417 0.159375 0.150000
1 0.653125 0.675000 0.171875 0.225000
0 0.080469 0.602083 0.157813 0.266667
1 0.682031 0.405208 0.160938 0.202083
1 0.849219 0.578125 0.185938 0.260417
1 0.449219 0.158333 0.189063 0.220833
1 0.199219 0.943750 0.195312 0.112500
1 0.649219 0.033333 0.167187 0.066667
1 0.247656 0.483333 0.164062 0.241667
1 0.960938 0.718750 0.078125 0.245833
1 0.685938 0.950000 0.175000 0.100000
1 0.528125 0.705208 0.159375 0.185417
1 0.882031 0.941667 0.182812 0.116667
2 0.634375 0.225000 0.065625 0.079167
2 0.589063 0.285417 0.062500 0.083333
1 0.434375 0.697917 0.150000 0.183333
2 0.053125 0.254167 0.068750 0.087500
1 0.114844 0.913542 0.145313 0.168750
1 0.512500 0.843750 0.143750 0.187500
1 0.134375 0.435417 0.159375 0.150000
1 0.653125 0.675000 0.171875 0.225000
0 0.080469 0.602083 0.157813 0.266667
1 0.682031 0.405208 0.160938 0.202083
1 0.849219 0.578125 0.185938 0.260417
1 0.449219 0.158333 0.189063 0.220833
1 0.199219 0.943750 0.195312 0.112500
1 0.649219 0.033333 0.167187 0.066667
1 0.247656 0.483333 0.164062 0.241667
1 0.960938 0.718750 0.078125 0.245833
1 0.685938 0.950000 0.175000 0.100000
1 0.528125 0.705208 0.159375 0.185417
1 0.882031 0.941667 0.182812 0.116667
2 0.634375 0.225000 0.065625 0.079167
2 0.589063 0.285417 0.062500 0.083333
1 0.434375 0.697917 0.150000 0.183333
2 0.053125 0.254167 0.068750 0.087500
1 0.114844 0.913542 0.145313 0.168750
1 0.512500 0.843750 0.143750 0.187500
1 0.134375 0.435417 0.159375 0.150000
1 0.653125 0.675000 0.171875 0.225000
0 0.080469 0.602083 0.157813 0.266667
1 0.682031 0.405208 0.160938 0.202083
1 0.849219 0.578125 0.185938 0.260417
1 0.449219 0.158333 0.189063 0.220833
1 0.199219 0.943750 0.195312 0.112500
1 0.649219 0.033333 0.167187 0.066667
1 0.247656 0.483333 0.164062 0.241667
1 0.960938 0.718750 0.078125 0.245833
1 0.685938 0.950000 0.175000 0.100000
1 0.528125 0.705208 0.159375 0.185417
1 0.882031 0.941667 0.182812 0.116667
2 0.634375 0.225000 0.065625 0.079167
2 0.589063 0.285417 0.062500 0.083333
1 0.434375 0.697917 0.150000 0.183333
2 0.053125 0.254167 0.068750 0.087500
1 0.114844 0.913542 0.145313 0.168750
1 0.512500 0.843750 0.143750 0.187500
1 0.134375 0.435417 0.159375 0.150000
1 0.653125 0.675000 0.171875 0.225000
0 0.080469 0.602083 0.157813 0.266667
1 0.682031 0.405208 0.160938 0.202083
1 0.849219 0.578125 0.185938 0.260417
1 0.449219 0.158333 0.189063 0.220833
1 0.199219 0.943750 0.195312 0.112500
1 0.649219 0.033333 0.167187 0.066667
1 0.247656 0.483333 0.164062 0.241667
1 0.960938 0.718750 0.078125 0.245833
1 0.685938 0.950000 0.175000 0.100000
1 0.528125 0.705208 0.159375 0.185417
1 0.882031 0.941667 0.182812 0.116667
2 0.634375 0.225000 0.065625 0.079167
2 0.589063 0.285417 0.062500 0.083333
1 0.434375 0.697917 0.150000 0.183333
2 0.053125 0.254167 0.068750 0.087500
1 0.114844 0.913542 0.145313 0.168750
1 0.512500 0.843750 0.143750 0.187500
1 0.134375 0.435417 0.159375 0.150000
1 0.653125 0.675000 0.171875 0.225000
0 0.080469 0.602083 0.157813 0.266667
1 0.682031 0.405208 0.160938 0.202083
1 0.849219 0.578125 0.185938 0.260417
1 0.449219 0.158333 0.189063 0.220833
1 0.199219 0.943750 0.195312 0.112500
1 0.649219 0.033333 0.167187 0.066667
1 0.247656 0.483333 0.164062 0.241667
1 0.960938 0.718750 0.078125 0.245833
1 0.685938 0.950000 0.175000 0.100000
1 0.528125 0.705208 0.159375 0.185417
1 0.882031 0.941667 0.182812 0.116667
2 0.634375 0.225000 0.065625 0.079167
2 0.589063 0.285417 0.062500 0.083333
1 0.434375 0.697917 0.150000 0.183333
2 0.053125 0.254167 0.068750 0.087500
1 0.114844 0.913542 0.145313 0.168750
1 0.512500 0.843750 0.143750 0.187500
1 0.134375 0.435417 0.159375 0.150000
1 0.653125 0.675000 0.171875 0.225000
0 0.080469 0.602083 0.157813 0.266667
1 0.682031 0.405208 0.160938 0.202083
1 0.849219 0.578125 0.185938 0.260417
1 0.449219 0.158333 0.189063 0.220833
1 0.199219 0.943750 0.195312 0.112500
1 0.649219 0.033333 0.167187 0.066667
1 0.247656 0.483333 0.164062 0.241667
1 0.960938 0.718750 0.078125 0.245833
1 0.685938 0.950000 0.175000 0.100000
1 0.528125 0.705208 0.159375 0.185417
1 0.882031 0.941667 0.182812 0.116667
2 0.634375 0.225000 0.065625 0.079167
2 0.589063 0.285417 0.062500 0.083333
1 0.434375 0.697917 0.150000 0.183333
2 0.053125 0.254167 0.068750 0.087500
1 0.114844 0.913542 0.145313 0.168750
1 0.512500 0.843750 0.143750 0.187500
1 0.134375 0.435417 0.159375 0.150000
1 0.653125 0.675000 0.171875 0.225000
0 0.080469 0.602083 0.157813 0.266667
1 0.682031 0.405208 0.160938 0.202083
1 0.849219 0.578125 0.185938 0.260417
1 0.449219 0.158333 0.189063 0.220833
1 0.199219 0.943750 0.195312 0.112500
1 0.649219 0.033333 0.167187 0.066667
1 0.247656 0.483333 0.164062 0.241667
1 0.960938 0.718750 0.078125 0.245833
1 0.685938 0.950000 0.175000 0.100000
1 0.528125 0.705208 0.159375 0.185417
1 0.882031 0.941667 0.182812 0.116667
2 0.634375 0.225000 0.065625 0.079167
2 0.589063 0.285417 0.062500 0.083333
1 0.434375 0.697917 0.150000 0.183333
2 0.053125 0.254167 0.068750 0.087500
1 0.114844 0.913542 0.145313 0.168750
1 0.512500 0.843750 0.143750 0.187500
1 0.134375 0.435417 0.159375 0.150000
1 0.653125 0.675000 0.171875 0.225000
0 0.080469 0.602083 0.157813 0.266667
1 0.682031 0.405208 0.160938 0.202083
1 0.849219 0.578125 0.185938 0.260417
1 0.449219 0.158333 0.189063 0.220833
1 0.199219 0.943750 0.195312 0.112500
1 0.649219 0.033333 0.167187 0.066667
1 0.247656 0.483333 0.164062 0.241667
1 0.960938 0.718750 0.078125 0.245833
1 0.685938 0.950000 0.175000 0.100000
1 0.528125 0.705208 0.159375 0.185417
1 0.882031 0.941667 0.182812 0.116667
2 0.634375 0.225000 0.065625 0.079167
2 0.589063 0.285417 0.062500 0.083333
1 0.434375 0.697917 0.150000 0.183333
2 0.053125 0.254167 0.068750 0.087500
1 0.114844 0.913542 0.145313 0.168750
1 0.512500 0.843750 0.143750 0.187500
1 0.134375 0.435417 0.159375 0.150000
1 0.653125 0.675000 0.171875 0.225000
0 0.080469 0.602083 0.157813 0.266667
1 0.682031 0.405208 0.160938 0.202083
1 0.849219 0.578125 0.185938 0.260417
1 0.449219 0.158333 0.189063 0.220833
1 0.199219 0.943750 0.195312 0.112500
1 0.649219 0.033333 0.167187 0.066667
1 0.247656 0.483333 0.164062 0.241667
1 0.960938 0.718750 0.078125 0.245833
1 0.685938 0.950000 0.175000 0.100000
1 0.528125 0.705208 0.159375 0.185417
1 0.882031 0.941667 0.182812 0.116667
2 0.634375 0.225000 0.065625 0.079167
2 0.589063 0.285417 0.062500 0.083333
1 0.434375 0.697917 0.150000 0.183333
2 0.053125 0.254167 0.068750 0.087500
1 0.114844 0.913542 0.145313 0.168750
1 0.512500 0.843750 0.143750 0.187500
1 0.134375 0.435417 0.159375 0.150000
1 0.653125 0.675000 0.171875 0.225000
0 0.080469 0.602083 0.157813 0.266667
1 0.682031 0.405208 0.160938 0.202083
1 0.849219 0.578125 0.185938 0.260417
1 0.449219 0.158333 0.189063 0.220833
1 0.199219 0.943750 0.195312 0.112500
1 0.649219 0.033333 0.167187 0.066667
1 0.247656 0.483333 0.164062 0.241667
1 0.960938 0.718750 0.078125 0.245833
1 0.685938 0.950000 0.175000 0.100000
1 0.528125 0.705208 0.159375 0.185417
1 0.882031 0.941667 0.182812 0.116667
2 0.634375 0.225000 0.065625 0.079167
2 0.589063 0.285417 0.062500 0.083333
1 0.434375 0.697917 0.150000 0.183333
2 0.053125 0.254167 0.068750 0.087500
1 0.114844 0.913542 0.145313 0.168750
1 0.512500 0.843750 0.143750 0.187500
1 0.134375 0.435417 0.159375 0.150000
1 0.653125 0.675000 0.171875 0.225000
0 0.080469 0.602083 0.157813 0.266667
1 0.682031 0.405208 0.160938 0.202083
1 0.849219 0.578125 0.185938 0.260417
1 0.449219 0.158333 0.189063 0.220833
1 0.199219 0.943750 0.195312 0.112500
1 0.649219 0.033333 0.167187 0.066667
1 0.247656 0.483333 0.164062 0.241667
1 0.960938 0.718750 0.078125 0.245833
1 0.685938 0.950000 0.175000 0.100000
1 0.528125 0.705208 0.159375 0.185417
1 0.882031 0.941667 0.182812 0.116667
2 0.634375 0.225000 0.065625 0.079167
2 0.589063 0.285417 0.062500 0.083333
1 0.434375 0.697917 0.150000 0.183333
2 0.053125 0.254167 0.068750 0.087500
1 0.114844 0.913542 0.145313 0.168750
1 0.512500 0.843750 0.143750 0.187500
1 0.134375 0.435417 0.159375 0.150000
1 0.653125 0.675000 0.171875 0.225000
0 0.080469 0.602083 0.157813 0.266667
1 0.682031 0.405208 0.160938 0.202083
1 0.849219 0.578125 0.185938 0.260417
1 0.449219 0.158333 0.189063 0.220833
