1 0.564844 0.972917 0.157813 0.054167
1 0.020313 0.637500 0.037500 0.233333
1 0.971094 0.157292 0.057813 0.227083
1 0.958594 0.868750 0.082813 0.258333
1 0.045313 0.268750 0.090625 0.250000
1 0.066406 0.898958 0.132812 0.202083
1 0.949219 0.589583 0.101562 0.212500
1 0.382812 0.932292 0.150000 0.135417
1 0.628906 0.083333 0.164062 0.162500
1 0.221094 0.937500 0.132812 0.125000
1 0.104688 0.070833 0.178125 0.141667
1 0.656250 0.343750 0.156250 0.262500
1 0.676562 0.775000 0.159375 0.229167
1 0.107813 0.518750 0.168750 0.241667
1 0.783594 0.098958 0.164062 0.197917
0 0.407031 0.223958 0.360938 0.447917
1 0.356250 0.544792 0.184375 0.235417
1 0.217188 0.740625 0.206250 0.227083
1 0.883594 0.338542 0.167187 0.218750
1 0.564844 0.972917 0.157813 0.054167
1 0.020313 0.637500 0.037500 0.233333
1 0.971094 0.157292 0.057813 0.227083
1 0.958594 0.868750 0.082813 0.258333
1 0.045313 0.268750 0.090625 0.250000
1 0.066406 0.898958 0.132812 0.202083
1 0.949219 0.589583 0.101562 0.212500
1 0.382812 0.932292 0.150000 0.135417
1 0.628906 0.083333 0.164062 0.162500
1 0.221094 0.937500 0.132812 0.125000
1 0.104688 0.070833 0.178125 0.141667
1 0.656250 0.343750 0.156250 0.262500
1 0.676562 0.775000 0.159375 0.229167
1 0.107813 0.518750 0.168750 0.241667
1 0.783594 0.098958 0.164062 0.197917
0 0.407031 0.223958 0.360938 0.447917
1 0.356250 0.544792 0.184375 0.235417
1 0.217188 0.740625 0.206250 0.227083
1 0.883594 0.338542 0.167187 0.218750
1 0.564844 0.972917 0.157813 0.054167
1 0.020313 0.637500 0.037500 0.233333
1 0.971094 0.157292 0.057813 0.227083
1 0.958594 0.868750 0.082813 0.258333
1 0.045313 0.268750 0.090625 0.250000
1 0.066406 0.898958 0.132812 0.202083
1 0.949219 0.589583 0.101562 0.212500
1 0.382812 0.932292 0.150000 0.135417
1 0.628906 0.083333 0.164062 0.162500
1 0.221094 0.937500 0.132812 0.125000
1 0.104688 0.070833 0.178125 0.141667
1 0.656250 0.343750 0.156250 0.262500
1 0.676562 0.775000 0.159375 0.229167
1 0.107813 0.518750 0.168750 0.241667
1 0.783594 0.098958 0.164062 0.197917
0 0.407031 0.223958 0.360938 0.447917
1 0.356250 0.544792 0.184375 0.235417
1 0.217188 0.740625 0.206250 0.227083
1 0.883594 0.338542 0.167187 0.218750
1 0.564844 0.972917 0.157813 0.054167
1 0.020313 0.637500 0.037500 0.233333
1 0.971094 0.157292 0.057813 0.227083
1 0.958594 0.868750 0.082813 0.258333
1 0.045313 0.268750 0.090625 0.250000
1 0.066406 0.898958 0.132812 0.202083
1 0.949219 0.589583 0.101562 0.212500
1 0.382812 0.932292 0.150000 0.135417
1 0.628906 0.083333 0.164062 0.162500
1 0.221094 0.937500 0.132812 0.125000
1 0.104688 0.070833 0.178125 0.141667
1 0.656250 0.343750 0.156250 0.262500
1 0.676562 0.775000 0.159375 0.229167
1 0.107813 0.518750 0.168750 0.241667
1 0.783594 0.098958 0.164062 0.197917
0 0.407031 0.223958 0.360938 0.447917
1 0.356250 0.544792 0.184375 0.235417
1 0.217188 0.740625 0.206250 0.227083
1 0.883594 0.338542 0.167187 0.218750
1 0.564844 0.972917 0.157813 0.054167
1 0.020313 0.637500 0.037500 0.233333
1 0.971094 0.157292 0.057813 0.227083
1 0.958594 0.868750 0.082813 0.258333
1 0.045313 0.268750 0.090625 0.250000
1 0.066406 0.898958 0.132812 0.202083
1 0.949219 0.589583 0.101562 0.212500
1 0.382812 0.932292 0.150000 0.135417
1 0.628906 0.083333 0.164062 0.162500
1 0.221094 0.937500 0.132812 0.125000
1 0.104688 0.070833 0.178125 0.141667
1 0.656250 0.343750 0.156250 0.262500
1 0.676562 0.775000 0.159375 0.229167
1 0.107813 0.518750 0.168750 0.241667
1 0.783594 0.098958 0.164062 0.197917
0 0.407031 0.223958 0.360938 0.447917
1 0.356250 0.544792 0.184375 0.235417
1 0.217188 0.740625 0.206250 0.227083
1 0.883594 0.338542 0.167187 0.218750
1 0.564844 0.972917 0.157813 0.054167
1 0.020313 0.637500 0.037500 0.233333
1 0.971094 0.157292 0.057813 0.227083
1 0.958594 0.868750 0.082813 0.258333
1 0.045313 0.268750 0.090625 0.250000
1 0.066406 0.898958 0.132812 0.202083
1 0.949219 0.589583 0.101562 0.212500
1 0.382812 0.932292 0.150000 0.135417
1 0.628906 0.083333 0.164062 0.162500
1 0.221094 0.937500 0.132812 0.125000
1 0.104688 0.070833 0.178125 0.141667
1 0.656250 0.343750 0.156250 0.262500
1 0.676562 0.775000 0.159375 0.229167
1 0.107813 0.518750 0.168750 0.241667
1 0.783594 0.098958 0.164062 0.197917
0 0.407031 0.223958 0.360938 0.447917
1 0.356250 0.544792 0.184375 0.235417
1 0.217188 0.740625 0.206250 0.227083
1 0.883594 0.338542 0.167187 0.218750
1 0.564844 0.972917 0.157813 0.054167
1 0.020313 0.637500 0.037500 0.233333
1 0.971094 0.157292 0.057813 0.227083
1 0.958594 0.868750 0.082813 0.258333
1 0.045313 0.268750 0.090625 0.250000
1 0.066406 0.898958 0.132812 0.202083
1 0.949219 0.589583 0.101562 0.212500
1 0.382812 0.932292 0.150000 0.135417
1 0.628906 0.083333 0.164062 0.162500
1 0.221094 0.937500 0.132812 0.125000
1 0.104688 0.070833 0.178125 0.141667
1 0.656250 0.343750 0.156250 0.262500
1 0.676562 0.775000 0.159375 0.229167
1 0.107813 0.518750 0.168750 0.241667
1 0.783594 0.098958 0.164062 0.197917
0 0.407031 0.223958 0.360938 0.447917
1 0.356250 0.544792 0.184375 0.235417
1 0.217188 0.740625 0.206250 0.227083
1 0.883594 0.338542 0.167187 0.218750
1 0.564844 0.972917 0.157813 0.054167
1 0.020313 0.637500 0.037500 0.233333
1 0.971094 0.157292 0.057813 0.227083
1 0.958594 0.868750 0.082813 0.258333
1 0.045313 0.268750 0.090625 0.250000
1 0.066406 0.898958 0.132812 0.202083
1 0.949219 0.589583 0.101562 0.212500
1 0.382812 0.932292 0.150000 0.135417
1 0.628906 0.083333 0.164062 0.162500
1 0.221094 0.937500 0.132812 0.125000
1 0.104688 0.070833 0.178125 0.141667
1 0.656250 0.343750 0.156250 0.262500
1 0.676562 0.775000 0.159375 0.229167
1 0.107813 0.518750 0.168750 0.241667
1 0.783594 0.098958 0.164062 0.197917
0 0.407031 0.223958 0.360938 0.447917
1 0.356250 0.544792 0.184375 0.235417
1 0.217188 0.740625 0.206250 0.227083
1 0.883594 0.338542 0.167187 0.218750
1 0.564844 0.972917 0.157813 0.054167
1 0.020313 0.637500 0.037500 0.233333
1 0.971094 0.157292 0.057813 0.227083
1 0.958594 0.868750 0.082813 0.258333
1 0.045313 0.268750 0.090625 0.250000
1 0.066406 0.898958 0.132812 0.202083
1 0.949219 0.589583 0.101562 0.212500
1 0.382812 0.932292 0.150000 0.135417
1 0.628906 0.083333 0.164062 0.162500
1 0.221094 0.937500 0.132812 0.125000
1 0.104688 0.070833 0.178125 0.141667
1 0.656250 0.343750 0.156250 0.262500
1 0.676562 0.775000 0.159375 0.229167
1 0.107813 0.518750 0.168750 0.241667
1 0.783594 0.098958 0.164062 0.197917
0 0.407031 0.223958 0.360938 0.447917
1 0.356250 0.544792 0.184375 0.235417
1 0.217188 0.740625 0.206250 0.227083
1 0.883594 0.338542 0.167187 0.218750
1 0.564844 0.972917 0.157813 0.054167
1 0.020313 0.637500 0.037500 0.233333
1 0.971094 0.157292 0.057813 0.227083
1 0.958594 0.868750 0.082813 0.258333
1 0.045313 0.268750 0.090625 0.250000
1 0.066406 0.898958 0.132812 0.202083
1 0.949219 0.589583 0.101562 0.212500
1 0.382812 0.932292 0.150000 0.135417
1 0.628906 0.083333 0.164062 0.162500
1 0.221094 0.937500 0.132812 0.125000
1 0.104688 0.070833 0.178125 0.141667
1 0.656250 0.343750 0.156250 0.262500
1 0.676562 0.775000 0.159375 0.229167
1 0.107813 0.518750 0.168750 0.241667
1 0.783594 0.098958 0.164062 0.197917
0 0.407031 0.223958 0.360938 0.447917
1 0.356250 0.544792 0.184375 0.235417
1 0.217188 0.740625 0.206250 0.227083
1 0.883594 0.338542 0.167187 0.218750
1 0.564844 0.972917 0.157813 0.054167
1 0.020313 0.637500 0.037500 0.233333
1 0.971094 0.157292 0.057813 0.227083
1 0.958594 0.868750 0.082813 0.258333
1 0.045313 0.268750 0.090625 0.250000
1 0.066406 0.898958 0.132812 0.202083
1 0.949219 0.589583 0.101562 0.212500
1 0.382812 0.932292 0.150000 0.135417
1 0.628906 0.083333 0.164062 0.162500
1 0.221094 0.937500 0.132812 0.125000
1 0.104688 0.070833 0.178125 0.141667
1 0.656250 0.343750 0.156250 0.262500
1 0.676562 0.775000 0.159375 0.229167
1 0.107813 0.518750 0.168750 0.241667
1 0.783594 0.098958 0.164062 0.197917
0 0.407031 0.223958 0.360938 0.447917
1 0.356250 0.544792 0.184375 0.235417
1 0.217188 0.740625 0.206250 0.227083
1 0.883594 0.338542 0.167187 0.218750
1 0.564844 0.972917 0.157813 0.054167
1 0.020313 0.637500 0.037500 0.233333
1 0.971094 0.157292 0.057813 0.227083
1 0.958594 0.868750 0.082813 0.258333
1 0.045313 0.268750 0.090625 0.250000
1 0.066406 0.898958 0.132812 0.202083
1 0.949219 0.589583 0.101562 0.212500
1 0.382812 0.932292 0.150000 0.135417
1 0.628906 0.083333 0.164062 0.162500
1 0.221094 0.937500 0.132812 0.125000
1 0.104688 0.070833 0.178125 0.141667
1 0.656250 0.343750 0.156250 0.262500
1 0.676562 0.775000 0.159375 0.229167
1 0.107813 0.518750 0.168750 0.241667
1 0.783594 0.098958 0.164062 0.197917
0 0.407031 0.223958 0.360938 0.447917
1 0.356250 0.544792 0.184375 0.235417
1 0.217188 0.740625 0.206250 0.227083
1 0.883594 0.338542 0.167187 0.218750
1 0.564844 0.972917 0.157813 0.054167
1 0.020313 0.637500 0.037500 0.233333
1 0.971094 0.157292 0.057813 0.227083
1 0.958594 0.868750 0.082813 0.258333
1 0.045313 0.268750 0.090625 0.250000
1 0.066406 0.898958 0.132812 0.202083
1 0.949219 0.589583 0.101562 0.212500
1 0.382812 0.932292 0.150000 0.135417
1 0.628906 0.083333 0.164062 0.162500
1 0.221094 0.937500 0.132812 0.125000
1 0.104688 0.070833 0.178125 0.141667
1 0.656250 0.343750 0.156250 0.262500
1 0.676562 0.775000 0.159375 0.229167
1 0.107813 0.518750 0.168750 0.241667
1 0.783594 0.098958 0.164062 0.197917
0 0.407031 0.223958 0.360938 0.447917
1 0.356250 0.544792 0.184375 0.235417
1 0.217188 0.740625 0.206250 0.227083
1 0.883594 0.338542 0.167187 0.218750
1 0.564844 0.972917 0.157813 0.054167
1 0.020313 0.637500 0.037500 0.233333
1 0.971094 0.157292 0.057813 0.227083
1 0.958594 0.868750 0.082813 0.258333
1 0.045313 0.268750 0.090625 0.250000
1 0.066406 0.898958 0.132812 0.202083
1 0.949219 0.589583 0.101562 0.212500
1 0.382812 0.932292 0.150000 0.135417
1 0.628906 0.083333 0.164062 0.162500
1 0.221094 0.937500 0.132812 0.125000
1 0.104688 0.070833 0.178125 0.141667
1 0.656250 0.343750 0.156250 0.262500
1 0.676562 0.775000 0.159375 0.229167
1 0.107813 0.518750 0.168750 0.241667
1 0.783594 0.098958 0.164062 0.197917
0 0.407031 0.223958 0.360938 0.447917
1 0.356250 0.544792 0.184375 0.235417
1 0.217188 0.740625 0.206250 0.227083
1 0.883594 0.338542 0.167187 0.218750
1 0.564844 0.972917 0.157813 0.054167
1 0.020313 0.637500 0.037500 0.233333
1 0.971094 0.157292 0.057813 0.227083
1 0.958594 0.868750 0.082813 0.258333
1 0.045313 0.268750 0.090625 0.250000
1 0.066406 0.898958 0.132812 0.202083
1 0.949219 0.589583 0.101562 0.212500
1 0.382812 0.932292 0.150000 0.135417
1 0.628906 0.083333 0.164062 0.162500
1 0.221094 0.937500 0.132812 0.125000
1 0.104688 0.070833 0.178125 0.141667
1 0.656250 0.343750 0.156250 0.262500
1 0.676562 0.775000 0.159375 0.229167
1 0.107813 0.518750 0.168750 0.241667
1 0.783594 0.098958 0.164062 0.197917
0 0.407031 0.223958 0.360938 0.447917
1 0.356250 0.544792 0.184375 0.235417
1 0.217188 0.740625 0.206250 0.227083
1 0.883594 0.338542 0.167187 0.218750
1 0.564844 0.972917 0.157813 0.054167
1 0.020313 0.637500 0.037500 0.233333
1 0.971094 0.157292 0.057813 0.227083
1 0.958594 0.868750 0.082813 0.258333
1 0.045313 0.268750 0.090625 0.250000
1 0.066406 0.898958 0.132812 0.202083
1 0.949219 0.589583 0.101562 0.212500
1 0.382812 0.932292 0.150000 0.135417
1 0.628906 0.083333 0.164062 0.162500
1 0.221094 0.937500 0.132812 0.125000
1 0.104688 0.070833 0.178125 0.141667
1 0.656250 0.343750 0.156250 0.262500
1 0.676562 0.775000 0.159375 0.229167
1 0.107813 0.518750 0.168750 0.241667
1 0.783594 0.098958 0.164062 0.197917
0 0.407031 0.223958 0.360938 0.447917
1 0.356250 0.544792 0.184375 0.235417
1 0.217188 0.740625 0.206250 0.227083
1 0.883594 0.338542 0.167187 0.218750
1 0.564844 0.972917 0.157813 0.054167
1 0.020313 0.637500 0.037500 0.233333
1 0.971094 0.157292 0.057813 0.227083
1 0.958594 0.868750 0.082813 0.258333
1 0.045313 0.268750 0.090625 0.250000
1 0.066406 0.898958 0.132812 0.202083
1 0.949219 0.589583 0.101562 0.212500
1 0.382812 0.932292 0.150000 0.135417
1 0.628906 0.083333 0.164062 0.162500
1 0.221094 0.937500 0.132812 0.125000
1 0.104688 0.070833 0.178125 0.141667
1 0.656250 0.343750 0.156250 0.262500
1 0.676562 0.775000 0.159375 0.229167
1 0.107813 0.518750 0.168750 0.241667
1 0.783594 0.098958 0.164062 0.197917
0 0.407031 0.223958 0.360938 0.447917
1 0.356250 0.544792 0.184375 0.235417
1 0.217188 0.740625 0.206250 0.227083
1 0.883594 0.338542 0.167187 0.218750
1 0.564844 0.972917 0.157813 0.054167
1 0.020313 0.637500 0.037500 0.233333
1 0.971094 0.157292 0.057813 0.227083
1 0.958594 0.868750 0.082813 0.258333
1 0.045313 0.268750 0.090625 0.250000
1 0.066406 0.898958 0.132812 0.202083
1 0.949219 0.589583 0.101562 0.212500
1 0.382812 0.932292 0.150000 0.135417
1 0.628906 0.083333 0.164062 0.162500
1 0.221094 0.937500 0.132812 0.125000
1 0.104688 0.070833 0.178125 0.141667
1 0.656250 0.343750 0.156250 0.262500
1 0.676562 0.775000 0.159375 0.229167
1 0.107813 0.518750 0.168750 0.241667
1 0.783594 0.098958 0.164062 0.197917
0 0.407031 0.223958 0.360938 0.447917
1 0.356250 0.544792 0.184375 0.235417
1 0.217188 0.740625 0.206250 0.227083
1 0.883594 0.338542 0.167187 0.218750
1 0.564844 0.972917 0.157813 0.054167
1 0.020313 0.637500 0.037500 0.233333
1 0.971094 0.157292 0.057813 0.227083
1 0.958594 0.868750 0.082813 0.258333
1 0.045313 0.268750 0.090625 0.250000
1 0.066406 0.898958 0.132812 0.202083
1 0.949219 0.589583 0.101562 0.212500
1 0.382812 0.932292 0.150000 0.135417
1 0.628906 0.083333 0.164062 0.162500
1 0.221094 0.937500 0.132812 0.125000
1 0.104688 0.070833 0.178125 0.141667
1 0.656250 0.343750 0.156250 0.262500
1 0.676562 0.775000 0.159375 0.229167
1 0.107813 0.518750 0.168750 0.241667
1 0.783594 0.098958 0.164062 0.197917
0 0.407031 0.223958 0.360938 0.447917
1 0.356250 0.544792 0.184375 0.235417
1 0.217188 0.740625 0.206250 0.227083
1 0.883594 0.338542 0.167187 0.218750
