1 0.278906 0.056250 0.157813 0.112500
2 0.541406 0.983333 0.064062 0.033333
1 0.953906 0.708333 0.092188 0.250000
1 0.320312 0.967708 0.165625 0.064583
1 0.182812 0.811458 0.171875 0.210417
1 0.644531 0.050000 0.173438 0.100000
1 0.064844 0.956250 0.129688 0.087500
1 0.244531 0.395833 0.157813 0.200000
1 0.132031 0.048958 0.154688 0.097917
1 0.046875 0.059375 0.090625 0.118750
1 0.299219 0.420833 0.132812 0.195833
1 0.694531 0.690625 0.176563 0.297917
1 0.905469 0.906250 0.189063 0.187500
1 0.294531 0.808333 0.182812 0.225000
1 0.720313 0.497917 0.178125 0.195833
1 0.067969 0.528125 0.135937 0.272917
1 0.905469 0.096875 0.189063 0.193750
1 0.844531 0.659375 0.160938 0.247917
1 0.049219 0.284375 0.095312 0.206250
1 0.799219 0.419792 0.176563 0.247917
0 0.456250 0.255208 0.271875 0.393750
1 0.485156 0.838542 0.176563 0.227083
1 0.214062 0.595833 0.175000 0.225000
1 0.278906 0.056250 0.157813 0.112500
2 0.541406 0.983333 0.064062 0.033333
1 0.953906 0.708333 0.092188 0.250000
1 0.320312 0.967708 0.165625 0.064583
1 0.182812 0.811458 0.171875 0.210417
1 0.644531 0.050000 0.173438 0.100000
1 0.064844 0.956250 0.129688 0.087500
1 0.244531 0.395833 0.157813 0.200000
1 0.132031 0.048958 0.154688 0.097917
1 0.046875 0.059375 0.090625 0.118750
1 0.299219 0.420833 0.132812 0.195833
1 0.694531 0.690625 0.176563 0.297917
1 0.905469 0.906250 0.189063 0.187500
1 0.294531 0.808333 0.182812 0.225000
1 0.720313 0.497917 0.178125 0.195833
1 0.067969 0.528125 0.135937 0.272917
1 0.905469 0.096875 0.189063 0.193750
1 0.844531 0.659375 0.160938 0.247917
1 0.049219 0.284375 0.095312 0.206250
1 0.799219 0.419792 0.176563 0.247917
0 0.456250 0.255208 0.271875 0.393750
1 0.485156 0.838542 0.176563 0.227083
1 0.214062 0.595833 0.175000 0.225000
1 0.278906 0.056250 0.157813 0.112500
2 0.541406 0.983333 0.064062 0.033333
1 0.953906 0.708333 0.092188 0.250000
1 0.320312 0.967708 0.165625 0.064583
1 0.182812 0.811458 0.171875 0.210417
1 0.644531 0.050000 0.173438 0.100000
1 0.064844 0.956250 0.129688 0.087500
1 0.244531 0.395833 0.157813 0.200000
1 0.132031 0.048958 0.154688 0.097917
1 0.046875 0.059375 0.090625 0.118750
1 0.299219 0.420833 0.132812 0.195833
1 0.694531 0.690625 0.176563 0.297917
1 0.905469 0.906250 0.189063 0.187500
1 0.294531 0.808333 0.182812 0.225000
1 0.720313 0.497917 0.178125 0.195833
1 0.067969 0.528125 0.135937 0.272917
1 0.905469 0.096875 0.189063 0.193750
1 0.844531 0.659375 0.160938 0.247917
1 0.049219 0.284375 0.095312 0.206250
1 0.799219 0.419792 0.176563 0.247917
0 0.456250 0.255208 0.271875 0.393750
1 0.485156 0.838542 0.176563 0.227083
1 0.214062 0.595833 0.175000 0.225000
1 0.278906 0.056250 0.157813 0.112500
2 0.541406 0.983333 0.064062 0.033333
1 0.953906 0.708333 0.092188 0.250000
1 0.320312 0.967708 0.165625 0.064583
1 0.182812 0.811458 0.171875 0.210417
1 0.644531 0.050000 0.173438 0.100000
1 0.064844 0.956250 0.129688 0.087500
1 0.244531 0.395833 0.157813 0.200000
1 0.132031 0.048958 0.154688 0.097917
1 0.046875 0.059375 0.090625 0.118750
1 0.299219 0.420833 0.132812 0.195833
1 0.694531 0.690625 0.176563 0.297917
1 0.905469 0.906250 0.189063 0.187500
1 0.294531 0.808333 0.182812 0.225000
1 0.720313 0.497917 0.178125 0.195833
1 0.067969 0.528125 0.135937 0.272917
1 0.905469 0.096875 0.189063 0.193750
1 0.844531 0.659375 0.160938 0.247917
1 0.049219 0.284375 0.095312 0.206250
1 0.799219 0.419792 0.176563 0.247917
0 0.456250 0.255208 0.271875 0.393750
1 0.485156 0.838542 0.176563 0.227083
1 0.214062 0.595833 0.175000 0.225000
1 0.278906 0.056250 0.157813 0.112500
2 0.541406 0.983333 0.064062 0.033333
1 0.953906 0.708333 0.092188 0.250000
1 0.320312 0.967708 0.165625 0.064583
1 0.182812 0.811458 0.171875 0.210417
1 0.644531 0.050000 0.173438 0.100000
1 0.064844 0.956250 0.129688 0.087500
1 0.244531 0.395833 0.157813 0.200000
1 0.132031 0.048958 0.154688 0.097917
1 0.046875 0.059375 0.090625 0.118750
1 0.299219 0.420833 0.132812 0.195833
1 0.694531 0.690625 0.176563 0.297917
1 0.905469 0.906250 0.189063 0.187500
1 0.294531 0.808333 0.182812 0.225000
1 0.720313 0.497917 0.178125 0.195833
1 0.067969 0.528125 0.135937 0.272917
1 0.905469 0.096875 0.189063 0.193750
1 0.844531 0.659375 0.160938 0.247917
1 0.049219 0.284375 0.095312 0.206250
1 0.799219 0.419792 0.176563 0.247917
0 0.456250 0.255208 0.271875 0.393750
1 0.485156 0.838542 0.176563 0.227083
1 0.214062 0.595833 0.175000 0.225000
1 0.278906 0.056250 0.157813 0.112500
2 0.541406 0.983333 0.064062 0.033333
1 0.953906 0.708333 0.092188 0.250000
1 0.320312 0.967708 0.165625 0.064583
1 0.182812 0.811458 0.171875 0.210417
1 0.644531 0.050000 0.173438 0.100000
1 0.064844 0.956250 0.129688 0.087500
1 0.244531 0.395833 0.157813 0.200000
1 0.132031 0.048958 0.154688 0.097917
1 0.046875 0.059375 0.090625 0.118750
1 0.299219 0.420833 0.132812 0.195833
1 0.694531 0.690625 0.176563 0.297917
1 0.905469 0.906250 0.189063 0.187500
1 0.294531 0.808333 0.182812 0.225000
1 0.720313 0.497917 0.178125 0.195833
1 0.067969 0.528125 0.135937 0.272917
1 0.905469 0.096875 0.189063 0.193750
1 0.844531 0.659375 0.160938 0.247917
1 0.049219 0.284375 0.095312 0.206250
1 0.799219 0.419792 0.176563 0.247917
0 0.456250 0.255208 0.271875 0.393750
1 0.485156 0.838542 0.176563 0.227083
1 0.214062 0.595833 0.175000 0.225000
1 0.278906 0.056250 0.157813 0.112500
2 0.541406 0.983333 0.064062 0.033333
1 0.953906 0.708333 0.092188 0.250000
1 0.320312 0.967708 0.165625 0.064583
1 0.182812 0.811458 0.171875 0.210417
1 0.644531 0.050000 0.173438 0.100000
1 0.064844 0.956250 0.129688 0.087500
1 0.244531 0.395833 0.157813 0.200000
1 0.132031 0.048958 0.154688 0.097917
1 0.046875 0.059375 0.090625 0.118750
1 0.299219 0.420833 0.132812 0.195833
1 0.694531 0.690625 0.176563 0.297917
1 0.905469 0.906250 0.189063 0.187500
1 0.294531 0.808333 0.182812 0.225000
1 0.720313 0.497917 0.178125 0.195833
1 0.067969 0.528125 0.135937 0.272917
1 0.905469 0.096875 0.189063 0.193750
1 0.844531 0.659375 0.160938 0.247917
1 0.049219 0.284375 0.095312 0.206250
1 0.799219 0.419792 0.176563 0.247917
0 0.456250 0.255208 0.271875 0.393750
1 0.485156 0.838542 0.176563 0.227083
1 0.214062 0.595833 0.175000 0.225000
1 0.278906 0.056250 0.157813 0.112500
2 0.541406 0.983333 0.064062 0.033333
1 0.953906 0.708333 0.092188 0.250000
1 0.320312 0.967708 0.165625 0.064583
1 0.182812 0.811458 0.171875 0.210417
1 0.644531 0.050000 0.173438 0.100000
1 0.064844 0.956250 0.129688 0.087500
1 0.244531 0.395833 0.157813 0.200000
1 0.132031 0.048958 0.154688 0.097917
1 0.046875 0.059375 0.090625 0.118750
1 0.299219 0.420833 0.132812 0.195833
1 0.694531 0.690625 0.176563 0.297917
1 0.905469 0.906250 0.189063 0.187500
1 0.294531 0.808333 0.182812 0.225000
1 0.720313 0.497917 0.178125 0.195833
1 0.067969 0.528125 0.135937 0.272917
1 0.905469 0.096875 0.189063 0.193750
1 0.844531 0.659375 0.160938 0.247917
1 0.049219 0.284375 0.095312 0.206250
1 0.799219 0.419792 0.176563 0.247917
0 0.456250 0.255208 0.271875 0.393750
1 0.485156 0.838542 0.176563 0.227083
1 0.214062 0.595833 0.175000 0.225000
1 0.278906 0.056250 0.157813 0.112500
2 0.541406 0.983333 0.064062 0.033333
1 0.953906 0.708333 0.092188 0.250000
1 0.320312 0.967708 0.165625 0.064583
1 0.182812 0.811458 0.171875 0.210417
1 0.644531 0.050000 0.173438 0.100000
1 0.064844 0.956250 0.129688 0.087500
1 0.244531 0.395833 0.157813 0.200000
1 0.132031 0.048958 0.154688 0.097917
1 0.046875 0.059375 0.090625 0.118750
1 0.299219 0.420833 0.132812 0.195833
1 0.694531 0.690625 0.176563 0.297917
1 0.905469 0.906250 0.189063 0.187500
1 0.294531 0.808333 0.182812 0.225000
1 0.720313 0.497917 0.178125 0.195833
1 0.067969 0.528125 0.135937 0.272917
1 0.905469 0.096875 0.189063 0.193750
1 0.844531 0.659375 0.160938 0.247917
1 0.049219 0.284375 0.095312 0.206250
1 0.799219 0.419792 0.176563 0.247917
0 0.456250 0.255208 0.271875 0.393750
1 0.485156 0.838542 0.176563 0.227083
1 0.214062 0.595833 0.175000 0.225000
1 0.278906 0.056250 0.157813 0.112500
2 0.541406 0.983333 0.064062 0.033333
1 0.953906 0.708333 0.092188 0.250000
1 0.320312 0.967708 0.165625 0.064583
1 0.182812 0.811458 0.171875 0.210417
1 0.644531 0.050000 0.173438 0.100000
1 0.064844 0.956250 0.129688 0.087500
1 0.244531 0.395833 0.157813 0.200000
1 0.132031 0.048958 0.154688 0.097917
1 0.046875 0.059375 0.090625 0.118750
1 0.299219 0.420833 0.132812 0.195833
1 0.694531 0.690625 0.176563 0.297917
1 0.905469 0.906250 0.189063 0.187500
1 0.294531 0.808333 0.182812 0.225000
1 0.720313 0.497917 0.178125 0.195833
1 0.067969 0.528125 0.135937 0.272917
1 0.905469 0.096875 0.189063 0.193750
1 0.844531 0.659375 0.160938 0.247917
1 0.049219 0.284375 0.095312 0.206250
1 0.799219 0.419792 0.176563 0.247917
0 0.456250 0.255208 0.271875 0.393750
1 0.485156 0.838542 0.176563 0.227083
1 0.214062 0.595833 0.175000 0.225000
1 0.278906 0.056250 0.157813 0.112500
2 0.541406 0.983333 0.064062 0.033333
1 0.953906 0.708333 0.092188 0.250000
1 0.320312 0.967708 0.165625 0.064583
1 0.182812 0.811458 0.171875 0.210417
1 0.644531 0.050000 0.173438 0.100000
1 0.064844 0.956250 0.129688 0.087500
1 0.244531 0.395833 0.157813 0.200000
1 0.132031 0.048958 0.154688 0.097917
1 0.046875 0.059375 0.090625 0.118750
1 0.299219 0.420833 0.132812 0.195833
1 0.694531 0.690625 0.176563 0.297917
1 0.905469 0.906250 0.189063 0.187500
1 0.294531 0.808333 0.182812 0.225000
1 0.720313 0.497917 0.178125 0.195833
1 0.067969 0.528125 0.135937 0.272917
1 0.905469 0.096875 0.189063 0.193750
1 0.844531 0.659375 0.160938 0.247917
1 0.049219 0.284375 0.095312 0.206250
1 0.799219 0.419792 0.176563 0.247917
0 0.456250 0.255208 0.271875 0.393750
1 0.485156 0.838542 0.176563 0.227083
1 0.214062 0.595833 0.175000 0.225000
1 0.278906 0.056250 0.157813 0.112500
2 0.541406 0.983333 0.064062 0.033333
1 0.953906 0.708333 0.092188 0.250000
1 0.320312 0.967708 0.165625 0.064583
1 0.182812 0.811458 0.171875 0.210417
1 0.644531 0.050000 0.173438 0.100000
1 0.064844 0.956250 0.129688 0.087500
1 0.244531 0.395833 0.157813 0.200000
1 0.132031 0.048958 0.154688 0.097917
1 0.046875 0.059375 0.090625 0.118750
1 0.299219 0.420833 0.132812 0.195833
1 0.694531 0.690625 0.176563 0.297917
1 0.905469 0.906250 0.189063 0.187500
1 0.294531 0.808333 0.182812 0.225000
1 0.720313 0.497917 0.178125 0.195833
1 0.067969 0.528125 0.135937 0.272917
1 0.905469 0.096875 0.189063 0.193750
1 0.844531 0.659375 0.160938 0.247917
1 0.049219 0.284375 0.095312 0.206250
1 0.799219 0.419792 0.176563 0.247917
0 0.456250 0.255208 0.271875 0.393750
1 0.485156 0.838542 0.176563 0.227083
1 0.214062 0.595833 0.175000 0.225000
1 0.278906 0.056250 0.157813 0.112500
2 0.541406 0.983333 0.064062 0.033333
1 0.953906 0.708333 0.092188 0.250000
1 0.320312 0.967708 0.165625 0.064583
1 0.182812 0.811458 0.171875 0.210417
1 0.644531 0.050000 0.173438 0.100000
1 0.064844 0.956250 0.129688 0.087500
1 0.244531 0.395833 0.157813 0.200000
1 0.132031 0.048958 0.154688 0.097917
1 0.046875 0.059375 0.090625 0.118750
1 0.299219 0.420833 0.132812 0.195833
1 0.694531 0.690625 0.176563 0.297917
1 0.905469 0.906250 0.189063 0.187500
1 0.294531 0.808333 0.182812 0.225000
1 0.720313 0.497917 0.178125 0.195833
1 0.067969 0.528125 0.135937 0.272917
1 0.905469 0.096875 0.189063 0.193750
1 0.844531 0.659375 0.160938 0.247917
1 0.049219 0.284375 0.095312 0.206250
1 0.799219 0.419792 0.176563 0.247917
0 0.456250 0.255208 0.271875 0.393750
1 0.485156 0.838542 0.176563 0.227083
1 0.214062 0.595833 0.175000 0.225000
1 0.278906 0.056250 0.157813 0.112500
2 0.541406 0.983333 0.064062 0.033333
1 0.953906 0.708333 0.092188 0.250000
1 0.320312 0.967708 0.165625 0.064583
1 0.182812 0.811458 0.171875 0.210417
1 0.644531 0.050000 0.173438 0.100000
1 0.064844 0.956250 0.129688 0.087500
1 0.244531 0.395833 0.157813 0.200000
1 0.132031 0.048958 0.154688 0.097917
1 0.046875 0.059375 0.090625 0.118750
1 0.299219 0.420833 0.132812 0.195833
1 0.694531 0.690625 0.176563 0.297917
1 0.905469 0.906250 0.189063 0.187500
1 0.294531 0.808333 0.182812 0.225000
1 0.720313 0.497917 0.178125 0.195833
1 0.067969 0.528125 0.135937 0.272917
1 0.905469 0.096875 0.189063 0.193750
1 0.844531 0.659375 0.160938 0.247917
1 0.049219 0.284375 0.095312 0.206250
1 0.799219 0.419792 0.176563 0.247917
0 0.456250 0.255208 0.271875 0.393750
1 0.485156 0.838542 0.176563 0.227083
1 0.214062 0.595833 0.175000 0.225000
1 0.278906 0.056250 0.157813 0.112500
2 0.541406 0.983333 0.064062 0.033333
1 0.953906 0.708333 0.092188 0.250000
1 0.320312 0.967708 0.165625 0.064583
1 0.182812 0.811458 0.171875 0.210417
1 0.644531 0.050000 0.173438 0.100000
1 0.064844 0.956250 0.129688 0.087500
1 0.244531 0.395833 0.157813 0.200000
1 0.132031 0.048958 0.154688 0.097917
1 0.046875 0.059375 0.090625 0.118750
1 0.299219 0.420833 0.132812 0.195833
1 0.694531 0.690625 0.176563 0.297917
1 0.905469 0.906250 0.189063 0.187500
1 0.294531 0.808333 0.182812 0.225000
1 0.720313 0.497917 0.178125 0.195833
1 0.067969 0.528125 0.135937 0.272917
1 0.905469 0.096875 0.189063 0.193750
1 0.844531 0.659375 0.160938 0.247917
1 0.049219 0.284375 0.095312 0.206250
1 0.799219 0.419792 0.176563 0.247917
0 0.456250 0.255208 0.271875 0.393750
1 0.485156 0.838542 0.176563 0.227083
1 0.214062 0.595833 0.175000 0.225000
1 0.278906 0.056250 0.157813 0.112500
2 0.541406 0.983333 0.064062 0.033333
1 0.953906 0.708333 0.092188 0.250000
1 0.320312 0.967708 0.165625 0.064583
1 0.182812 0.811458 0.171875 0.210417
1 0.644531 0.050000 0.173438 0.100000
1 0.064844 0.956250 0.129688 0.087500
1 0.244531 0.395833 0.157813 0.200000
1 0.132031 0.048958 0.154688 0.097917
1 0.046875 0.059375 0.090625 0.118750
1 0.299219 0.420833 0.132812 0.195833
1 0.694531 0.690625 0.176563 0.297917
1 0.905469 0.906250 0.189063 0.187500
1 0.294531 0.808333 0.182812 0.225000
1 0.720313 0.497917 0.178125 0.195833
1 0.067969 0.528125 0.135937 0.272917
1 0.905469 0.096875 0.189063 0.193750
1 0.844531 0.659375 0.160938 0.247917
1 0.049219 0.284375 0.095312 0.206250
1 0.799219 0.419792 0.176563 0.247917
0 0.456250 0.255208 0.271875 0.393750
1 0.485156 0.838542 0.176563 0.227083
1 0.214062 0.595833 0.175000 0.225000
1 0.278906 0.056250 0.157813 0.112500
2 0.541406 0.983333 0.064062 0.033333
1 0.953906 0.708333 0.092188 0.250000
1 0.320312 0.967708 0.165625 0.064583
1 0.182812 0.811458 0.171875 0.210417
1 0.644531 0.050000 0.173438 0.100000
1 0.064844 0.956250 0.129688 0.087500
1 0.244531 0.395833 0.157813 0.200000
1 0.132031 0.048958 0.154688 0.097917
1 0.046875 0.059375 0.090625 0.118750
1 0.299219 0.420833 0.132812 0.195833
1 0.694531 0.690625 0.176563 0.297917
1 0.905469 0.906250 0.189063 0.187500
1 0.294531 0.808333 0.182812 0.225000
1 0.720313 0.497917 0.178125 0.195833
1 0.067969 0.528125 0.135937 0.272917
1 0.905469 0.096875 0.189063 0.193750
1 0.844531 0.659375 0.160938 0.247917
1 0.049219 0.284375 0.095312 0.206250
1 0.799219 0.419792 0.176563 0.247917
0 0.456250 0.255208 0.271875 0.393750
1 0.485156 0.838542 0.176563 0.227083
1 0.214062 0.595833 0.175000 0.225000
1 0.278906 0.056250 0.157813 0.112500
2 0.541406 0.983333 0.064062 0.033333
1 0.953906 0.708333 0.092188 0.250000
1 0.320312 0.967708 0.165625 0.064583
1 0.182812 0.811458 0.171875 0.210417
1 0.644531 0.050000 0.173438 0.100000
1 0.064844 0.956250 0.129688 0.087500
1 0.244531 0.395833 0.157813 0.200000
1 0.132031 0.048958 0.154688 0.097917
1 0.046875 0.059375 0.090625 0.118750
1 0.299219 0.420833 0.132812 0.195833
1 0.694531 0.690625 0.176563 0.297917
1 0.905469 0.906250 0.189063 0.187500
1 0.294531 0.808333 0.182812 0.225000
1 0.720313 0.497917 0.178125 0.195833
1 0.067969 0.528125 0.135937 0.272917
1 0.905469 0.096875 0.189063 0.193750
1 0.844531 0.659375 0.160938 0.247917
1 0.049219 0.284375 0.095312 0.206250
1 0.799219 0.419792 0.176563 0.247917
0 0.456250 0.255208 0.271875 0.393750
1 0.485156 0.838542 0.176563 0.227083
1 0.214062 0.595833 0.175000 0.225000
1 0.278906 0.056250 0.157813 0.112500
2 0.541406 0.983333 0.064062 0.033333
1 0.953906 0.708333 0.092188 0.250000
1 0.320312 0.967708 0.165625 0.064583
1 0.182812 0.811458 0.171875 0.210417
1 0.644531 0.050000 0.173438 0.100000
1 0.064844 0.956250 0.129688 0.087500
1 0.244531 0.395833 0.157813 0.200000
1 0.132031 0.048958 0.154688 0.097917
1 0.046875 0.059375 0.090625 0.118750
1 0.299219 0.420833 0.132812 0.195833
1 0.694531 0.690625 0.176563 0.297917
1 0.905469 0.906250 0.189063 0.187500
1 0.294531 0.808333 0.182812 0.225000
1 0.720313 0.497917 0.178125 0.195833
1 0.067969 0.528125 0.135937 0.272917
1 0.905469 0.096875 0.189063 0.193750
1 0.844531 0.659375 0.160938 0.247917
1 0.049219 0.284375 0.095312 0.206250
1 0.799219 0.419792 0.176563 0.247917
0 0.456250 0.255208 0.271875 0.393750
1 0.485156 0.838542 0.176563 0.227083
1 0.214062 0.595833 0.175000 0.225000
1 0.278906 0.056250 0.157813 0.112500
2 0.541406 0.983333 0.064062 0.033333
1 0.953906 0.708333 0.092188 0.250000
1 0.320312 0.967708 0.165625 0.064583
1 0.182812 0.811458 0.171875 0.210417
1 0.644531 0.050000 0.173438 0.100000
1 0.064844 0.956250 0.129688 0.087500
1 0.244531 0.395833 0.157813 0.200000
1 0.132031 0.048958 0.154688 0.097917
1 0.046875 0.059375 0.090625 0.118750
1 0.299219 0.420833 0.132812 0.195833
1 0.694531 0.690625 0.176563 0.297917
1 0.905469 0.906250 0.189063 0.187500
1 0.294531 0.808333 0.182812 0.225000
1 0.720313 0.497917 0.178125 0.195833
1 0.067969 0.528125 0.135937 0.272917
1 0.905469 0.096875 0.189063 0.193750
1 0.844531 0.659375 0.160938 0.247917
1 0.049219 0.284375 0.095312 0.206250
1 0.799219 0.419792 0.176563 0.247917
0 0.456250 0.255208 0.271875 0.393750
1 0.485156 0.838542 0.176563 0.227083
1 0.214062 0.595833 0.175000 0.225000
1 0.278906 0.056250 0.157813 0.112500
2 0.541406 0.983333 0.064062 0.033333
1 0.953906 0.708333 0.092188 0.250000
1 0.320312 0.967708 0.165625 0.064583
1 0.182812 0.811458 0.171875 0.210417
1 0.644531 0.050000 0.173438 0.100000
1 0.064844 0.956250 0.129688 0.087500
1 0.244531 0.395833 0.157813 0.200000
1 0.132031 0.048958 0.154688 0.097917
1 0.046875 0.059375 0.090625 0.118750
1 0.299219 0.420833 0.132812 0.195833
1 0.694531 0.690625 0.176563 0.297917
1 0.905469 0.906250 0.189063 0.187500
1 0.294531 0.808333 0.182812 0.225000
1 0.720313 0.497917 0.178125 0.195833
1 0.067969 0.528125 0.135937 0.272917
1 0.905469 0.096875 0.189063 0.193750
1 0.844531 0.659375 0.160938 0.247917
1 0.049219 0.284375 0.095312 0.206250
1 0.799219 0.419792 0.176563 0.247917
0 0.456250 0.255208 0.271875 0.393750
1 0.485156 0.838542 0.176563 0.227083
1 0.214062 0.595833 0.175000 0.225000
1 0.278906 0.056250 0.157813 0.112500
2 0.541406 0.983333 0.064062 0.033333
1 0.953906 0.708333 0.092188 0.250000
1 0.320312 0.967708 0.165625 0.064583
1 0.182812 0.811458 0.171875 0.210417
1 0.644531 0.050000 0.173438 0.100000
1 0.064844 0.956250 0.129688 0.087500
1 0.244531 0.395833 0.157813 0.200000
1 0.132031 0.048958 0.154688 0.097917
1 0.046875 0.059375 0.090625 0.118750
1 0.299219 0.420833 0.132812 0.195833
1 0.694531 0.690625 0.176563 0.297917
1 0.905469 0.906250 0.189063 0.187500
1 0.294531 0.808333 0.182812 0.225000
1 0.720313 0.497917 0.178125 0.195833
1 0.067969 0.528125 0.135937 0.272917
1 0.905469 0.096875 0.189063 0.193750
1 0.844531 0.659375 0.160938 0.247917
1 0.049219 0.284375 0.095312 0.206250
1 0.799219 0.419792 0.176563 0.247917
0 0.456250 0.255208 0.271875 0.393750
1 0.485156 0.838542 0.176563 0.227083
1 0.214062 0.595833 0.175000 0.225000
1 0.278906 0.056250 0.157813 0.112500
2 0.541406 0.983333 0.064062 0.033333
1 0.953906 0.708333 0.092188 0.250000
1 0.320312 0.967708 0.165625 0.064583
1 0.182812 0.811458 0.171875 0.210417
1 0.644531 0.050000 0.173438 0.100000
1 0.064844 0.956250 0.129688 0.087500
1 0.244531 0.395833 0.157813 0.200000
1 0.132031 0.048958 0.154688 0.097917
1 0.046875 0.059375 0.090625 0.118750
1 0.299219 0.420833 0.132812 0.195833
1 0.694531 0.690625 0.176563 0.297917
1 0.905469 0.906250 0.189063 0.187500
1 0.294531 0.808333 0.182812 0.225000
1 0.720313 0.497917 0.178125 0.195833
1 0.067969 0.528125 0.135937 0.272917
1 0.905469 0.096875 0.189063 0.193750
1 0.844531 0.659375 0.160938 0.247917
1 0.049219 0.284375 0.095312 0.206250
1 0.799219 0.419792 0.176563 0.247917
0 0.456250 0.255208 0.271875 0.393750
1 0.485156 0.838542 0.176563 0.227083
1 0.214062 0.595833 0.175000 0.225000
