2 0.777344 0.792708 0.089063 0.114583
1 0.853125 0.457292 0.162500 0.264583
0 0.240625 0.323958 0.365625 0.447917
1 0.517188 0.559375 0.171875 0.235417
1 0.708594 0.080208 0.201563 0.160417
1 0.698438 0.512500 0.159375 0.241667
1 0.691406 0.256250 0.198437 0.241667
2 0.777344 0.792708 0.089063 0.114583
1 0.853125 0.457292 0.162500 0.264583
0 0.240625 0.323958 0.365625 0.447917
1 0.517188 0.559375 0.171875 0.235417
1 0.708594 0.080208 0.201563 0.160417
1 0.698438 0.512500 0.159375 0.241667
1 0.691406 0.256250 0.198437 0.241667
2 0.777344 0.792708 0.089063 0.114583
1 0.853125 0.457292 0.162500 0.264583
0 0.240625 0.323958 0.365625 0.447917
1 0.517188 0.559375 0.171875 0.235417
1 0.708594 0.080208 0.201563 0.160417
1 0.698438 0.512500 0.159375 0.241667
1 0.691406 0.256250 0.198437 0.241667
2 0.777344 0.792708 0.089063 0.114583
1 0.853125 0.457292 0.162500 0.264583
0 0.240625 0.323958 0.365625 0.447917
1 0.517188 0.559375 0.171875 0.235417
1 0.708594 0.080208 0.201563 0.160417
1 0.698438 0.512500 0.159375 0.241667
1 0.691406 0.256250 0.198437 0.241667
2 0.777344 0.792708 0.089063 0.114583
1 0.853125 0.457292 0.162500 0.264583
0 0.240625 0.323958 0.365625 0.447917
1 0.517188 0.559375 0.171875 0.235417
1 0.708594 0.080208 0.201563 0.160417
1 0.698438 0.512500 0.159375 0.241667
1 0.691406 0.256250 0.198437 0.241667
2 0.777344 0.792708 0.089063 0.114583
1 0.853125 0.457292 0.162500 0.264583
0 0.240625 0.323958 0.365625 0.447917
1 0.517188 0.559375 0.171875 0.235417
1 0.708594 0.080208 0.201563 0.160417
1 0.698438 0.512500 0.159375 0.241667
1 0.691406 0.256250 0.198437 0.241667
2 0.777344 0.792708 0.089063 0.114583
1 0.853125 0.457292 0.162500 0.264583
0 0.240625 0.323958 0.365625 0.447917
1 0.517188 0.559375 0.171875 0.235417
1 0.708594 0.080208 0.201563 0.160417
1 0.698438 0.512500 0.159375 0.241667
1 0.691406 0.256250 0.198437 0.241667
