1 0.966406 0.856250 0.067188 0.225000
1 0.312500 0.964583 0.190625 0.070833
1 0.395313 0.722917 0.171875 0.233333
1 0.166406 0.259375 0.195312 0.235417
1 0.132812 0.073958 0.171875 0.147917
1 0.951563 0.338542 0.096875 0.243750
1 0.814063 0.062500 0.215625 0.125000
1 0.570312 0.040625 0.200000 0.081250
1 0.151562 0.936458 0.162500 0.127083
1 0.778125 0.209375 0.156250 0.239583
1 0.660156 0.208333 0.151562 0.204167
1 0.403125 0.520833 0.162500 0.220833
1 0.376563 0.289583 0.187500 0.220833
1 0.264844 0.086458 0.157813 0.172917
1 0.767188 0.383333 0.187500 0.229167
0 0.678125 0.750000 0.193750 0.245833
1 0.100000 0.500000 0.168750 0.241667
1 0.923438 0.591667 0.153125 0.220833
1 0.966406 0.856250 0.067188 0.225000
1 0.312500 0.964583 0.190625 0.070833
1 0.395313 0.722917 0.171875 0.233333
1 0.166406 0.259375 0.195312 0.235417
1 0.132812 0.073958 0.171875 0.147917
1 0.951563 0.338542 0.096875 0.243750
1 0.814063 0.062500 0.215625 0.125000
1 0.570312 0.040625 0.200000 0.081250
1 0.151562 0.936458 0.162500 0.127083
1 0.778125 0.209375 0.156250 0.239583
1 0.660156 0.208333 0.151562 0.204167
1 0.403125 0.520833 0.162500 0.220833
1 0.376563 0.289583 0.187500 0.220833
1 0.264844 0.086458 0.157813 0.172917
1 0.767188 0.383333 0.187500 0.229167
0 0.678125 0.750000 0.193750 0.245833
1 0.100000 0.500000 0.168750 0.241667
1 0.923438 0.591667 0.153125 0.220833
1 0.966406 0.856250 0.067188 0.225000
1 0.312500 0.964583 0.190625 0.070833
1 0.395313 0.722917 0.171875 0.233333
1 0.166406 0.259375 0.195312 0.235417
1 0.132812 0.073958 0.171875 0.147917
1 0.951563 0.338542 0.096875 0.243750
1 0.814063 0.062500 0.215625 0.125000
1 0.570312 0.040625 0.200000 0.081250
1 0.151562 0.936458 0.162500 0.127083
1 0.778125 0.209375 0.156250 0.239583
1 0.660156 0.208333 0.151562 0.204167
1 0.403125 0.520833 0.162500 0.220833
1 0.376563 0.289583 0.187500 0.220833
1 0.264844 0.086458 0.157813 0.172917
1 0.767188 0.383333 0.187500 0.229167
0 0.678125 0.750000 0.193750 0.245833
1 0.100000 0.500000 0.168750 0.241667
1 0.923438 0.591667 0.153125 0.220833
1 0.966406 0.856250 0.067188 0.225000
1 0.312500 0.964583 0.190625 0.070833
1 0.395313 0.722917 0.171875 0.233333
1 0.166406 0.259375 0.195312 0.235417
1 0.132812 0.073958 0.171875 0.147917
1 0.951563 0.338542 0.096875 0.243750
1 0.814063 0.062500 0.215625 0.125000
1 0.570312 0.040625 0.200000 0.081250
1 0.151562 0.936458 0.162500 0.127083
1 0.778125 0.209375 0.156250 0.239583
1 0.660156 0.208333 0.151562 0.204167
1 0.403125 0.520833 0.162500 0.220833
1 0.376563 0.289583 0.187500 0.220833
1 0.264844 0.086458 0.157813 0.172917
1 0.767188 0.383333 0.187500 0.229167
0 0.678125 0.750000 0.193750 0.245833
1 0.100000 0.500000 0.168750 0.241667
1 0.923438 0.591667 0.153125 0.220833
1 0.966406 0.856250 0.067188 0.225000
1 0.312500 0.964583 0.190625 0.070833
1 0.395313 0.722917 0.171875 0.233333
1 0.166406 0.259375 0.195312 0.235417
1 0.132812 0.073958 0.171875 0.147917
1 0.951563 0.338542 0.096875 0.243750
1 0.814063 0.062500 0.215625 0.125000
1 0.570312 0.040625 0.200000 0.081250
1 0.151562 0.936458 0.162500 0.127083
1 0.778125 0.209375 0.156250 0.239583
1 0.660156 0.208333 0.151562 0.204167
1 0.403125 0.520833 0.162500 0.220833
1 0.376563 0.289583 0.187500 0.220833
1 0.264844 0.086458 0.157813 0.172917
1 0.767188 0.383333 0.187500 0.229167
0 0.678125 0.750000 0.193750 0.245833
1 0.100000 0.500000 0.168750 0.241667
1 0.923438 0.591667 0.153125 0.220833
1 0.966406 0.856250 0.067188 0.225000
1 0.312500 0.964583 0.190625 0.070833
1 0.395313 0.722917 0.171875 0.233333
1 0.166406 0.259375 0.195312 0.235417
1 0.132812 0.073958 0.171875 0.147917
1 0.951563 0.338542 0.096875 0.243750
1 0.814063 0.062500 0.215625 0.125000
1 0.570312 0.040625 0.200000 0.081250
1 0.151562 0.936458 0.162500 0.127083
1 0.778125 0.209375 0.156250 0.239583
1 0.660156 0.208333 0.151562 0.204167
1 0.403125 0.520833 0.162500 0.220833
1 0.376563 0.289583 0.187500 0.220833
1 0.264844 0.086458 0.157813 0.172917
1 0.767188 0.383333 0.187500 0.229167
0 0.678125 0.750000 0.193750 0.245833
1 0.100000 0.500000 0.168750 0.241667
1 0.923438 0.591667 0.153125 0.220833
1 0.966406 0.856250 0.067188 0.225000
1 0.312500 0.964583 0.190625 0.070833
1 0.395313 0.722917 0.171875 0.233333
1 0.166406 0.259375 0.195312 0.235417
1 0.132812 0.073958 0.171875 0.147917
1 0.951563 0.338542 0.096875 0.243750
1 0.814063 0.062500 0.215625 0.125000
1 0.570312 0.040625 0.200000 0.081250
1 0.151562 0.936458 0.162500 0.127083
1 0.778125 0.209375 0.156250 0.239583
1 0.660156 0.208333 0.151562 0.204167
1 0.403125 0.520833 0.162500 0.220833
1 0.376563 0.289583 0.187500 0.220833
1 0.264844 0.086458 0.157813 0.172917
1 0.767188 0.383333 0.187500 0.229167
0 0.678125 0.750000 0.193750 0.245833
1 0.100000 0.500000 0.168750 0.241667
1 0.923438 0.591667 0.153125 0.220833
1 0.966406 0.856250 0.067188 0.225000
1 0.312500 0.964583 0.190625 0.070833
1 0.395313 0.722917 0.171875 0.233333
1 0.166406 0.259375 0.195312 0.235417
1 0.132812 0.073958 0.171875 0.147917
1 0.951563 0.338542 0.096875 0.243750
1 0.814063 0.062500 0.215625 0.125000
1 0.570312 0.040625 0.200000 0.081250
1 0.151562 0.936458 0.162500 0.127083
1 0.778125 0.209375 0.156250 0.239583
1 0.660156 0.208333 0.151562 0.204167
1 0.403125 0.520833 0.162500 0.220833
1 0.376563 0.289583 0.187500 0.220833
1 0.264844 0.086458 0.157813 0.172917
1 0.767188 0.383333 0.187500 0.229167
0 0.678125 0.750000 0.193750 0.245833
1 0.100000 0.500000 0.168750 0.241667
1 0.923438 0.591667 0.153125 0.220833
1 0.966406 0.856250 0.067188 0.225000
1 0.312500 0.964583 0.190625 0.070833
1 0.395313 0.722917 0.171875 0.233333
1 0.166406 0.259375 0.195312 0.235417
1 0.132812 0.073958 0.171875 0.147917
1 0.951563 0.338542 0.096875 0.243750
1 0.814063 0.062500 0.215625 0.125000
1 0.570312 0.040625 0.200000 0.081250
1 0.151562 0.936458 0.162500 0.127083
1 0.778125 0.209375 0.156250 0.239583
1 0.660156 0.208333 0.151562 0.204167
1 0.403125 0.520833 0.162500 0.220833
1 0.376563 0.289583 0.187500 0.220833
1 0.264844 0.086458 0.157813 0.172917
1 0.767188 0.383333 0.187500 0.229167
0 0.678125 0.750000 0.193750 0.245833
1 0.100000 0.500000 0.168750 0.241667
1 0.923438 0.591667 0.153125 0.220833
1 0.966406 0.856250 0.067188 0.225000
1 0.312500 0.964583 0.190625 0.070833
1 0.395313 0.722917 0.171875 0.233333
1 0.166406 0.259375 0.195312 0.235417
1 0.132812 0.073958 0.171875 0.147917
1 0.951563 0.338542 0.096875 0.243750
1 0.814063 0.062500 0.215625 0.125000
1 0.570312 0.040625 0.200000 0.081250
1 0.151562 0.936458 0.162500 0.127083
1 0.778125 0.209375 0.156250 0.239583
1 0.660156 0.208333 0.151562 0.204167
1 0.403125 0.520833 0.162500 0.220833
1 0.376563 0.289583 0.187500 0.220833
1 0.264844 0.086458 0.157813 0.172917
1 0.767188 0.383333 0.187500 0.229167
0 0.678125 0.750000 0.193750 0.245833
1 0.100000 0.500000 0.168750 0.241667
1 0.923438 0.591667 0.153125 0.220833
1 0.966406 0.856250 0.067188 0.225000
1 0.312500 0.964583 0.190625 0.070833
1 0.395313 0.722917 0.171875 0.233333
1 0.166406 0.259375 0.195312 0.235417
1 0.132812 0.073958 0.171875 0.147917
1 0.951563 0.338542 0.096875 0.243750
1 0.814063 0.062500 0.215625 0.125000
1 0.570312 0.040625 0.200000 0.081250
1 0.151562 0.936458 0.162500 0.127083
1 0.778125 0.209375 0.156250 0.239583
1 0.660156 0.208333 0.151562 0.204167
1 0.403125 0.520833 0.162500 0.220833
1 0.376563 0.289583 0.187500 0.220833
1 0.264844 0.086458 0.157813 0.172917
1 0.767188 0.383333 0.187500 0.229167
0 0.678125 0.750000 0.193750 0.245833
1 0.100000 0.500000 0.168750 0.241667
1 0.923438 0.591667 0.153125 0.220833
1 0.966406 0.856250 0.067188 0.225000
1 0.312500 0.964583 0.190625 0.070833
1 0.395313 0.722917 0.171875 0.233333
1 0.166406 0.259375 0.195312 0.235417
1 0.132812 0.073958 0.171875 0.147917
1 0.951563 0.338542 0.096875 0.243750
1 0.814063 0.062500 0.215625 0.125000
1 0.570312 0.040625 0.200000 0.081250
1 0.151562 0.936458 0.162500 0.127083
1 0.778125 0.209375 0.156250 0.239583
1 0.660156 0.208333 0.151562 0.204167
1 0.403125 0.520833 0.162500 0.220833
1 0.376563 0.289583 0.187500 0.220833
1 0.264844 0.086458 0.157813 0.172917
1 0.767188 0.383333 0.187500 0.229167
0 0.678125 0.750000 0.193750 0.245833
1 0.100000 0.500000 0.168750 0.241667
1 0.923438 0.591667 0.153125 0.220833
1 0.966406 0.856250 0.067188 0.225000
1 0.312500 0.964583 0.190625 0.070833
1 0.395313 0.722917 0.171875 0.233333
1 0.166406 0.259375 0.195312 0.235417
1 0.132812 0.073958 0.171875 0.147917
1 0.951563 0.338542 0.096875 0.243750
1 0.814063 0.062500 0.215625 0.125000
1 0.570312 0.040625 0.200000 0.081250
1 0.151562 0.936458 0.162500 0.127083
1 0.778125 0.209375 0.156250 0.239583
1 0.660156 0.208333 0.151562 0.204167
1 0.403125 0.520833 0.162500 0.220833
1 0.376563 0.289583 0.187500 0.220833
1 0.264844 0.086458 0.157813 0.172917
1 0.767188 0.383333 0.187500 0.229167
0 0.678125 0.750000 0.193750 0.245833
1 0.100000 0.500000 0.168750 0.241667
1 0.923438 0.591667 0.153125 0.220833
1 0.966406 0.856250 0.067188 0.225000
1 0.312500 0.964583 0.190625 0.070833
1 0.395313 0.722917 0.171875 0.233333
1 0.166406 0.259375 0.195312 0.235417
1 0.132812 0.073958 0.171875 0.147917
1 0.951563 0.338542 0.096875 0.243750
1 0.814063 0.062500 0.215625 0.125000
1 0.570312 0.040625 0.200000 0.081250
1 0.151562 0.936458 0.162500 0.127083
1 0.778125 0.209375 0.156250 0.239583
1 0.660156 0.208333 0.151562 0.204167
1 0.403125 0.520833 0.162500 0.220833
1 0.376563 0.289583 0.187500 0.220833
1 0.264844 0.086458 0.157813 0.172917
1 0.767188 0.383333 0.187500 0.229167
0 0.678125 0.750000 0.193750 0.245833
1 0.100000 0.500000 0.168750 0.241667
1 0.923438 0.591667 0.153125 0.220833
1 0.966406 0.856250 0.067188 0.225000
1 0.312500 0.964583 0.190625 0.070833
1 0.395313 0.722917 0.171875 0.233333
1 0.166406 0.259375 0.195312 0.235417
1 0.132812 0.073958 0.171875 0.147917
1 0.951563 0.338542 0.096875 0.243750
1 0.814063 0.062500 0.215625 0.125000
1 0.570312 0.040625 0.200000 0.081250
1 0.151562 0.936458 0.162500 0.127083
1 0.778125 0.209375 0.156250 0.239583
1 0.660156 0.208333 0.151562 0.204167
1 0.403125 0.520833 0.162500 0.220833
1 0.376563 0.289583 0.187500 0.220833
1 0.264844 0.086458 0.157813 0.172917
1 0.767188 0.383333 0.187500 0.229167
0 0.678125 0.750000 0.193750 0.245833
1 0.100000 0.500000 0.168750 0.241667
1 0.923438 0.591667 0.153125 0.220833
1 0.966406 0.856250 0.067188 0.225000
1 0.312500 0.964583 0.190625 0.070833
1 0.395313 0.722917 0.171875 0.233333
1 0.166406 0.259375 0.195312 0.235417
1 0.132812 0.073958 0.171875 0.147917
1 0.951563 0.338542 0.096875 0.243750
1 0.814063 0.062500 0.215625 0.125000
1 0.570312 0.040625 0.200000 0.081250
1 0.151562 0.936458 0.162500 0.127083
1 0.778125 0.209375 0.156250 0.239583
1 0.660156 0.208333 0.151562 0.204167
1 0.403125 0.520833 0.162500 0.220833
1 0.376563 0.289583 0.187500 0.220833
1 0.264844 0.086458 0.157813 0.172917
1 0.767188 0.383333 0.187500 0.229167
0 0.678125 0.750000 0.193750 0.245833
1 0.100000 0.500000 0.168750 0.241667
1 0.923438 0.591667 0.153125 0.220833
1 0.966406 0.856250 0.067188 0.225000
1 0.312500 0.964583 0.190625 0.070833
1 0.395313 0.722917 0.171875 0.233333
1 0.166406 0.259375 0.195312 0.235417
1 0.132812 0.073958 0.171875 0.147917
1 0.951563 0.338542 0.096875 0.243750
1 0.814063 0.062500 0.215625 0.125000
1 0.570312 0.040625 0.200000 0.081250
1 0.151562 0.936458 0.162500 0.127083
1 0.778125 0.209375 0.156250 0.239583
1 0.660156 0.208333 0.151562 0.204167
1 0.403125 0.520833 0.162500 0.220833
1 0.376563 0.289583 0.187500 0.220833
1 0.264844 0.086458 0.157813 0.172917
1 0.767188 0.383333 0.187500 0.229167
0 0.678125 0.750000 0.193750 0.245833
1 0.100000 0.500000 0.168750 0.241667
1 0.923438 0.591667 0.153125 0.220833
1 0.966406 0.856250 0.067188 0.225000
1 0.312500 0.964583 0.190625 0.070833
1 0.395313 0.722917 0.171875 0.233333
1 0.166406 0.259375 0.195312 0.235417
1 0.132812 0.073958 0.171875 0.147917
1 0.951563 0.338542 0.096875 0.243750
1 0.814063 0.062500 0.215625 0.125000
1 0.570312 0.040625 0.200000 0.081250
1 0.151562 0.936458 0.162500 0.127083
1 0.778125 0.209375 0.156250 0.239583
1 0.660156 0.208333 0.151562 0.204167
1 0.403125 0.520833 0.162500 0.220833
1 0.376563 0.289583 0.187500 0.220833
1 0.264844 0.086458 0.157813 0.172917
1 0.767188 0.383333 0.187500 0.229167
0 0.678125 0.750000 0.193750 0.245833
1 0.100000 0.500000 0.168750 0.241667
1 0.923438 0.591667 0.153125 0.220833
