1 0.047656 0.044792 0.095312 0.089583
1 0.453906 0.092708 0.189063 0.185417
1 0.839844 0.037500 0.185938 0.070833
1 0.647656 0.059375 0.176563 0.118750
1 0.471875 0.794792 0.125000 0.193750
1 0.058594 0.897917 0.114063 0.204167
2 0.192188 0.253125 0.059375 0.081250
2 0.550000 0.257292 0.075000 0.093750
1 0.953125 0.753125 0.090625 0.202083
1 0.039062 0.239583 0.075000 0.216667
1 0.863281 0.872917 0.179688 0.254167
1 0.503906 0.467708 0.201563 0.247917
1 0.737500 0.714583 0.156250 0.204167
1 0.128906 0.145833 0.167187 0.208333
1 0.657813 0.311458 0.171875 0.247917
0 0.107813 0.568750 0.212500 0.458333
1 0.047656 0.044792 0.095312 0.089583
1 0.453906 0.092708 0.189063 0.185417
1 0.839844 0.037500 0.185938 0.070833
1 0.647656 0.059375 0.176563 0.118750
1 0.471875 0.794792 0.125000 0.193750
1 0.058594 0.897917 0.114063 0.204167
2 0.192188 0.253125 0.059375 0.081250
2 0.550000 0.257292 0.075000 0.093750
1 0.953125 0.753125 0.090625 0.202083
1 0.039062 0.239583 0.075000 0.216667
1 0.863281 0.872917 0.179688 0.254167
1 0.503906 0.467708 0.201563 0.247917
1 0.737500 0.714583 0.156250 0.204167
1 0.128906 0.145833 0.167187 0.208333
1 0.657813 0.311458 0.171875 0.247917
0 0.107813 0.568750 0.212500 0.458333
1 0.047656 0.044792 0.095312 0.089583
1 0.453906 0.092708 0.189063 0.185417
1 0.839844 0.037500 0.185938 0.070833
1 0.647656 0.059375 0.176563 0.118750
1 0.471875 0.794792 0.125000 0.193750
1 0.058594 0.897917 0.114063 0.204167
2 0.192188 0.253125 0.059375 0.081250
2 0.550000 0.257292 0.075000 0.093750
1 0.953125 0.753125 0.090625 0.202083
1 0.039062 0.239583 0.075000 0.216667
1 0.863281 0.872917 0.179688 0.254167
1 0.503906 0.467708 0.201563 0.247917
1 0.737500 0.714583 0.156250 0.204167
1 0.128906 0.145833 0.167187 0.208333
1 0.657813 0.311458 0.171875 0.247917
0 0.107813 0.568750 0.212500 0.458333
1 0.047656 0.044792 0.095312 0.089583
1 0.453906 0.092708 0.189063 0.185417
1 0.839844 0.037500 0.185938 0.070833
1 0.647656 0.059375 0.176563 0.118750
1 0.471875 0.794792 0.125000 0.193750
1 0.058594 0.897917 0.114063 0.204167
2 0.192188 0.253125 0.059375 0.081250
2 0.550000 0.257292 0.075000 0.093750
1 0.953125 0.753125 0.090625 0.202083
1 0.039062 0.239583 0.075000 0.216667
1 0.863281 0.872917 0.179688 0.254167
1 0.503906 0.467708 0.201563 0.247917
1 0.737500 0.714583 0.156250 0.204167
1 0.128906 0.145833 0.167187 0.208333
1 0.657813 0.311458 0.171875 0.247917
0 0.107813 0.568750 0.212500 0.458333
1 0.047656 0.044792 0.095312 0.089583
1 0.453906 0.092708 0.189063 0.185417
1 0.839844 0.037500 0.185938 0.070833
1 0.647656 0.059375 0.176563 0.118750
1 0.471875 0.794792 0.125000 0.193750
1 0.058594 0.897917 0.114063 0.204167
2 0.192188 0.253125 0.059375 0.081250
2 0.550000 0.257292 0.075000 0.093750
1 0.953125 0.753125 0.090625 0.202083
1 0.039062 0.239583 0.075000 0.216667
1 0.863281 0.872917 0.179688 0.254167
1 0.503906 0.467708 0.201563 0.247917
1 0.737500 0.714583 0.156250 0.204167
1 0.128906 0.145833 0.167187 0.208333
1 0.657813 0.311458 0.171875 0.247917
0 0.107813 0.568750 0.212500 0.458333
1 0.047656 0.044792 0.095312 0.089583
1 0.453906 0.092708 0.189063 0.185417
1 0.839844 0.037500 0.185938 0.070833
1 0.647656 0.059375 0.176563 0.118750
1 0.471875 0.794792 0.125000 0.193750
1 0.058594 0.897917 0.114063 0.204167
2 0.192188 0.253125 0.059375 0.081250
2 0.550000 0.257292 0.075000 0.093750
1 0.953125 0.753125 0.090625 0.202083
1 0.039062 0.239583 0.075000 0.216667
1 0.863281 0.872917 0.179688 0.254167
1 0.503906 0.467708 0.201563 0.247917
1 0.737500 0.714583 0.156250 0.204167
1 0.128906 0.145833 0.167187 0.208333
1 0.657813 0.311458 0.171875 0.247917
0 0.107813 0.568750 0.212500 0.458333
1 0.047656 0.044792 0.095312 0.089583
1 0.453906 0.092708 0.189063 0.185417
1 0.839844 0.037500 0.185938 0.070833
1 0.647656 0.059375 0.176563 0.118750
1 0.471875 0.794792 0.125000 0.193750
1 0.058594 0.897917 0.114063 0.204167
2 0.192188 0.253125 0.059375 0.081250
2 0.550000 0.257292 0.075000 0.093750
1 0.953125 0.753125 0.090625 0.202083
1 0.039062 0.239583 0.075000 0.216667
1 0.863281 0.872917 0.179688 0.254167
1 0.503906 0.467708 0.201563 0.247917
1 0.737500 0.714583 0.156250 0.204167
1 0.128906 0.145833 0.167187 0.208333
1 0.657813 0.311458 0.171875 0.247917
0 0.107813 0.568750 0.212500 0.458333
1 0.047656 0.044792 0.095312 0.089583
1 0.453906 0.092708 0.189063 0.185417
1 0.839844 0.037500 0.185938 0.070833
1 0.647656 0.059375 0.176563 0.118750
1 0.471875 0.794792 0.125000 0.193750
1 0.058594 0.897917 0.114063 0.204167
2 0.192188 0.253125 0.059375 0.081250
2 0.550000 0.257292 0.075000 0.093750
1 0.953125 0.753125 0.090625 0.202083
1 0.039062 0.239583 0.075000 0.216667
1 0.863281 0.872917 0.179688 0.254167
1 0.503906 0.467708 0.201563 0.247917
1 0.737500 0.714583 0.156250 0.204167
1 0.128906 0.145833 0.167187 0.208333
1 0.657813 0.311458 0.171875 0.247917
0 0.107813 0.568750 0.212500 0.458333
1 0.047656 0.044792 0.095312 0.089583
1 0.453906 0.092708 0.189063 0.185417
1 0.839844 0.037500 0.185938 0.070833
1 0.647656 0.059375 0.176563 0.118750
1 0.471875 0.794792 0.125000 0.193750
1 0.058594 0.897917 0.114063 0.204167
2 0.192188 0.253125 0.059375 0.081250
2 0.550000 0.257292 0.075000 0.093750
1 0.953125 0.753125 0.090625 0.202083
1 0.039062 0.239583 0.075000 0.216667
1 0.863281 0.872917 0.179688 0.254167
1 0.503906 0.467708 0.201563 0.247917
1 0.737500 0.714583 0.156250 0.204167
1 0.128906 0.145833 0.167187 0.208333
1 0.657813 0.311458 0.171875 0.247917
0 0.107813 0.568750 0.212500 0.458333
1 0.047656 0.044792 0.095312 0.089583
1 0.453906 0.092708 0.189063 0.185417
1 0.839844 0.037500 0.185938 0.070833
1 0.647656 0.059375 0.176563 0.118750
1 0.471875 0.794792 0.125000 0.193750
1 0.058594 0.897917 0.114063 0.204167
2 0.192188 0.253125 0.059375 0.081250
2 0.550000 0.257292 0.075000 0.093750
1 0.953125 0.753125 0.090625 0.202083
1 0.039062 0.239583 0.075000 0.216667
1 0.863281 0.872917 0.179688 0.254167
1 0.503906 0.467708 0.201563 0.247917
1 0.737500 0.714583 0.156250 0.204167
1 0.128906 0.145833 0.167187 0.208333
1 0.657813 0.311458 0.171875 0.247917
0 0.107813 0.568750 0.212500 0.458333
1 0.047656 0.044792 0.095312 0.089583
1 0.453906 0.092708 0.189063 0.185417
1 0.839844 0.037500 0.185938 0.070833
1 0.647656 0.059375 0.176563 0.118750
1 0.471875 0.794792 0.125000 0.193750
1 0.058594 0.897917 0.114063 0.204167
2 0.192188 0.253125 0.059375 0.081250
2 0.550000 0.257292 0.075000 0.093750
1 0.953125 0.753125 0.090625 0.202083
1 0.039062 0.239583 0.075000 0.216667
1 0.863281 0.872917 0.179688 0.254167
1 0.503906 0.467708 0.201563 0.247917
1 0.737500 0.714583 0.156250 0.204167
1 0.128906 0.145833 0.167187 0.208333
1 0.657813 0.311458 0.171875 0.247917
0 0.107813 0.568750 0.212500 0.458333
1 0.047656 0.044792 0.095312 0.089583
1 0.453906 0.092708 0.189063 0.185417
1 0.839844 0.037500 0.185938 0.070833
1 0.647656 0.059375 0.176563 0.118750
1 0.471875 0.794792 0.125000 0.193750
1 0.058594 0.897917 0.114063 0.204167
2 0.192188 0.253125 0.059375 0.081250
2 0.550000 0.257292 0.075000 0.093750
1 0.953125 0.753125 0.090625 0.202083
1 0.039062 0.239583 0.075000 0.216667
1 0.863281 0.872917 0.179688 0.254167
1 0.503906 0.467708 0.201563 0.247917
1 0.737500 0.714583 0.156250 0.204167
1 0.128906 0.145833 0.167187 0.208333
1 0.657813 0.311458 0.171875 0.247917
0 0.107813 0.568750 0.212500 0.458333
1 0.047656 0.044792 0.095312 0.089583
1 0.453906 0.092708 0.189063 0.185417
1 0.839844 0.037500 0.185938 0.070833
1 0.647656 0.059375 0.176563 0.118750
1 0.471875 0.794792 0.125000 0.193750
1 0.058594 0.897917 0.114063 0.204167
2 0.192188 0.253125 0.059375 0.081250
2 0.550000 0.257292 0.075000 0.093750
1 0.953125 0.753125 0.090625 0.202083
1 0.039062 0.239583 0.075000 0.216667
1 0.863281 0.872917 0.179688 0.254167
1 0.503906 0.467708 0.201563 0.247917
1 0.737500 0.714583 0.156250 0.204167
1 0.128906 0.145833 0.167187 0.208333
1 0.657813 0.311458 0.171875 0.247917
0 0.107813 0.568750 0.212500 0.458333
1 0.047656 0.044792 0.095312 0.089583
1 0.453906 0.092708 0.189063 0.185417
1 0.839844 0.037500 0.185938 0.070833
1 0.647656 0.059375 0.176563 0.118750
1 0.471875 0.794792 0.125000 0.193750
1 0.058594 0.897917 0.114063 0.204167
2 0.192188 0.253125 0.059375 0.081250
2 0.550000 0.257292 0.075000 0.093750
1 0.953125 0.753125 0.090625 0.202083
1 0.039062 0.239583 0.075000 0.216667
1 0.863281 0.872917 0.179688 0.254167
1 0.503906 0.467708 0.201563 0.247917
1 0.737500 0.714583 0.156250 0.204167
1 0.128906 0.145833 0.167187 0.208333
1 0.657813 0.311458 0.171875 0.247917
0 0.107813 0.568750 0.212500 0.458333
1 0.047656 0.044792 0.095312 0.089583
1 0.453906 0.092708 0.189063 0.185417
1 0.839844 0.037500 0.185938 0.070833
1 0.647656 0.059375 0.176563 0.118750
1 0.471875 0.794792 0.125000 0.193750
1 0.058594 0.897917 0.114063 0.204167
2 0.192188 0.253125 0.059375 0.081250
2 0.550000 0.257292 0.075000 0.093750
1 0.953125 0.753125 0.090625 0.202083
1 0.039062 0.239583 0.075000 0.216667
1 0.863281 0.872917 0.179688 0.254167
1 0.503906 0.467708 0.201563 0.247917
1 0.737500 0.714583 0.156250 0.204167
1 0.128906 0.145833 0.167187 0.208333
1 0.657813 0.311458 0.171875 0.247917
0 0.107813 0.568750 0.212500 0.458333
1 0.047656 0.044792 0.095312 0.089583
1 0.453906 0.092708 0.189063 0.185417
1 0.839844 0.037500 0.185938 0.070833
1 0.647656 0.059375 0.176563 0.118750
1 0.471875 0.794792 0.125000 0.193750
1 0.058594 0.897917 0.114063 0.204167
2 0.192188 0.253125 0.059375 0.081250
2 0.550000 0.257292 0.075000 0.093750
1 0.953125 0.753125 0.090625 0.202083
1 0.039062 0.239583 0.075000 0.216667
1 0.863281 0.872917 0.179688 0.254167
1 0.503906 0.467708 0.201563 0.247917
1 0.737500 0.714583 0.156250 0.204167
1 0.128906 0.145833 0.167187 0.208333
1 0.657813 0.311458 0.171875 0.247917
0 0.107813 0.568750 0.212500 0.458333
