1 0.232813 0.019792 0.162500 0.039583
1 0.056250 0.057292 0.112500 0.114583
1 0.953906 0.937500 0.092188 0.125000
1 0.208594 0.959375 0.173438 0.081250
1 0.912500 0.780208 0.165625 0.222917
1 0.950000 0.193750 0.100000 0.237500
1 0.302344 0.268750 0.160938 0.212500
1 0.405469 0.080208 0.189063 0.152083
1 0.405469 0.928125 0.189063 0.143750
1 0.622656 0.112500 0.145313 0.204167
1 0.302344 0.614583 0.160938 0.208333
1 0.919531 0.462500 0.160938 0.258333
1 0.283594 0.821875 0.157813 0.189583
1 0.655469 0.844792 0.164062 0.206250
1 0.176563 0.672917 0.156250 0.200000
1 0.598437 0.643750 0.181250 0.229167
1 0.629687 0.376042 0.193750 0.222917
1 0.174219 0.118750 0.139063 0.162500
1 0.817187 0.260417 0.150000 0.195833
0 0.125000 0.384375 0.240625 0.460417
1 0.785156 0.622917 0.192188 0.229167
1 0.232813 0.019792 0.162500 0.039583
1 0.056250 0.057292 0.112500 0.114583
1 0.953906 0.937500 0.092188 0.125000
1 0.208594 0.959375 0.173438 0.081250
1 0.912500 0.780208 0.165625 0.222917
1 0.950000 0.193750 0.100000 0.237500
1 0.302344 0.268750 0.160938 0.212500
1 0.405469 0.080208 0.189063 0.152083
1 0.405469 0.928125 0.189063 0.143750
1 0.622656 0.112500 0.145313 0.204167
1 0.302344 0.614583 0.160938 0.208333
1 0.919531 0.462500 0.160938 0.258333
1 0.283594 0.821875 0.157813 0.189583
1 0.655469 0.844792 0.164062 0.206250
1 0.176563 0.672917 0.156250 0.200000
1 0.598437 0.643750 0.181250 0.229167
1 0.629687 0.376042 0.193750 0.222917
1 0.174219 0.118750 0.139063 0.162500
1 0.817187 0.260417 0.150000 0.195833
0 0.125000 0.384375 0.240625 0.460417
1 0.785156 0.622917 0.192188 0.229167
1 0.232813 0.019792 0.162500 0.039583
1 0.056250 0.057292 0.112500 0.114583
1 0.953906 0.937500 0.092188 0.125000
1 0.208594 0.959375 0.173438 0.081250
1 0.912500 0.780208 0.165625 0.222917
1 0.950000 0.193750 0.100000 0.237500
1 0.302344 0.268750 0.160938 0.212500
1 0.405469 0.080208 0.189063 0.152083
1 0.405469 0.928125 0.189063 0.143750
1 0.622656 0.112500 0.145313 0.204167
1 0.302344 0.614583 0.160938 0.208333
1 0.919531 0.462500 0.160938 0.258333
1 0.283594 0.821875 0.157813 0.189583
1 0.655469 0.844792 0.164062 0.206250
1 0.176563 0.672917 0.156250 0.200000
1 0.598437 0.643750 0.181250 0.229167
1 0.629687 0.376042 0.193750 0.222917
1 0.174219 0.118750 0.139063 0.162500
1 0.817187 0.260417 0.150000 0.195833
0 0.125000 0.384375 0.240625 0.460417
1 0.785156 0.622917 0.192188 0.229167
1 0.232813 0.019792 0.162500 0.039583
1 0.056250 0.057292 0.112500 0.114583
1 0.953906 0.937500 0.092188 0.125000
1 0.208594 0.959375 0.173438 0.081250
1 0.912500 0.780208 0.165625 0.222917
1 0.950000 0.193750 0.100000 0.237500
1 0.302344 0.268750 0.160938 0.212500
1 0.405469 0.080208 0.189063 0.152083
1 0.405469 0.928125 0.189063 0.143750
1 0.622656 0.112500 0.145313 0.204167
1 0.302344 0.614583 0.160938 0.208333
1 0.919531 0.462500 0.160938 0.258333
1 0.283594 0.821875 0.157813 0.189583
1 0.655469 0.844792 0.164062 0.206250
1 0.176563 0.672917 0.156250 0.200000
1 0.598437 0.643750 0.181250 0.229167
1 0.629687 0.376042 0.193750 0.222917
1 0.174219 0.118750 0.139063 0.162500
1 0.817187 0.260417 0.150000 0.195833
0 0.125000 0.384375 0.240625 0.460417
1 0.785156 0.622917 0.192188 0.229167
1 0.232813 0.019792 0.162500 0.039583
1 0.056250 0.057292 0.112500 0.114583
1 0.953906 0.937500 0.092188 0.125000
1 0.208594 0.959375 0.173438 0.081250
1 0.912500 0.780208 0.165625 0.222917
1 0.950000 0.193750 0.100000 0.237500
1 0.302344 0.268750 0.160938 0.212500
1 0.405469 0.080208 0.189063 0.152083
1 0.405469 0.928125 0.189063 0.143750
1 0.622656 0.112500 0.145313 0.204167
1 0.302344 0.614583 0.160938 0.208333
1 0.919531 0.462500 0.160938 0.258333
1 0.283594 0.821875 0.157813 0.189583
1 0.655469 0.844792 0.164062 0.206250
1 0.176563 0.672917 0.156250 0.200000
1 0.598437 0.643750 0.181250 0.229167
1 0.629687 0.376042 0.193750 0.222917
1 0.174219 0.118750 0.139063 0.162500
1 0.817187 0.260417 0.150000 0.195833
0 0.125000 0.384375 0.240625 0.460417
1 0.785156 0.622917 0.192188 0.229167
1 0.232813 0.019792 0.162500 0.039583
1 0.056250 0.057292 0.112500 0.114583
1 0.953906 0.937500 0.092188 0.125000
1 0.208594 0.959375 0.173438 0.081250
1 0.912500 0.780208 0.165625 0.222917
1 0.950000 0.193750 0.100000 0.237500
1 0.302344 0.268750 0.160938 0.212500
1 0.405469 0.080208 0.189063 0.152083
1 0.405469 0.928125 0.189063 0.143750
1 0.622656 0.112500 0.145313 0.204167
1 0.302344 0.614583 0.160938 0.208333
1 0.919531 0.462500 0.160938 0.258333
1 0.283594 0.821875 0.157813 0.189583
1 0.655469 0.844792 0.164062 0.206250
1 0.176563 0.672917 0.156250 0.200000
1 0.598437 0.643750 0.181250 0.229167
1 0.629687 0.376042 0.193750 0.222917
1 0.174219 0.118750 0.139063 0.162500
1 0.817187 0.260417 0.150000 0.195833
0 0.125000 0.384375 0.240625 0.460417
1 0.785156 0.622917 0.192188 0.229167
1 0.232813 0.019792 0.162500 0.039583
1 0.056250 0.057292 0.112500 0.114583
1 0.953906 0.937500 0.092188 0.125000
1 0.208594 0.959375 0.173438 0.081250
1 0.912500 0.780208 0.165625 0.222917
1 0.950000 0.193750 0.100000 0.237500
1 0.302344 0.268750 0.160938 0.212500
1 0.405469 0.080208 0.189063 0.152083
1 0.405469 0.928125 0.189063 0.143750
1 0.622656 0.112500 0.145313 0.204167
1 0.302344 0.614583 0.160938 0.208333
1 0.919531 0.462500 0.160938 0.258333
1 0.283594 0.821875 0.157813 0.189583
1 0.655469 0.844792 0.164062 0.206250
1 0.176563 0.672917 0.156250 0.200000
1 0.598437 0.643750 0.181250 0.229167
1 0.629687 0.376042 0.193750 0.222917
1 0.174219 0.118750 0.139063 0.162500
1 0.817187 0.260417 0.150000 0.195833
0 0.125000 0.384375 0.240625 0.460417
1 0.785156 0.622917 0.192188 0.229167
1 0.232813 0.019792 0.162500 0.039583
1 0.056250 0.057292 0.112500 0.114583
1 0.953906 0.937500 0.092188 0.125000
1 0.208594 0.959375 0.173438 0.081250
1 0.912500 0.780208 0.165625 0.222917
1 0.950000 0.193750 0.100000 0.237500
1 0.302344 0.268750 0.160938 0.212500
1 0.405469 0.080208 0.189063 0.152083
1 0.405469 0.928125 0.189063 0.143750
1 0.622656 0.112500 0.145313 0.204167
1 0.302344 0.614583 0.160938 0.208333
1 0.919531 0.462500 0.160938 0.258333
1 0.283594 0.821875 0.157813 0.189583
1 0.655469 0.844792 0.164062 0.206250
1 0.176563 0.672917 0.156250 0.200000
1 0.598437 0.643750 0.181250 0.229167
1 0.629687 0.376042 0.193750 0.222917
1 0.174219 0.118750 0.139063 0.162500
1 0.817187 0.260417 0.150000 0.195833
0 0.125000 0.384375 0.240625 0.460417
1 0.785156 0.622917 0.192188 0.229167
1 0.232813 0.019792 0.162500 0.039583
1 0.056250 0.057292 0.112500 0.114583
1 0.953906 0.937500 0.092188 0.125000
1 0.208594 0.959375 0.173438 0.081250
1 0.912500 0.780208 0.165625 0.222917
1 0.950000 0.193750 0.100000 0.237500
1 0.302344 0.268750 0.160938 0.212500
1 0.405469 0.080208 0.189063 0.152083
1 0.405469 0.928125 0.189063 0.143750
1 0.622656 0.112500 0.145313 0.204167
1 0.302344 0.614583 0.160938 0.208333
1 0.919531 0.462500 0.160938 0.258333
1 0.283594 0.821875 0.157813 0.189583
1 0.655469 0.844792 0.164062 0.206250
1 0.176563 0.672917 0.156250 0.200000
1 0.598437 0.643750 0.181250 0.229167
1 0.629687 0.376042 0.193750 0.222917
1 0.174219 0.118750 0.139063 0.162500
1 0.817187 0.260417 0.150000 0.195833
0 0.125000 0.384375 0.240625 0.460417
1 0.785156 0.622917 0.192188 0.229167
1 0.232813 0.019792 0.162500 0.039583
1 0.056250 0.057292 0.112500 0.114583
1 0.953906 0.937500 0.092188 0.125000
1 0.208594 0.959375 0.173438 0.081250
1 0.912500 0.780208 0.165625 0.222917
1 0.950000 0.193750 0.100000 0.237500
1 0.302344 0.268750 0.160938 0.212500
1 0.405469 0.080208 0.189063 0.152083
1 0.405469 0.928125 0.189063 0.143750
1 0.622656 0.112500 0.145313 0.204167
1 0.302344 0.614583 0.160938 0.208333
1 0.919531 0.462500 0.160938 0.258333
1 0.283594 0.821875 0.157813 0.189583
1 0.655469 0.844792 0.164062 0.206250
1 0.176563 0.672917 0.156250 0.200000
1 0.598437 0.643750 0.181250 0.229167
1 0.629687 0.376042 0.193750 0.222917
1 0.174219 0.118750 0.139063 0.162500
1 0.817187 0.260417 0.150000 0.195833
0 0.125000 0.384375 0.240625 0.460417
1 0.785156 0.622917 0.192188 0.229167
1 0.232813 0.019792 0.162500 0.039583
1 0.056250 0.057292 0.112500 0.114583
1 0.953906 0.937500 0.092188 0.125000
1 0.208594 0.959375 0.173438 0.081250
1 0.912500 0.780208 0.165625 0.222917
1 0.950000 0.193750 0.100000 0.237500
1 0.302344 0.268750 0.160938 0.212500
1 0.405469 0.080208 0.189063 0.152083
1 0.405469 0.928125 0.189063 0.143750
1 0.622656 0.112500 0.145313 0.204167
1 0.302344 0.614583 0.160938 0.208333
1 0.919531 0.462500 0.160938 0.258333
1 0.283594 0.821875 0.157813 0.189583
1 0.655469 0.844792 0.164062 0.206250
1 0.176563 0.672917 0.156250 0.200000
1 0.598437 0.643750 0.181250 0.229167
1 0.629687 0.376042 0.193750 0.222917
1 0.174219 0.118750 0.139063 0.162500
1 0.817187 0.260417 0.150000 0.195833
0 0.125000 0.384375 0.240625 0.460417
1 0.785156 0.622917 0.192188 0.229167
1 0.232813 0.019792 0.162500 0.039583
1 0.056250 0.057292 0.112500 0.114583
1 0.953906 0.937500 0.092188 0.125000
1 0.208594 0.959375 0.173438 0.081250
1 0.912500 0.780208 0.165625 0.222917
1 0.950000 0.193750 0.100000 0.237500
1 0.302344 0.268750 0.160938 0.212500
1 0.405469 0.080208 0.189063 0.152083
1 0.405469 0.928125 0.189063 0.143750
1 0.622656 0.112500 0.145313 0.204167
1 0.302344 0.614583 0.160938 0.208333
1 0.919531 0.462500 0.160938 0.258333
1 0.283594 0.821875 0.157813 0.189583
1 0.655469 0.844792 0.164062 0.206250
1 0.176563 0.672917 0.156250 0.200000
1 0.598437 0.643750 0.181250 0.229167
1 0.629687 0.376042 0.193750 0.222917
1 0.174219 0.118750 0.139063 0.162500
1 0.817187 0.260417 0.150000 0.195833
0 0.125000 0.384375 0.240625 0.460417
1 0.785156 0.622917 0.192188 0.229167
1 0.232813 0.019792 0.162500 0.039583
1 0.056250 0.057292 0.112500 0.114583
1 0.953906 0.937500 0.092188 0.125000
1 0.208594 0.959375 0.173438 0.081250
1 0.912500 0.780208 0.165625 0.222917
1 0.950000 0.193750 0.100000 0.237500
1 0.302344 0.268750 0.160938 0.212500
1 0.405469 0.080208 0.189063 0.152083
1 0.405469 0.928125 0.189063 0.143750
1 0.622656 0.112500 0.145313 0.204167
1 0.302344 0.614583 0.160938 0.208333
1 0.919531 0.462500 0.160938 0.258333
1 0.283594 0.821875 0.157813 0.189583
1 0.655469 0.844792 0.164062 0.206250
1 0.176563 0.672917 0.156250 0.200000
1 0.598437 0.643750 0.181250 0.229167
1 0.629687 0.376042 0.193750 0.222917
1 0.174219 0.118750 0.139063 0.162500
1 0.817187 0.260417 0.150000 0.195833
0 0.125000 0.384375 0.240625 0.460417
1 0.785156 0.622917 0.192188 0.229167
1 0.232813 0.019792 0.162500 0.039583
1 0.056250 0.057292 0.112500 0.114583
1 0.953906 0.937500 0.092188 0.125000
1 0.208594 0.959375 0.173438 0.081250
1 0.912500 0.780208 0.165625 0.222917
1 0.950000 0.193750 0.100000 0.237500
1 0.302344 0.268750 0.160938 0.212500
1 0.405469 0.080208 0.189063 0.152083
1 0.405469 0.928125 0.189063 0.143750
1 0.622656 0.112500 0.145313 0.204167
1 0.302344 0.614583 0.160938 0.208333
1 0.919531 0.462500 0.160938 0.258333
1 0.283594 0.821875 0.157813 0.189583
1 0.655469 0.844792 0.164062 0.206250
1 0.176563 0.672917 0.156250 0.200000
1 0.598437 0.643750 0.181250 0.229167
1 0.629687 0.376042 0.193750 0.222917
1 0.174219 0.118750 0.139063 0.162500
1 0.817187 0.260417 0.150000 0.195833
0 0.125000 0.384375 0.240625 0.460417
1 0.785156 0.622917 0.192188 0.229167
1 0.232813 0.019792 0.162500 0.039583
1 0.056250 0.057292 0.112500 0.114583
1 0.953906 0.937500 0.092188 0.125000
1 0.208594 0.959375 0.173438 0.081250
1 0.912500 0.780208 0.165625 0.222917
1 0.950000 0.193750 0.100000 0.237500
1 0.302344 0.268750 0.160938 0.212500
1 0.405469 0.080208 0.189063 0.152083
1 0.405469 0.928125 0.189063 0.143750
1 0.622656 0.112500 0.145313 0.204167
1 0.302344 0.614583 0.160938 0.208333
1 0.919531 0.462500 0.160938 0.258333
1 0.283594 0.821875 0.157813 0.189583
1 0.655469 0.844792 0.164062 0.206250
1 0.176563 0.672917 0.156250 0.200000
1 0.598437 0.643750 0.181250 0.229167
1 0.629687 0.376042 0.193750 0.222917
1 0.174219 0.118750 0.139063 0.162500
1 0.817187 0.260417 0.150000 0.195833
0 0.125000 0.384375 0.240625 0.460417
1 0.785156 0.622917 0.192188 0.229167
1 0.232813 0.019792 0.162500 0.039583
1 0.056250 0.057292 0.112500 0.114583
1 0.953906 0.937500 0.092188 0.125000
1 0.208594 0.959375 0.173438 0.081250
1 0.912500 0.780208 0.165625 0.222917
1 0.950000 0.193750 0.100000 0.237500
1 0.302344 0.268750 0.160938 0.212500
1 0.405469 0.080208 0.189063 0.152083
1 0.405469 0.928125 0.189063 0.143750
1 0.622656 0.112500 0.145313 0.204167
1 0.302344 0.614583 0.160938 0.208333
1 0.919531 0.462500 0.160938 0.258333
1 0.283594 0.821875 0.157813 0.189583
1 0.655469 0.844792 0.164062 0.206250
1 0.176563 0.672917 0.156250 0.200000
1 0.598437 0.643750 0.181250 0.229167
1 0.629687 0.376042 0.193750 0.222917
1 0.174219 0.118750 0.139063 0.162500
1 0.817187 0.260417 0.150000 0.195833
0 0.125000 0.384375 0.240625 0.460417
1 0.785156 0.622917 0.192188 0.229167
1 0.232813 0.019792 0.162500 0.039583
1 0.056250 0.057292 0.112500 0.114583
1 0.953906 0.937500 0.092188 0.125000
1 0.208594 0.959375 0.173438 0.081250
1 0.912500 0.780208 0.165625 0.222917
1 0.950000 0.193750 0.100000 0.237500
1 0.302344 0.268750 0.160938 0.212500
1 0.405469 0.080208 0.189063 0.152083
1 0.405469 0.928125 0.189063 0.143750
1 0.622656 0.112500 0.145313 0.204167
1 0.302344 0.614583 0.160938 0.208333
1 0.919531 0.462500 0.160938 0.258333
1 0.283594 0.821875 0.157813 0.189583
1 0.655469 0.844792 0.164062 0.206250
1 0.176563 0.672917 0.156250 0.200000
1 0.598437 0.643750 0.181250 0.229167
1 0.629687 0.376042 0.193750 0.222917
1 0.174219 0.118750 0.139063 0.162500
1 0.817187 0.260417 0.150000 0.195833
0 0.125000 0.384375 0.240625 0.460417
1 0.785156 0.622917 0.192188 0.229167
1 0.232813 0.019792 0.162500 0.039583
1 0.056250 0.057292 0.112500 0.114583
1 0.953906 0.937500 0.092188 0.125000
1 0.208594 0.959375 0.173438 0.081250
1 0.912500 0.780208 0.165625 0.222917
1 0.950000 0.193750 0.100000 0.237500
1 0.302344 0.268750 0.160938 0.212500
1 0.405469 0.080208 0.189063 0.152083
1 0.405469 0.928125 0.189063 0.143750
1 0.622656 0.112500 0.145313 0.204167
1 0.302344 0.614583 0.160938 0.208333
1 0.919531 0.462500 0.160938 0.258333
1 0.283594 0.821875 0.157813 0.189583
1 0.655469 0.844792 0.164062 0.206250
1 0.176563 0.672917 0.156250 0.200000
1 0.598437 0.643750 0.181250 0.229167
1 0.629687 0.376042 0.193750 0.222917
1 0.174219 0.118750 0.139063 0.162500
1 0.817187 0.260417 0.150000 0.195833
0 0.125000 0.384375 0.240625 0.460417
1 0.785156 0.622917 0.192188 0.229167
1 0.232813 0.019792 0.162500 0.039583
1 0.056250 0.057292 0.112500 0.114583
1 0.953906 0.937500 0.092188 0.125000
1 0.208594 0.959375 0.173438 0.081250
1 0.912500 0.780208 0.165625 0.222917
1 0.950000 0.193750 0.100000 0.237500
1 0.302344 0.268750 0.160938 0.212500
1 0.405469 0.080208 0.189063 0.152083
1 0.405469 0.928125 0.189063 0.143750
1 0.622656 0.112500 0.145313 0.204167
1 0.302344 0.614583 0.160938 0.208333
1 0.919531 0.462500 0.160938 0.258333
1 0.283594 0.821875 0.157813 0.189583
1 0.655469 0.844792 0.164062 0.206250
1 0.176563 0.672917 0.156250 0.200000
1 0.598437 0.643750 0.181250 0.229167
1 0.629687 0.376042 0.193750 0.222917
1 0.174219 0.118750 0.139063 0.162500
1 0.817187 0.260417 0.150000 0.195833
0 0.125000 0.384375 0.240625 0.460417
1 0.785156 0.622917 0.192188 0.229167
1 0.232813 0.019792 0.162500 0.039583
1 0.056250 0.057292 0.112500 0.114583
1 0.953906 0.937500 0.092188 0.125000
1 0.208594 0.959375 0.173438 0.081250
1 0.912500 0.780208 0.165625 0.222917
1 0.950000 0.193750 0.100000 0.237500
1 0.302344 0.268750 0.160938 0.212500
1 0.405469 0.080208 0.189063 0.152083
1 0.405469 0.928125 0.189063 0.143750
1 0.622656 0.112500 0.145313 0.204167
1 0.302344 0.614583 0.160938 0.208333
1 0.919531 0.462500 0.160938 0.258333
1 0.283594 0.821875 0.157813 0.189583
1 0.655469 0.844792 0.164062 0.206250
1 0.176563 0.672917 0.156250 0.200000
1 0.598437 0.643750 0.181250 0.229167
1 0.629687 0.376042 0.193750 0.222917
1 0.174219 0.118750 0.139063 0.162500
1 0.817187 0.260417 0.150000 0.195833
0 0.125000 0.384375 0.240625 0.460417
1 0.785156 0.622917 0.192188 0.229167
1 0.232813 0.019792 0.162500 0.039583
1 0.056250 0.057292 0.112500 0.114583
1 0.953906 0.937500 0.092188 0.125000
1 0.208594 0.959375 0.173438 0.081250
1 0.912500 0.780208 0.165625 0.222917
1 0.950000 0.193750 0.100000 0.237500
1 0.302344 0.268750 0.160938 0.212500
1 0.405469 0.080208 0.189063 0.152083
1 0.405469 0.928125 0.189063 0.143750
1 0.622656 0.112500 0.145313 0.204167
1 0.302344 0.614583 0.160938 0.208333
1 0.919531 0.462500 0.160938 0.258333
1 0.283594 0.821875 0.157813 0.189583
1 0.655469 0.844792 0.164062 0.206250
1 0.176563 0.672917 0.156250 0.200000
1 0.598437 0.643750 0.181250 0.229167
1 0.629687 0.376042 0.193750 0.222917
1 0.174219 0.118750 0.139063 0.162500
1 0.817187 0.260417 0.150000 0.195833
0 0.125000 0.384375 0.240625 0.460417
1 0.785156 0.622917 0.192188 0.229167
