1 0.130469 0.021875 0.173438 0.043750
1 0.699219 0.278125 0.151562 0.210417
1 0.067188 0.602083 0.134375 0.216667
1 0.500000 0.927083 0.165625 0.145833
1 0.470313 0.162500 0.143750 0.200000
1 0.077344 0.095833 0.154688 0.187500
1 0.964063 0.898958 0.071875 0.202083
1 0.935156 0.075000 0.129688 0.145833
1 0.053906 0.300000 0.104688 0.233333
1 0.661719 0.870833 0.160938 0.245833
1 0.210156 0.956250 0.170313 0.087500
1 0.801562 0.876042 0.206250 0.239583
1 0.567187 0.052083 0.143750 0.104167
1 0.762500 0.234375 0.162500 0.243750
1 0.901563 0.418750 0.175000 0.229167
0 0.367188 0.461458 0.303125 0.435417
1 0.644531 0.637500 0.189063 0.212500
1 0.067969 0.891667 0.135937 0.204167
1 0.489844 0.707292 0.173438 0.231250
1 0.192188 0.288542 0.137500 0.214583
1 0.130469 0.021875 0.173438 0.043750
1 0.699219 0.278125 0.151562 0.210417
1 0.067188 0.602083 0.134375 0.216667
1 0.500000 0.927083 0.165625 0.145833
1 0.470313 0.162500 0.143750 0.200000
1 0.077344 0.095833 0.154688 0.187500
1 0.964063 0.898958 0.071875 0.202083
1 0.935156 0.075000 0.129688 0.145833
1 0.053906 0.300000 0.104688 0.233333
1 0.661719 0.870833 0.160938 0.245833
1 0.210156 0.956250 0.170313 0.087500
1 0.801562 0.876042 0.206250 0.239583
1 0.567187 0.052083 0.143750 0.104167
1 0.762500 0.234375 0.162500 0.243750
1 0.901563 0.418750 0.175000 0.229167
0 0.367188 0.461458 0.303125 0.435417
1 0.644531 0.637500 0.189063 0.212500
1 0.067969 0.891667 0.135937 0.204167
1 0.489844 0.707292 0.173438 0.231250
1 0.192188 0.288542 0.137500 0.214583
1 0.130469 0.021875 0.173438 0.043750
1 0.699219 0.278125 0.151562 0.210417
1 0.067188 0.602083 0.134375 0.216667
1 0.500000 0.927083 0.165625 0.145833
1 0.470313 0.162500 0.143750 0.200000
1 0.077344 0.095833 0.154688 0.187500
1 0.964063 0.898958 0.071875 0.202083
1 0.935156 0.075000 0.129688 0.145833
1 0.053906 0.300000 0.104688 0.233333
1 0.661719 0.870833 0.160938 0.245833
1 0.210156 0.956250 0.170313 0.087500
1 0.801562 0.876042 0.206250 0.239583
1 0.567187 0.052083 0.143750 0.104167
1 0.762500 0.234375 0.162500 0.243750
1 0.901563 0.418750 0.175000 0.229167
0 0.367188 0.461458 0.303125 0.435417
1 0.644531 0.637500 0.189063 0.212500
1 0.067969 0.891667 0.135937 0.204167
1 0.489844 0.707292 0.173438 0.231250
1 0.192188 0.288542 0.137500 0.214583
1 0.130469 0.021875 0.173438 0.043750
1 0.699219 0.278125 0.151562 0.210417
1 0.067188 0.602083 0.134375 0.216667
1 0.500000 0.927083 0.165625 0.145833
1 0.470313 0.162500 0.143750 0.200000
1 0.077344 0.095833 0.154688 0.187500
1 0.964063 0.898958 0.071875 0.202083
1 0.935156 0.075000 0.129688 0.145833
1 0.053906 0.300000 0.104688 0.233333
1 0.661719 0.870833 0.160938 0.245833
1 0.210156 0.956250 0.170313 0.087500
1 0.801562 0.876042 0.206250 0.239583
1 0.567187 0.052083 0.143750 0.104167
1 0.762500 0.234375 0.162500 0.243750
1 0.901563 0.418750 0.175000 0.229167
0 0.367188 0.461458 0.303125 0.435417
1 0.644531 0.637500 0.189063 0.212500
1 0.067969 0.891667 0.135937 0.204167
1 0.489844 0.707292 0.173438 0.231250
1 0.192188 0.288542 0.137500 0.214583
1 0.130469 0.021875 0.173438 0.043750
1 0.699219 0.278125 0.151562 0.210417
1 0.067188 0.602083 0.134375 0.216667
1 0.500000 0.927083 0.165625 0.145833
1 0.470313 0.162500 0.143750 0.200000
1 0.077344 0.095833 0.154688 0.187500
1 0.964063 0.898958 0.071875 0.202083
1 0.935156 0.075000 0.129688 0.145833
1 0.053906 0.300000 0.104688 0.233333
1 0.661719 0.870833 0.160938 0.245833
1 0.210156 0.956250 0.170313 0.087500
1 0.801562 0.876042 0.206250 0.239583
1 0.567187 0.052083 0.143750 0.104167
1 0.762500 0.234375 0.162500 0.243750
1 0.901563 0.418750 0.175000 0.229167
0 0.367188 0.461458 0.303125 0.435417
1 0.644531 0.637500 0.189063 0.212500
1 0.067969 0.891667 0.135937 0.204167
1 0.489844 0.707292 0.173438 0.231250
1 0.192188 0.288542 0.137500 0.214583
1 0.130469 0.021875 0.173438 0.043750
1 0.699219 0.278125 0.151562 0.210417
1 0.067188 0.602083 0.134375 0.216667
1 0.500000 0.927083 0.165625 0.145833
1 0.470313 0.162500 0.143750 0.200000
1 0.077344 0.095833 0.154688 0.187500
1 0.964063 0.898958 0.071875 0.202083
1 0.935156 0.075000 0.129688 0.145833
1 0.053906 0.300000 0.104688 0.233333
1 0.661719 0.870833 0.160938 0.245833
1 0.210156 0.956250 0.170313 0.087500
1 0.801562 0.876042 0.206250 0.239583
1 0.567187 0.052083 0.143750 0.104167
1 0.762500 0.234375 0.162500 0.243750
1 0.901563 0.418750 0.175000 0.229167
0 0.367188 0.461458 0.303125 0.435417
1 0.644531 0.637500 0.189063 0.212500
1 0.067969 0.891667 0.135937 0.204167
1 0.489844 0.707292 0.173438 0.231250
1 0.192188 0.288542 0.137500 0.214583
1 0.130469 0.021875 0.173438 0.043750
1 0.699219 0.278125 0.151562 0.210417
1 0.067188 0.602083 0.134375 0.216667
1 0.500000 0.927083 0.165625 0.145833
1 0.470313 0.162500 0.143750 0.200000
1 0.077344 0.095833 0.154688 0.187500
1 0.964063 0.898958 0.071875 0.202083
1 0.935156 0.075000 0.129688 0.145833
1 0.053906 0.300000 0.104688 0.233333
1 0.661719 0.870833 0.160938 0.245833
1 0.210156 0.956250 0.170313 0.087500
1 0.801562 0.876042 0.206250 0.239583
1 0.567187 0.052083 0.143750 0.104167
1 0.762500 0.234375 0.162500 0.243750
1 0.901563 0.418750 0.175000 0.229167
0 0.367188 0.461458 0.303125 0.435417
1 0.644531 0.637500 0.189063 0.212500
1 0.067969 0.891667 0.135937 0.204167
1 0.489844 0.707292 0.173438 0.231250
1 0.192188 0.288542 0.137500 0.214583
1 0.130469 0.021875 0.173438 0.043750
1 0.699219 0.278125 0.151562 0.210417
1 0.067188 0.602083 0.134375 0.216667
1 0.500000 0.927083 0.165625 0.145833
1 0.470313 0.162500 0.143750 0.200000
1 0.077344 0.095833 0.154688 0.187500
1 0.964063 0.898958 0.071875 0.202083
1 0.935156 0.075000 0.129688 0.145833
1 0.053906 0.300000 0.104688 0.233333
1 0.661719 0.870833 0.160938 0.245833
1 0.210156 0.956250 0.170313 0.087500
1 0.801562 0.876042 0.206250 0.239583
1 0.567187 0.052083 0.143750 0.104167
1 0.762500 0.234375 0.162500 0.243750
1 0.901563 0.418750 0.175000 0.229167
0 0.367188 0.461458 0.303125 0.435417
1 0.644531 0.637500 0.189063 0.212500
1 0.067969 0.891667 0.135937 0.204167
1 0.489844 0.707292 0.173438 0.231250
1 0.192188 0.288542 0.137500 0.214583
1 0.130469 0.021875 0.173438 0.043750
1 0.699219 0.278125 0.151562 0.210417
1 0.067188 0.602083 0.134375 0.216667
1 0.500000 0.927083 0.165625 0.145833
1 0.470313 0.162500 0.143750 0.200000
1 0.077344 0.095833 0.154688 0.187500
1 0.964063 0.898958 0.071875 0.202083
1 0.935156 0.075000 0.129688 0.145833
1 0.053906 0.300000 0.104688 0.233333
1 0.661719 0.870833 0.160938 0.245833
1 0.210156 0.956250 0.170313 0.087500
1 0.801562 0.876042 0.206250 0.239583
1 0.567187 0.052083 0.143750 0.104167
1 0.762500 0.234375 0.162500 0.243750
1 0.901563 0.418750 0.175000 0.229167
0 0.367188 0.461458 0.303125 0.435417
1 0.644531 0.637500 0.189063 0.212500
1 0.067969 0.891667 0.135937 0.204167
1 0.489844 0.707292 0.173438 0.231250
1 0.192188 0.288542 0.137500 0.214583
1 0.130469 0.021875 0.173438 0.043750
1 0.699219 0.278125 0.151562 0.210417
1 0.067188 0.602083 0.134375 0.216667
1 0.500000 0.927083 0.165625 0.145833
1 0.470313 0.162500 0.143750 0.200000
1 0.077344 0.095833 0.154688 0.187500
1 0.964063 0.898958 0.071875 0.202083
1 0.935156 0.075000 0.129688 0.145833
1 0.053906 0.300000 0.104688 0.233333
1 0.661719 0.870833 0.160938 0.245833
1 0.210156 0.956250 0.170313 0.087500
1 0.801562 0.876042 0.206250 0.239583
1 0.567187 0.052083 0.143750 0.104167
1 0.762500 0.234375 0.162500 0.243750
1 0.901563 0.418750 0.175000 0.229167
0 0.367188 0.461458 0.303125 0.435417
1 0.644531 0.637500 0.189063 0.212500
1 0.067969 0.891667 0.135937 0.204167
1 0.489844 0.707292 0.173438 0.231250
1 0.192188 0.288542 0.137500 0.214583
1 0.130469 0.021875 0.173438 0.043750
1 0.699219 0.278125 0.151562 0.210417
1 0.067188 0.602083 0.134375 0.216667
1 0.500000 0.927083 0.165625 0.145833
1 0.470313 0.162500 0.143750 0.200000
1 0.077344 0.095833 0.154688 0.187500
1 0.964063 0.898958 0.071875 0.202083
1 0.935156 0.075000 0.129688 0.145833
1 0.053906 0.300000 0.104688 0.233333
1 0.661719 0.870833 0.160938 0.245833
1 0.210156 0.956250 0.170313 0.087500
1 0.801562 0.876042 0.206250 0.239583
1 0.567187 0.052083 0.143750 0.104167
1 0.762500 0.234375 0.162500 0.243750
1 0.901563 0.418750 0.175000 0.229167
0 0.367188 0.461458 0.303125 0.435417
1 0.644531 0.637500 0.189063 0.212500
1 0.067969 0.891667 0.135937 0.204167
1 0.489844 0.707292 0.173438 0.231250
1 0.192188 0.288542 0.137500 0.214583
1 0.130469 0.021875 0.173438 0.043750
1 0.699219 0.278125 0.151562 0.210417
1 0.067188 0.602083 0.134375 0.216667
1 0.500000 0.927083 0.165625 0.145833
1 0.470313 0.162500 0.143750 0.200000
1 0.077344 0.095833 0.154688 0.187500
1 0.964063 0.898958 0.071875 0.202083
1 0.935156 0.075000 0.129688 0.145833
1 0.053906 0.300000 0.104688 0.233333
1 0.661719 0.870833 0.160938 0.245833
1 0.210156 0.956250 0.170313 0.087500
1 0.801562 0.876042 0.206250 0.239583
1 0.567187 0.052083 0.143750 0.104167
1 0.762500 0.234375 0.162500 0.243750
1 0.901563 0.418750 0.175000 0.229167
0 0.367188 0.461458 0.303125 0.435417
1 0.644531 0.637500 0.189063 0.212500
1 0.067969 0.891667 0.135937 0.204167
1 0.489844 0.707292 0.173438 0.231250
1 0.192188 0.288542 0.137500 0.214583
1 0.130469 0.021875 0.173438 0.043750
1 0.699219 0.278125 0.151562 0.210417
1 0.067188 0.602083 0.134375 0.216667
1 0.500000 0.927083 0.165625 0.145833
1 0.470313 0.162500 0.143750 0.200000
1 0.077344 0.095833 0.154688 0.187500
1 0.964063 0.898958 0.071875 0.202083
1 0.935156 0.075000 0.129688 0.145833
1 0.053906 0.300000 0.104688 0.233333
1 0.661719 0.870833 0.160938 0.245833
1 0.210156 0.956250 0.170313 0.087500
1 0.801562 0.876042 0.206250 0.239583
1 0.567187 0.052083 0.143750 0.104167
1 0.762500 0.234375 0.162500 0.243750
1 0.901563 0.418750 0.175000 0.229167
0 0.367188 0.461458 0.303125 0.435417
1 0.644531 0.637500 0.189063 0.212500
1 0.067969 0.891667 0.135937 0.204167
1 0.489844 0.707292 0.173438 0.231250
1 0.192188 0.288542 0.137500 0.214583
1 0.130469 0.021875 0.173438 0.043750
1 0.699219 0.278125 0.151562 0.210417
1 0.067188 0.602083 0.134375 0.216667
1 0.500000 0.927083 0.165625 0.145833
1 0.470313 0.162500 0.143750 0.200000
1 0.077344 0.095833 0.154688 0.187500
1 0.964063 0.898958 0.071875 0.202083
1 0.935156 0.075000 0.129688 0.145833
1 0.053906 0.300000 0.104688 0.233333
1 0.661719 0.870833 0.160938 0.245833
1 0.210156 0.956250 0.170313 0.087500
1 0.801562 0.876042 0.206250 0.239583
1 0.567187 0.052083 0.143750 0.104167
1 0.762500 0.234375 0.162500 0.243750
1 0.901563 0.418750 0.175000 0.229167
0 0.367188 0.461458 0.303125 0.435417
1 0.644531 0.637500 0.189063 0.212500
1 0.067969 0.891667 0.135937 0.204167
1 0.489844 0.707292 0.173438 0.231250
1 0.192188 0.288542 0.137500 0.214583
1 0.130469 0.021875 0.173438 0.043750
1 0.699219 0.278125 0.151562 0.210417
1 0.067188 0.602083 0.134375 0.216667
1 0.500000 0.927083 0.165625 0.145833
1 0.470313 0.162500 0.143750 0.200000
1 0.077344 0.095833 0.154688 0.187500
1 0.964063 0.898958 0.071875 0.202083
1 0.935156 0.075000 0.129688 0.145833
1 0.053906 0.300000 0.104688 0.233333
1 0.661719 0.870833 0.160938 0.245833
1 0.210156 0.956250 0.170313 0.087500
1 0.801562 0.876042 0.206250 0.239583
1 0.567187 0.052083 0.143750 0.104167
1 0.762500 0.234375 0.162500 0.243750
1 0.901563 0.418750 0.175000 0.229167
0 0.367188 0.461458 0.303125 0.435417
1 0.644531 0.637500 0.189063 0.212500
1 0.067969 0.891667 0.135937 0.204167
1 0.489844 0.707292 0.173438 0.231250
1 0.192188 0.288542 0.137500 0.214583
1 0.130469 0.021875 0.173438 0.043750
1 0.699219 0.278125 0.151562 0.210417
1 0.067188 0.602083 0.134375 0.216667
1 0.500000 0.927083 0.165625 0.145833
1 0.470313 0.162500 0.143750 0.200000
1 0.077344 0.095833 0.154688 0.187500
1 0.964063 0.898958 0.071875 0.202083
1 0.935156 0.075000 0.129688 0.145833
1 0.053906 0.300000 0.104688 0.233333
1 0.661719 0.870833 0.160938 0.245833
1 0.210156 0.956250 0.170313 0.087500
1 0.801562 0.876042 0.206250 0.239583
1 0.567187 0.052083 0.143750 0.104167
1 0.762500 0.234375 0.162500 0.243750
1 0.901563 0.418750 0.175000 0.229167
0 0.367188 0.461458 0.303125 0.435417
1 0.644531 0.637500 0.189063 0.212500
1 0.067969 0.891667 0.135937 0.204167
1 0.489844 0.707292 0.173438 0.231250
1 0.192188 0.288542 0.137500 0.214583
1 0.130469 0.021875 0.173438 0.043750
1 0.699219 0.278125 0.151562 0.210417
1 0.067188 0.602083 0.134375 0.216667
1 0.500000 0.927083 0.165625 0.145833
1 0.470313 0.162500 0.143750 0.200000
1 0.077344 0.095833 0.154688 0.187500
1 0.964063 0.898958 0.071875 0.202083
1 0.935156 0.075000 0.129688 0.145833
1 0.053906 0.300000 0.104688 0.233333
1 0.661719 0.870833 0.160938 0.245833
1 0.210156 0.956250 0.170313 0.087500
1 0.801562 0.876042 0.206250 0.239583
1 0.567187 0.052083 0.143750 0.104167
1 0.762500 0.234375 0.162500 0.243750
1 0.901563 0.418750 0.175000 0.229167
0 0.367188 0.461458 0.303125 0.435417
1 0.644531 0.637500 0.189063 0.212500
1 0.067969 0.891667 0.135937 0.204167
1 0.489844 0.707292 0.173438 0.231250
1 0.192188 0.288542 0.137500 0.214583
1 0.130469 0.021875 0.173438 0.043750
1 0.699219 0.278125 0.151562 0.210417
1 0.067188 0.602083 0.134375 0.216667
1 0.500000 0.927083 0.165625 0.145833
1 0.470313 0.162500 0.143750 0.200000
1 0.077344 0.095833 0.154688 0.187500
1 0.964063 0.898958 0.071875 0.202083
1 0.935156 0.075000 0.129688 0.145833
1 0.053906 0.300000 0.104688 0.233333
1 0.661719 0.870833 0.160938 0.245833
1 0.210156 0.956250 0.170313 0.087500
1 0.801562 0.876042 0.206250 0.239583
1 0.567187 0.052083 0.143750 0.104167
1 0.762500 0.234375 0.162500 0.243750
1 0.901563 0.418750 0.175000 0.229167
0 0.367188 0.461458 0.303125 0.435417
1 0.644531 0.637500 0.189063 0.212500
1 0.067969 0.891667 0.135937 0.204167
1 0.489844 0.707292 0.173438 0.231250
1 0.192188 0.288542 0.137500 0.214583
1 0.130469 0.021875 0.173438 0.043750
1 0.699219 0.278125 0.151562 0.210417
1 0.067188 0.602083 0.134375 0.216667
1 0.500000 0.927083 0.165625 0.145833
1 0.470313 0.162500 0.143750 0.200000
1 0.077344 0.095833 0.154688 0.187500
1 0.964063 0.898958 0.071875 0.202083
1 0.935156 0.075000 0.129688 0.145833
1 0.053906 0.300000 0.104688 0.233333
1 0.661719 0.870833 0.160938 0.245833
1 0.210156 0.956250 0.170313 0.087500
1 0.801562 0.876042 0.206250 0.239583
1 0.567187 0.052083 0.143750 0.104167
1 0.762500 0.234375 0.162500 0.243750
1 0.901563 0.418750 0.175000 0.229167
0 0.367188 0.461458 0.303125 0.435417
1 0.644531 0.637500 0.189063 0.212500
1 0.067969 0.891667 0.135937 0.204167
1 0.489844 0.707292 0.173438 0.231250
1 0.192188 0.288542 0.137500 0.214583
1 0.130469 0.021875 0.173438 0.043750
1 0.699219 0.278125 0.151562 0.210417
1 0.067188 0.602083 0.134375 0.216667
1 0.500000 0.927083 0.165625 0.145833
1 0.470313 0.162500 0.143750 0.200000
1 0.077344 0.095833 0.154688 0.187500
1 0.964063 0.898958 0.071875 0.202083
1 0.935156 0.075000 0.129688 0.145833
1 0.053906 0.300000 0.104688 0.233333
1 0.661719 0.870833 0.160938 0.245833
1 0.210156 0.956250 0.170313 0.087500
1 0.801562 0.876042 0.206250 0.239583
1 0.567187 0.052083 0.143750 0.104167
1 0.762500 0.234375 0.162500 0.243750
1 0.901563 0.418750 0.175000 0.229167
0 0.367188 0.461458 0.303125 0.435417
1 0.644531 0.637500 0.189063 0.212500
1 0.067969 0.891667 0.135937 0.204167
1 0.489844 0.707292 0.173438 0.231250
1 0.192188 0.288542 0.137500 0.214583
