1 0.984375 0.650000 0.031250 0.212500
1 0.098438 0.389583 0.196875 0.237500
1 0.579688 0.946875 0.215625 0.106250
1 0.056250 0.767708 0.112500 0.268750
1 0.289844 0.032292 0.167187 0.064583
2 0.732813 0.971875 0.053125 0.056250
1 0.379688 0.930208 0.187500 0.139583
1 0.450781 0.683333 0.167187 0.250000
1 0.129688 0.120833 0.206250 0.233333
1 0.488281 0.197917 0.176563 0.220833
1 0.368750 0.440625 0.178125 0.264583
1 0.685156 0.158333 0.201563 0.254167
1 0.203906 0.898958 0.173438 0.202083
0 0.192188 0.617708 0.225000 0.339583
1 0.323438 0.197917 0.218750 0.258333
1 0.984375 0.650000 0.031250 0.212500
1 0.098438 0.389583 0.196875 0.237500
1 0.579688 0.946875 0.215625 0.106250
1 0.056250 0.767708 0.112500 0.268750
1 0.289844 0.032292 0.167187 0.064583
2 0.732813 0.971875 0.053125 0.056250
1 0.379688 0.930208 0.187500 0.139583
1 0.450781 0.683333 0.167187 0.250000
1 0.129688 0.120833 0.206250 0.233333
1 0.488281 0.197917 0.176563 0.220833
1 0.368750 0.440625 0.178125 0.264583
1 0.685156 0.158333 0.201563 0.254167
1 0.203906 0.898958 0.173438 0.202083
0 0.192188 0.617708 0.225000 0.339583
1 0.323438 0.197917 0.218750 0.258333
1 0.984375 0.650000 0.031250 0.212500
1 0.098438 0.389583 0.196875 0.237500
1 0.579688 0.946875 0.215625 0.106250
1 0.056250 0.767708 0.112500 0.268750
1 0.289844 0.032292 0.167187 0.064583
2 0.732813 0.971875 0.053125 0.056250
1 0.379688 0.930208 0.187500 0.139583
1 0.450781 0.683333 0.167187 0.250000
1 0.129688 0.120833 0.206250 0.233333
1 0.488281 0.197917 0.176563 0.220833
1 0.368750 0.440625 0.178125 0.264583
1 0.685156 0.158333 0.201563 0.254167
1 0.203906 0.898958 0.173438 0.202083
0 0.192188 0.617708 0.225000 0.339583
1 0.323438 0.197917 0.218750 0.258333
1 0.984375 0.650000 0.031250 0.212500
1 0.098438 0.389583 0.196875 0.237500
1 0.579688 0.946875 0.215625 0.106250
1 0.056250 0.767708 0.112500 0.268750
1 0.289844 0.032292 0.167187 0.064583
2 0.732813 0.971875 0.053125 0.056250
1 0.379688 0.930208 0.187500 0.139583
1 0.450781 0.683333 0.167187 0.250000
1 0.129688 0.120833 0.206250 0.233333
1 0.488281 0.197917 0.176563 0.220833
1 0.368750 0.440625 0.178125 0.264583
1 0.685156 0.158333 0.201563 0.254167
1 0.203906 0.898958 0.173438 0.202083
0 0.192188 0.617708 0.225000 0.339583
1 0.323438 0.197917 0.218750 0.258333
1 0.984375 0.650000 0.031250 0.212500
1 0.098438 0.389583 0.196875 0.237500
1 0.579688 0.946875 0.215625 0.106250
1 0.056250 0.767708 0.112500 0.268750
1 0.289844 0.032292 0.167187 0.064583
2 0.732813 0.971875 0.053125 0.056250
1 0.379688 0.930208 0.187500 0.139583
1 0.450781 0.683333 0.167187 0.250000
1 0.129688 0.120833 0.206250 0.233333
1 0.488281 0.197917 0.176563 0.220833
1 0.368750 0.440625 0.178125 0.264583
1 0.685156 0.158333 0.201563 0.254167
1 0.203906 0.898958 0.173438 0.202083
0 0.192188 0.617708 0.225000 0.339583
1 0.323438 0.197917 0.218750 0.258333
1 0.984375 0.650000 0.031250 0.212500
1 0.098438 0.389583 0.196875 0.237500
1 0.579688 0.946875 0.215625 0.106250
1 0.056250 0.767708 0.112500 0.268750
1 0.289844 0.032292 0.167187 0.064583
2 0.732813 0.971875 0.053125 0.056250
1 0.379688 0.930208 0.187500 0.139583
1 0.450781 0.683333 0.167187 0.250000
1 0.129688 0.120833 0.206250 0.233333
1 0.488281 0.197917 0.176563 0.220833
1 0.368750 0.440625 0.178125 0.264583
1 0.685156 0.158333 0.201563 0.254167
1 0.203906 0.898958 0.173438 0.202083
0 0.192188 0.617708 0.225000 0.339583
1 0.323438 0.197917 0.218750 0.258333
1 0.984375 0.650000 0.031250 0.212500
1 0.098438 0.389583 0.196875 0.237500
1 0.579688 0.946875 0.215625 0.106250
1 0.056250 0.767708 0.112500 0.268750
1 0.289844 0.032292 0.167187 0.064583
2 0.732813 0.971875 0.053125 0.056250
1 0.379688 0.930208 0.187500 0.139583
1 0.450781 0.683333 0.167187 0.250000
1 0.129688 0.120833 0.206250 0.233333
1 0.488281 0.197917 0.176563 0.220833
1 0.368750 0.440625 0.178125 0.264583
1 0.685156 0.158333 0.201563 0.254167
1 0.203906 0.898958 0.173438 0.202083
0 0.192188 0.617708 0.225000 0.339583
1 0.323438 0.197917 0.218750 0.258333
1 0.984375 0.650000 0.031250 0.212500
1 0.098438 0.389583 0.196875 0.237500
1 0.579688 0.946875 0.215625 0.106250
1 0.056250 0.767708 0.112500 0.268750
1 0.289844 0.032292 0.167187 0.064583
2 0.732813 0.971875 0.053125 0.056250
1 0.379688 0.930208 0.187500 0.139583
1 0.450781 0.683333 0.167187 0.250000
1 0.129688 0.120833 0.206250 0.233333
1 0.488281 0.197917 0.176563 0.220833
1 0.368750 0.440625 0.178125 0.264583
1 0.685156 0.158333 0.201563 0.254167
1 0.203906 0.898958 0.173438 0.202083
0 0.192188 0.617708 0.225000 0.339583
1 0.323438 0.197917 0.218750 0.258333
1 0.984375 0.650000 0.031250 0.212500
1 0.098438 0.389583 0.196875 0.237500
1 0.579688 0.946875 0.215625 0.106250
1 0.056250 0.767708 0.112500 0.268750
1 0.289844 0.032292 0.167187 0.064583
2 0.732813 0.971875 0.053125 0.056250
1 0.379688 0.930208 0.187500 0.139583
1 0.450781 0.683333 0.167187 0.250000
1 0.129688 0.120833 0.206250 0.233333
1 0.488281 0.197917 0.176563 0.220833
1 0.368750 0.440625 0.178125 0.264583
1 0.685156 0.158333 0.201563 0.254167
1 0.203906 0.898958 0.173438 0.202083
0 0.192188 0.617708 0.225000 0.339583
1 0.323438 0.197917 0.218750 0.258333
1 0.984375 0.650000 0.031250 0.212500
1 0.098438 0.389583 0.196875 0.237500
1 0.579688 0.946875 0.215625 0.106250
1 0.056250 0.767708 0.112500 0.268750
1 0.289844 0.032292 0.167187 0.064583
2 0.732813 0.971875 0.053125 0.056250
1 0.379688 0.930208 0.187500 0.139583
1 0.450781 0.683333 0.167187 0.250000
1 0.129688 0.120833 0.206250 0.233333
1 0.488281 0.197917 0.176563 0.220833
1 0.368750 0.440625 0.178125 0.264583
1 0.685156 0.158333 0.201563 0.254167
1 0.203906 0.898958 0.173438 0.202083
0 0.192188 0.617708 0.225000 0.339583
1 0.323438 0.197917 0.218750 0.258333
1 0.984375 0.650000 0.031250 0.212500
1 0.098438 0.389583 0.196875 0.237500
1 0.579688 0.946875 0.215625 0.106250
1 0.056250 0.767708 0.112500 0.268750
1 0.289844 0.032292 0.167187 0.064583
2 0.732813 0.971875 0.053125 0.056250
1 0.379688 0.930208 0.187500 0.139583
1 0.450781 0.683333 0.167187 0.250000
1 0.129688 0.120833 0.206250 0.233333
1 0.488281 0.197917 0.176563 0.220833
1 0.368750 0.440625 0.178125 0.264583
1 0.685156 0.158333 0.201563 0.254167
1 0.203906 0.898958 0.173438 0.202083
0 0.192188 0.617708 0.225000 0.339583
1 0.323438 0.197917 0.218750 0.258333
1 0.984375 0.650000 0.031250 0.212500
1 0.098438 0.389583 0.196875 0.237500
1 0.579688 0.946875 0.215625 0.106250
1 0.056250 0.767708 0.112500 0.268750
1 0.289844 0.032292 0.167187 0.064583
2 0.732813 0.971875 0.053125 0.056250
1 0.379688 0.930208 0.187500 0.139583
1 0.450781 0.683333 0.167187 0.250000
1 0.129688 0.120833 0.206250 0.233333
1 0.488281 0.197917 0.176563 0.220833
1 0.368750 0.440625 0.178125 0.264583
1 0.685156 0.158333 0.201563 0.254167
1 0.203906 0.898958 0.173438 0.202083
0 0.192188 0.617708 0.225000 0.339583
1 0.323438 0.197917 0.218750 0.258333
1 0.984375 0.650000 0.031250 0.212500
1 0.098438 0.389583 0.196875 0.237500
1 0.579688 0.946875 0.215625 0.106250
1 0.056250 0.767708 0.112500 0.268750
1 0.289844 0.032292 0.167187 0.064583
2 0.732813 0.971875 0.053125 0.056250
1 0.379688 0.930208 0.187500 0.139583
1 0.450781 0.683333 0.167187 0.250000
1 0.129688 0.120833 0.206250 0.233333
1 0.488281 0.197917 0.176563 0.220833
1 0.368750 0.440625 0.178125 0.264583
1 0.685156 0.158333 0.201563 0.254167
1 0.203906 0.898958 0.173438 0.202083
0 0.192188 0.617708 0.225000 0.339583
1 0.323438 0.197917 0.218750 0.258333
1 0.984375 0.650000 0.031250 0.212500
1 0.098438 0.389583 0.196875 0.237500
1 0.579688 0.946875 0.215625 0.106250
1 0.056250 0.767708 0.112500 0.268750
1 0.289844 0.032292 0.167187 0.064583
2 0.732813 0.971875 0.053125 0.056250
1 0.379688 0.930208 0.187500 0.139583
1 0.450781 0.683333 0.167187 0.250000
1 0.129688 0.120833 0.206250 0.233333
1 0.488281 0.197917 0.176563 0.220833
1 0.368750 0.440625 0.178125 0.264583
1 0.685156 0.158333 0.201563 0.254167
1 0.203906 0.898958 0.173438 0.202083
0 0.192188 0.617708 0.225000 0.339583
1 0.323438 0.197917 0.218750 0.258333
1 0.984375 0.650000 0.031250 0.212500
1 0.098438 0.389583 0.196875 0.237500
1 0.579688 0.946875 0.215625 0.106250
1 0.056250 0.767708 0.112500 0.268750
1 0.289844 0.032292 0.167187 0.064583
2 0.732813 0.971875 0.053125 0.056250
1 0.379688 0.930208 0.187500 0.139583
1 0.450781 0.683333 0.167187 0.250000
1 0.129688 0.120833 0.206250 0.233333
1 0.488281 0.197917 0.176563 0.220833
1 0.368750 0.440625 0.178125 0.264583
1 0.685156 0.158333 0.201563 0.254167
1 0.203906 0.898958 0.173438 0.202083
0 0.192188 0.617708 0.225000 0.339583
1 0.323438 0.197917 0.218750 0.258333
