1 0.017969 0.855208 0.035937 0.264583
1 0.190625 0.026042 0.187500 0.047917
1 0.078125 0.967708 0.156250 0.064583
1 0.421094 0.968750 0.179688 0.062500
2 0.030469 0.553125 0.054688 0.077083
1 0.951563 0.139583 0.096875 0.220833
1 0.343750 0.329167 0.175000 0.216667
1 0.464063 0.823958 0.165625 0.214583
2 0.135937 0.267708 0.062500 0.081250
1 0.800781 0.339583 0.148438 0.187500
2 0.703125 0.548958 0.090625 0.131250
2 0.217969 0.091667 0.070312 0.091667
1 0.908594 0.552083 0.164062 0.183333
1 0.129688 0.838542 0.178125 0.210417
1 0.263281 0.776042 0.148438 0.218750
1 0.100000 0.173958 0.168750 0.222917
1 0.615625 0.227083 0.196875 0.220833
1 0.723437 0.086458 0.218750 0.168750
1 0.363281 0.107292 0.185938 0.214583
1 0.134375 0.446875 0.178125 0.197917
0 0.863281 0.793750 0.267188 0.412500
1 0.017969 0.855208 0.035937 0.264583
1 0.190625 0.026042 0.187500 0.047917
1 0.078125 0.967708 0.156250 0.064583
1 0.421094 0.968750 0.179688 0.062500
2 0.030469 0.553125 0.054688 0.077083
1 0.951563 0.139583 0.096875 0.220833
1 0.343750 0.329167 0.175000 0.216667
1 0.464063 0.823958 0.165625 0.214583
2 0.135937 0.267708 0.062500 0.081250
1 0.800781 0.339583 0.148438 0.187500
2 0.703125 0.548958 0.090625 0.131250
2 0.217969 0.091667 0.070312 0.091667
1 0.908594 0.552083 0.164062 0.183333
1 0.129688 0.838542 0.178125 0.210417
1 0.263281 0.776042 0.148438 0.218750
1 0.100000 0.173958 0.168750 0.222917
1 0.615625 0.227083 0.196875 0.220833
1 0.723437 0.086458 0.218750 0.168750
1 0.363281 0.107292 0.185938 0.214583
1 0.134375 0.446875 0.178125 0.197917
0 0.863281 0.793750 0.267188 0.412500
1 0.017969 0.855208 0.035937 0.264583
1 0.190625 0.026042 0.187500 0.047917
1 0.078125 0.967708 0.156250 0.064583
1 0.421094 0.968750 0.179688 0.062500
2 0.030469 0.553125 0.054688 0.077083
1 0.951563 0.139583 0.096875 0.220833
1 0.343750 0.329167 0.175000 0.216667
1 0.464063 0.823958 0.165625 0.214583
2 0.135937 0.267708 0.062500 0.081250
1 0.800781 0.339583 0.148438 0.187500
2 0.703125 0.548958 0.090625 0.131250
2 0.217969 0.091667 0.070312 0.091667
1 0.908594 0.552083 0.164062 0.183333
1 0.129688 0.838542 0.178125 0.210417
1 0.263281 0.776042 0.148438 0.218750
1 0.100000 0.173958 0.168750 0.222917
1 0.615625 0.227083 0.196875 0.220833
1 0.723437 0.086458 0.218750 0.168750
1 0.363281 0.107292 0.185938 0.214583
1 0.134375 0.446875 0.178125 0.197917
0 0.863281 0.793750 0.267188 0.412500
1 0.017969 0.855208 0.035937 0.264583
1 0.190625 0.026042 0.187500 0.047917
1 0.078125 0.967708 0.156250 0.064583
1 0.421094 0.968750 0.179688 0.062500
2 0.030469 0.553125 0.054688 0.077083
1 0.951563 0.139583 0.096875 0.220833
1 0.343750 0.329167 0.175000 0.216667
1 0.464063 0.823958 0.165625 0.214583
2 0.135937 0.267708 0.062500 0.081250
1 0.800781 0.339583 0.148438 0.187500
2 0.703125 0.548958 0.090625 0.131250
2 0.217969 0.091667 0.070312 0.091667
1 0.908594 0.552083 0.164062 0.183333
1 0.129688 0.838542 0.178125 0.210417
1 0.263281 0.776042 0.148438 0.218750
1 0.100000 0.173958 0.168750 0.222917
1 0.615625 0.227083 0.196875 0.220833
1 0.723437 0.086458 0.218750 0.168750
1 0.363281 0.107292 0.185938 0.214583
1 0.134375 0.446875 0.178125 0.197917
0 0.863281 0.793750 0.267188 0.412500
1 0.017969 0.855208 0.035937 0.264583
1 0.190625 0.026042 0.187500 0.047917
1 0.078125 0.967708 0.156250 0.064583
1 0.421094 0.968750 0.179688 0.062500
2 0.030469 0.553125 0.054688 0.077083
1 0.951563 0.139583 0.096875 0.220833
1 0.343750 0.329167 0.175000 0.216667
1 0.464063 0.823958 0.165625 0.214583
2 0.135937 0.267708 0.062500 0.081250
1 0.800781 0.339583 0.148438 0.187500
2 0.703125 0.548958 0.090625 0.131250
2 0.217969 0.091667 0.070312 0.091667
1 0.908594 0.552083 0.164062 0.183333
1 0.129688 0.838542 0.178125 0.210417
1 0.263281 0.776042 0.148438 0.218750
1 0.100000 0.173958 0.168750 0.222917
1 0.615625 0.227083 0.196875 0.220833
1 0.723437 0.086458 0.218750 0.168750
1 0.363281 0.107292 0.185938 0.214583
1 0.134375 0.446875 0.178125 0.197917
0 0.863281 0.793750 0.267188 0.412500
1 0.017969 0.855208 0.035937 0.264583
1 0.190625 0.026042 0.187500 0.047917
1 0.078125 0.967708 0.156250 0.064583
1 0.421094 0.968750 0.179688 0.062500
2 0.030469 0.553125 0.054688 0.077083
1 0.951563 0.139583 0.096875 0.220833
1 0.343750 0.329167 0.175000 0.216667
1 0.464063 0.823958 0.165625 0.214583
2 0.135937 0.267708 0.062500 0.081250
1 0.800781 0.339583 0.148438 0.187500
2 0.703125 0.548958 0.090625 0.131250
2 0.217969 0.091667 0.070312 0.091667
1 0.908594 0.552083 0.164062 0.183333
1 0.129688 0.838542 0.178125 0.210417
1 0.263281 0.776042 0.148438 0.218750
1 0.100000 0.173958 0.168750 0.222917
1 0.615625 0.227083 0.196875 0.220833
1 0.723437 0.086458 0.218750 0.168750
1 0.363281 0.107292 0.185938 0.214583
1 0.134375 0.446875 0.178125 0.197917
0 0.863281 0.793750 0.267188 0.412500
1 0.017969 0.855208 0.035937 0.264583
1 0.190625 0.026042 0.187500 0.047917
1 0.078125 0.967708 0.156250 0.064583
1 0.421094 0.968750 0.179688 0.062500
2 0.030469 0.553125 0.054688 0.077083
1 0.951563 0.139583 0.096875 0.220833
1 0.343750 0.329167 0.175000 0.216667
1 0.464063 0.823958 0.165625 0.214583
2 0.135937 0.267708 0.062500 0.081250
1 0.800781 0.339583 0.148438 0.187500
2 0.703125 0.548958 0.090625 0.131250
2 0.217969 0.091667 0.070312 0.091667
1 0.908594 0.552083 0.164062 0.183333
1 0.129688 0.838542 0.178125 0.210417
1 0.263281 0.776042 0.148438 0.218750
1 0.100000 0.173958 0.168750 0.222917
1 0.615625 0.227083 0.196875 0.220833
1 0.723437 0.086458 0.218750 0.168750
1 0.363281 0.107292 0.185938 0.214583
1 0.134375 0.446875 0.178125 0.197917
0 0.863281 0.793750 0.267188 0.412500
1 0.017969 0.855208 0.035937 0.264583
1 0.190625 0.026042 0.187500 0.047917
1 0.078125 0.967708 0.156250 0.064583
1 0.421094 0.968750 0.179688 0.062500
2 0.030469 0.553125 0.054688 0.077083
1 0.951563 0.139583 0.096875 0.220833
1 0.343750 0.329167 0.175000 0.216667
1 0.464063 0.823958 0.165625 0.214583
2 0.135937 0.267708 0.062500 0.081250
1 0.800781 0.339583 0.148438 0.187500
2 0.703125 0.548958 0.090625 0.131250
2 0.217969 0.091667 0.070312 0.091667
1 0.908594 0.552083 0.164062 0.183333
1 0.129688 0.838542 0.178125 0.210417
1 0.263281 0.776042 0.148438 0.218750
1 0.100000 0.173958 0.168750 0.222917
1 0.615625 0.227083 0.196875 0.220833
1 0.723437 0.086458 0.218750 0.168750
1 0.363281 0.107292 0.185938 0.214583
1 0.134375 0.446875 0.178125 0.197917
0 0.863281 0.793750 0.267188 0.412500
1 0.017969 0.855208 0.035937 0.264583
1 0.190625 0.026042 0.187500 0.047917
1 0.078125 0.967708 0.156250 0.064583
1 0.421094 0.968750 0.179688 0.062500
2 0.030469 0.553125 0.054688 0.077083
1 0.951563 0.139583 0.096875 0.220833
1 0.343750 0.329167 0.175000 0.216667
1 0.464063 0.823958 0.165625 0.214583
2 0.135937 0.267708 0.062500 0.081250
1 0.800781 0.339583 0.148438 0.187500
2 0.703125 0.548958 0.090625 0.131250
2 0.217969 0.091667 0.070312 0.091667
1 0.908594 0.552083 0.164062 0.183333
1 0.129688 0.838542 0.178125 0.210417
1 0.263281 0.776042 0.148438 0.218750
1 0.100000 0.173958 0.168750 0.222917
1 0.615625 0.227083 0.196875 0.220833
1 0.723437 0.086458 0.218750 0.168750
1 0.363281 0.107292 0.185938 0.214583
1 0.134375 0.446875 0.178125 0.197917
0 0.863281 0.793750 0.267188 0.412500
1 0.017969 0.855208 0.035937 0.264583
1 0.190625 0.026042 0.187500 0.047917
1 0.078125 0.967708 0.156250 0.064583
1 0.421094 0.968750 0.179688 0.062500
2 0.030469 0.553125 0.054688 0.077083
1 0.951563 0.139583 0.096875 0.220833
1 0.343750 0.329167 0.175000 0.216667
1 0.464063 0.823958 0.165625 0.214583
2 0.135937 0.267708 0.062500 0.081250
1 0.800781 0.339583 0.148438 0.187500
2 0.703125 0.548958 0.090625 0.131250
2 0.217969 0.091667 0.070312 0.091667
1 0.908594 0.552083 0.164062 0.183333
1 0.129688 0.838542 0.178125 0.210417
1 0.263281 0.776042 0.148438 0.218750
1 0.100000 0.173958 0.168750 0.222917
1 0.615625 0.227083 0.196875 0.220833
1 0.723437 0.086458 0.218750 0.168750
1 0.363281 0.107292 0.185938 0.214583
1 0.134375 0.446875 0.178125 0.197917
0 0.863281 0.793750 0.267188 0.412500
1 0.017969 0.855208 0.035937 0.264583
1 0.190625 0.026042 0.187500 0.047917
1 0.078125 0.967708 0.156250 0.064583
1 0.421094 0.968750 0.179688 0.062500
2 0.030469 0.553125 0.054688 0.077083
1 0.951563 0.139583 0.096875 0.220833
1 0.343750 0.329167 0.175000 0.216667
1 0.464063 0.823958 0.165625 0.214583
2 0.135937 0.267708 0.062500 0.081250
1 0.800781 0.339583 0.148438 0.187500
2 0.703125 0.548958 0.090625 0.131250
2 0.217969 0.091667 0.070312 0.091667
1 0.908594 0.552083 0.164062 0.183333
1 0.129688 0.838542 0.178125 0.210417
1 0.263281 0.776042 0.148438 0.218750
1 0.100000 0.173958 0.168750 0.222917
1 0.615625 0.227083 0.196875 0.220833
1 0.723437 0.086458 0.218750 0.168750
1 0.363281 0.107292 0.185938 0.214583
1 0.134375 0.446875 0.178125 0.197917
0 0.863281 0.793750 0.267188 0.412500
1 0.017969 0.855208 0.035937 0.264583
1 0.190625 0.026042 0.187500 0.047917
1 0.078125 0.967708 0.156250 0.064583
1 0.421094 0.968750 0.179688 0.062500
2 0.030469 0.553125 0.054688 0.077083
1 0.951563 0.139583 0.096875 0.220833
1 0.343750 0.329167 0.175000 0.216667
1 0.464063 0.823958 0.165625 0.214583
2 0.135937 0.267708 0.062500 0.081250
1 0.800781 0.339583 0.148438 0.187500
2 0.703125 0.548958 0.090625 0.131250
2 0.217969 0.091667 0.070312 0.091667
1 0.908594 0.552083 0.164062 0.183333
1 0.129688 0.838542 0.178125 0.210417
1 0.263281 0.776042 0.148438 0.218750
1 0.100000 0.173958 0.168750 0.222917
1 0.615625 0.227083 0.196875 0.220833
1 0.723437 0.086458 0.218750 0.168750
1 0.363281 0.107292 0.185938 0.214583
1 0.134375 0.446875 0.178125 0.197917
0 0.863281 0.793750 0.267188 0.412500
1 0.017969 0.855208 0.035937 0.264583
1 0.190625 0.026042 0.187500 0.047917
1 0.078125 0.967708 0.156250 0.064583
1 0.421094 0.968750 0.179688 0.062500
2 0.030469 0.553125 0.054688 0.077083
1 0.951563 0.139583 0.096875 0.220833
1 0.343750 0.329167 0.175000 0.216667
1 0.464063 0.823958 0.165625 0.214583
2 0.135937 0.267708 0.062500 0.081250
1 0.800781 0.339583 0.148438 0.187500
2 0.703125 0.548958 0.090625 0.131250
2 0.217969 0.091667 0.070312 0.091667
1 0.908594 0.552083 0.164062 0.183333
1 0.129688 0.838542 0.178125 0.210417
1 0.263281 0.776042 0.148438 0.218750
1 0.100000 0.173958 0.168750 0.222917
1 0.615625 0.227083 0.196875 0.220833
1 0.723437 0.086458 0.218750 0.168750
1 0.363281 0.107292 0.185938 0.214583
1 0.134375 0.446875 0.178125 0.197917
0 0.863281 0.793750 0.267188 0.412500
1 0.017969 0.855208 0.035937 0.264583
1 0.190625 0.026042 0.187500 0.047917
1 0.078125 0.967708 0.156250 0.064583
1 0.421094 0.968750 0.179688 0.062500
2 0.030469 0.553125 0.054688 0.077083
1 0.951563 0.139583 0.096875 0.220833
1 0.343750 0.329167 0.175000 0.216667
1 0.464063 0.823958 0.165625 0.214583
2 0.135937 0.267708 0.062500 0.081250
1 0.800781 0.339583 0.148438 0.187500
2 0.703125 0.548958 0.090625 0.131250
2 0.217969 0.091667 0.070312 0.091667
1 0.908594 0.552083 0.164062 0.183333
1 0.129688 0.838542 0.178125 0.210417
1 0.263281 0.776042 0.148438 0.218750
1 0.100000 0.173958 0.168750 0.222917
1 0.615625 0.227083 0.196875 0.220833
1 0.723437 0.086458 0.218750 0.168750
1 0.363281 0.107292 0.185938 0.214583
1 0.134375 0.446875 0.178125 0.197917
0 0.863281 0.793750 0.267188 0.412500
1 0.017969 0.855208 0.035937 0.264583
1 0.190625 0.026042 0.187500 0.047917
1 0.078125 0.967708 0.156250 0.064583
1 0.421094 0.968750 0.179688 0.062500
2 0.030469 0.553125 0.054688 0.077083
1 0.951563 0.139583 0.096875 0.220833
1 0.343750 0.329167 0.175000 0.216667
1 0.464063 0.823958 0.165625 0.214583
2 0.135937 0.267708 0.062500 0.081250
1 0.800781 0.339583 0.148438 0.187500
2 0.703125 0.548958 0.090625 0.131250
2 0.217969 0.091667 0.070312 0.091667
1 0.908594 0.552083 0.164062 0.183333
1 0.129688 0.838542 0.178125 0.210417
1 0.263281 0.776042 0.148438 0.218750
1 0.100000 0.173958 0.168750 0.222917
1 0.615625 0.227083 0.196875 0.220833
1 0.723437 0.086458 0.218750 0.168750
1 0.363281 0.107292 0.185938 0.214583
1 0.134375 0.446875 0.178125 0.197917
0 0.863281 0.793750 0.267188 0.412500
1 0.017969 0.855208 0.035937 0.264583
1 0.190625 0.026042 0.187500 0.047917
1 0.078125 0.967708 0.156250 0.064583
1 0.421094 0.968750 0.179688 0.062500
2 0.030469 0.553125 0.054688 0.077083
1 0.951563 0.139583 0.096875 0.220833
1 0.343750 0.329167 0.175000 0.216667
1 0.464063 0.823958 0.165625 0.214583
2 0.135937 0.267708 0.062500 0.081250
1 0.800781 0.339583 0.148438 0.187500
2 0.703125 0.548958 0.090625 0.131250
2 0.217969 0.091667 0.070312 0.091667
1 0.908594 0.552083 0.164062 0.183333
1 0.129688 0.838542 0.178125 0.210417
1 0.263281 0.776042 0.148438 0.218750
1 0.100000 0.173958 0.168750 0.222917
1 0.615625 0.227083 0.196875 0.220833
1 0.723437 0.086458 0.218750 0.168750
1 0.363281 0.107292 0.185938 0.214583
1 0.134375 0.446875 0.178125 0.197917
0 0.863281 0.793750 0.267188 0.412500
1 0.017969 0.855208 0.035937 0.264583
1 0.190625 0.026042 0.187500 0.047917
1 0.078125 0.967708 0.156250 0.064583
1 0.421094 0.968750 0.179688 0.062500
2 0.030469 0.553125 0.054688 0.077083
1 0.951563 0.139583 0.096875 0.220833
1 0.343750 0.329167 0.175000 0.216667
1 0.464063 0.823958 0.165625 0.214583
2 0.135937 0.267708 0.062500 0.081250
1 0.800781 0.339583 0.148438 0.187500
2 0.703125 0.548958 0.090625 0.131250
2 0.217969 0.091667 0.070312 0.091667
1 0.908594 0.552083 0.164062 0.183333
1 0.129688 0.838542 0.178125 0.210417
1 0.263281 0.776042 0.148438 0.218750
1 0.100000 0.173958 0.168750 0.222917
1 0.615625 0.227083 0.196875 0.220833
1 0.723437 0.086458 0.218750 0.168750
1 0.363281 0.107292 0.185938 0.214583
1 0.134375 0.446875 0.178125 0.197917
0 0.863281 0.793750 0.267188 0.412500
1 0.017969 0.855208 0.035937 0.264583
1 0.190625 0.026042 0.187500 0.047917
1 0.078125 0.967708 0.156250 0.064583
1 0.421094 0.968750 0.179688 0.062500
2 0.030469 0.553125 0.054688 0.077083
1 0.951563 0.139583 0.096875 0.220833
1 0.343750 0.329167 0.175000 0.216667
1 0.464063 0.823958 0.165625 0.214583
2 0.135937 0.267708 0.062500 0.081250
1 0.800781 0.339583 0.148438 0.187500
2 0.703125 0.548958 0.090625 0.131250
2 0.217969 0.091667 0.070312 0.091667
1 0.908594 0.552083 0.164062 0.183333
1 0.129688 0.838542 0.178125 0.210417
1 0.263281 0.776042 0.148438 0.218750
1 0.100000 0.173958 0.168750 0.222917
1 0.615625 0.227083 0.196875 0.220833
1 0.723437 0.086458 0.218750 0.168750
1 0.363281 0.107292 0.185938 0.214583
1 0.134375 0.446875 0.178125 0.197917
0 0.863281 0.793750 0.267188 0.412500
1 0.017969 0.855208 0.035937 0.264583
1 0.190625 0.026042 0.187500 0.047917
1 0.078125 0.967708 0.156250 0.064583
1 0.421094 0.968750 0.179688 0.062500
2 0.030469 0.553125 0.054688 0.077083
1 0.951563 0.139583 0.096875 0.220833
1 0.343750 0.329167 0.175000 0.216667
1 0.464063 0.823958 0.165625 0.214583
2 0.135937 0.267708 0.062500 0.081250
1 0.800781 0.339583 0.148438 0.187500
2 0.703125 0.548958 0.090625 0.131250
2 0.217969 0.091667 0.070312 0.091667
1 0.908594 0.552083 0.164062 0.183333
1 0.129688 0.838542 0.178125 0.210417
1 0.263281 0.776042 0.148438 0.218750
1 0.100000 0.173958 0.168750 0.222917
1 0.615625 0.227083 0.196875 0.220833
1 0.723437 0.086458 0.218750 0.168750
1 0.363281 0.107292 0.185938 0.214583
1 0.134375 0.446875 0.178125 0.197917
0 0.863281 0.793750 0.267188 0.412500
1 0.017969 0.855208 0.035937 0.264583
1 0.190625 0.026042 0.187500 0.047917
1 0.078125 0.967708 0.156250 0.064583
1 0.421094 0.968750 0.179688 0.062500
2 0.030469 0.553125 0.054688 0.077083
1 0.951563 0.139583 0.096875 0.220833
1 0.343750 0.329167 0.175000 0.216667
1 0.464063 0.823958 0.165625 0.214583
2 0.135937 0.267708 0.062500 0.081250
1 0.800781 0.339583 0.148438 0.187500
2 0.703125 0.548958 0.090625 0.131250
2 0.217969 0.091667 0.070312 0.091667
1 0.908594 0.552083 0.164062 0.183333
1 0.129688 0.838542 0.178125 0.210417
1 0.263281 0.776042 0.148438 0.218750
1 0.100000 0.173958 0.168750 0.222917
1 0.615625 0.227083 0.196875 0.220833
1 0.723437 0.086458 0.218750 0.168750
1 0.363281 0.107292 0.185938 0.214583
1 0.134375 0.446875 0.178125 0.197917
0 0.863281 0.793750 0.267188 0.412500
1 0.017969 0.855208 0.035937 0.264583
1 0.190625 0.026042 0.187500 0.047917
1 0.078125 0.967708 0.156250 0.064583
1 0.421094 0.968750 0.179688 0.062500
2 0.030469 0.553125 0.054688 0.077083
1 0.951563 0.139583 0.096875 0.220833
1 0.343750 0.329167 0.175000 0.216667
1 0.464063 0.823958 0.165625 0.214583
2 0.135937 0.267708 0.062500 0.081250
1 0.800781 0.339583 0.148438 0.187500
2 0.703125 0.548958 0.090625 0.131250
2 0.217969 0.091667 0.070312 0.091667
1 0.908594 0.552083 0.164062 0.183333
1 0.129688 0.838542 0.178125 0.210417
1 0.263281 0.776042 0.148438 0.218750
1 0.100000 0.173958 0.168750 0.222917
1 0.615625 0.227083 0.196875 0.220833
1 0.723437 0.086458 0.218750 0.168750
1 0.363281 0.107292 0.185938 0.214583
1 0.134375 0.446875 0.178125 0.197917
0 0.863281 0.793750 0.267188 0.412500
