1 0.231250 0.976042 0.112500 0.043750
1 0.968750 0.871875 0.056250 0.218750
1 0.599219 0.530208 0.157813 0.231250
1 0.968750 0.085417 0.062500 0.170833
1 0.329688 0.492708 0.153125 0.202083
1 0.900000 0.919792 0.162500 0.156250
2 0.773438 0.496875 0.056250 0.064583
1 0.033594 0.455208 0.067188 0.235417
1 0.555469 0.133333 0.210938 0.266667
1 0.211719 0.604167 0.167187 0.266667
1 0.660156 0.267708 0.173438 0.239583
1 0.131250 0.111458 0.175000 0.222917
1 0.749219 0.929167 0.157813 0.141667
1 0.935938 0.618750 0.128125 0.204167
1 0.075781 0.785417 0.151562 0.200000
1 0.471094 0.503125 0.170313 0.222917
1 0.844531 0.593750 0.182812 0.191667
1 0.080469 0.314583 0.160938 0.225000
1 0.860938 0.207292 0.193750 0.268750
1 0.309375 0.270833 0.171875 0.229167
1 0.925781 0.385417 0.148438 0.216667
0 0.314844 0.855208 0.198437 0.285417
1 0.231250 0.976042 0.112500 0.043750
1 0.968750 0.871875 0.056250 0.218750
1 0.599219 0.530208 0.157813 0.231250
1 0.968750 0.085417 0.062500 0.170833
1 0.329688 0.492708 0.153125 0.202083
1 0.900000 0.919792 0.162500 0.156250
2 0.773438 0.496875 0.056250 0.064583
1 0.033594 0.455208 0.067188 0.235417
1 0.555469 0.133333 0.210938 0.266667
1 0.211719 0.604167 0.167187 0.266667
1 0.660156 0.267708 0.173438 0.239583
1 0.131250 0.111458 0.175000 0.222917
1 0.749219 0.929167 0.157813 0.141667
1 0.935938 0.618750 0.128125 0.204167
1 0.075781 0.785417 0.151562 0.200000
1 0.471094 0.503125 0.170313 0.222917
1 0.844531 0.593750 0.182812 0.191667
1 0.080469 0.314583 0.160938 0.225000
1 0.860938 0.207292 0.193750 0.268750
1 0.309375 0.270833 0.171875 0.229167
1 0.925781 0.385417 0.148438 0.216667
0 0.314844 0.855208 0.198437 0.285417
1 0.231250 0.976042 0.112500 0.043750
1 0.968750 0.871875 0.056250 0.218750
1 0.599219 0.530208 0.157813 0.231250
1 0.968750 0.085417 0.062500 0.170833
1 0.329688 0.492708 0.153125 0.202083
1 0.900000 0.919792 0.162500 0.156250
2 0.773438 0.496875 0.056250 0.064583
1 0.033594 0.455208 0.067188 0.235417
1 0.555469 0.133333 0.210938 0.266667
1 0.211719 0.604167 0.167187 0.266667
1 0.660156 0.267708 0.173438 0.239583
1 0.131250 0.111458 0.175000 0.222917
1 0.749219 0.929167 0.157813 0.141667
1 0.935938 0.618750 0.128125 0.204167
1 0.075781 0.785417 0.151562 0.200000
1 0.471094 0.503125 0.170313 0.222917
1 0.844531 0.593750 0.182812 0.191667
1 0.080469 0.314583 0.160938 0.225000
1 0.860938 0.207292 0.193750 0.268750
1 0.309375 0.270833 0.171875 0.229167
1 0.925781 0.385417 0.148438 0.216667
0 0.314844 0.855208 0.198437 0.285417
1 0.231250 0.976042 0.112500 0.043750
1 0.968750 0.871875 0.056250 0.218750
1 0.599219 0.530208 0.157813 0.231250
1 0.968750 0.085417 0.062500 0.170833
1 0.329688 0.492708 0.153125 0.202083
1 0.900000 0.919792 0.162500 0.156250
2 0.773438 0.496875 0.056250 0.064583
1 0.033594 0.455208 0.067188 0.235417
1 0.555469 0.133333 0.210938 0.266667
1 0.211719 0.604167 0.167187 0.266667
1 0.660156 0.267708 0.173438 0.239583
1 0.131250 0.111458 0.175000 0.222917
1 0.749219 0.929167 0.157813 0.141667
1 0.935938 0.618750 0.128125 0.204167
1 0.075781 0.785417 0.151562 0.200000
1 0.471094 0.503125 0.170313 0.222917
1 0.844531 0.593750 0.182812 0.191667
1 0.080469 0.314583 0.160938 0.225000
1 0.860938 0.207292 0.193750 0.268750
1 0.309375 0.270833 0.171875 0.229167
1 0.925781 0.385417 0.148438 0.216667
0 0.314844 0.855208 0.198437 0.285417
1 0.231250 0.976042 0.112500 0.043750
1 0.968750 0.871875 0.056250 0.218750
1 0.599219 0.530208 0.157813 0.231250
1 0.968750 0.085417 0.062500 0.170833
1 0.329688 0.492708 0.153125 0.202083
1 0.900000 0.919792 0.162500 0.156250
2 0.773438 0.496875 0.056250 0.064583
1 0.033594 0.455208 0.067188 0.235417
1 0.555469 0.133333 0.210938 0.266667
1 0.211719 0.604167 0.167187 0.266667
1 0.660156 0.267708 0.173438 0.239583
1 0.131250 0.111458 0.175000 0.222917
1 0.749219 0.929167 0.157813 0.141667
1 0.935938 0.618750 0.128125 0.204167
1 0.075781 0.785417 0.151562 0.200000
1 0.471094 0.503125 0.170313 0.222917
1 0.844531 0.593750 0.182812 0.191667
1 0.080469 0.314583 0.160938 0.225000
1 0.860938 0.207292 0.193750 0.268750
1 0.309375 0.270833 0.171875 0.229167
1 0.925781 0.385417 0.148438 0.216667
0 0.314844 0.855208 0.198437 0.285417
1 0.231250 0.976042 0.112500 0.043750
1 0.968750 0.871875 0.056250 0.218750
1 0.599219 0.530208 0.157813 0.231250
1 0.968750 0.085417 0.062500 0.170833
1 0.329688 0.492708 0.153125 0.202083
1 0.900000 0.919792 0.162500 0.156250
2 0.773438 0.496875 0.056250 0.064583
1 0.033594 0.455208 0.067188 0.235417
1 0.555469 0.133333 0.210938 0.266667
1 0.211719 0.604167 0.167187 0.266667
1 0.660156 0.267708 0.173438 0.239583
1 0.131250 0.111458 0.175000 0.222917
1 0.749219 0.929167 0.157813 0.141667
1 0.935938 0.618750 0.128125 0.204167
1 0.075781 0.785417 0.151562 0.200000
1 0.471094 0.503125 0.170313 0.222917
1 0.844531 0.593750 0.182812 0.191667
1 0.080469 0.314583 0.160938 0.225000
1 0.860938 0.207292 0.193750 0.268750
1 0.309375 0.270833 0.171875 0.229167
1 0.925781 0.385417 0.148438 0.216667
0 0.314844 0.855208 0.198437 0.285417
1 0.231250 0.976042 0.112500 0.043750
1 0.968750 0.871875 0.056250 0.218750
1 0.599219 0.530208 0.157813 0.231250
1 0.968750 0.085417 0.062500 0.170833
1 0.329688 0.492708 0.153125 0.202083
1 0.900000 0.919792 0.162500 0.156250
2 0.773438 0.496875 0.056250 0.064583
1 0.033594 0.455208 0.067188 0.235417
1 0.555469 0.133333 0.210938 0.266667
1 0.211719 0.604167 0.167187 0.266667
1 0.660156 0.267708 0.173438 0.239583
1 0.131250 0.111458 0.175000 0.222917
1 0.749219 0.929167 0.157813 0.141667
1 0.935938 0.618750 0.128125 0.204167
1 0.075781 0.785417 0.151562 0.200000
1 0.471094 0.503125 0.170313 0.222917
1 0.844531 0.593750 0.182812 0.191667
1 0.080469 0.314583 0.160938 0.225000
1 0.860938 0.207292 0.193750 0.268750
1 0.309375 0.270833 0.171875 0.229167
1 0.925781 0.385417 0.148438 0.216667
0 0.314844 0.855208 0.198437 0.285417
1 0.231250 0.976042 0.112500 0.043750
1 0.968750 0.871875 0.056250 0.218750
1 0.599219 0.530208 0.157813 0.231250
1 0.968750 0.085417 0.062500 0.170833
1 0.329688 0.492708 0.153125 0.202083
1 0.900000 0.919792 0.162500 0.156250
2 0.773438 0.496875 0.056250 0.064583
1 0.033594 0.455208 0.067188 0.235417
1 0.555469 0.133333 0.210938 0.266667
1 0.211719 0.604167 0.167187 0.266667
1 0.660156 0.267708 0.173438 0.239583
1 0.131250 0.111458 0.175000 0.222917
1 0.749219 0.929167 0.157813 0.141667
1 0.935938 0.618750 0.128125 0.204167
1 0.075781 0.785417 0.151562 0.200000
1 0.471094 0.503125 0.170313 0.222917
1 0.844531 0.593750 0.182812 0.191667
1 0.080469 0.314583 0.160938 0.225000
1 0.860938 0.207292 0.193750 0.268750
1 0.309375 0.270833 0.171875 0.229167
1 0.925781 0.385417 0.148438 0.216667
0 0.314844 0.855208 0.198437 0.285417
1 0.231250 0.976042 0.112500 0.043750
1 0.968750 0.871875 0.056250 0.218750
1 0.599219 0.530208 0.157813 0.231250
1 0.968750 0.085417 0.062500 0.170833
1 0.329688 0.492708 0.153125 0.202083
1 0.900000 0.919792 0.162500 0.156250
2 0.773438 0.496875 0.056250 0.064583
1 0.033594 0.455208 0.067188 0.235417
1 0.555469 0.133333 0.210938 0.266667
1 0.211719 0.604167 0.167187 0.266667
1 0.660156 0.267708 0.173438 0.239583
1 0.131250 0.111458 0.175000 0.222917
1 0.749219 0.929167 0.157813 0.141667
1 0.935938 0.618750 0.128125 0.204167
1 0.075781 0.785417 0.151562 0.200000
1 0.471094 0.503125 0.170313 0.222917
1 0.844531 0.593750 0.182812 0.191667
1 0.080469 0.314583 0.160938 0.225000
1 0.860938 0.207292 0.193750 0.268750
1 0.309375 0.270833 0.171875 0.229167
1 0.925781 0.385417 0.148438 0.216667
0 0.314844 0.855208 0.198437 0.285417
1 0.231250 0.976042 0.112500 0.043750
1 0.968750 0.871875 0.056250 0.218750
1 0.599219 0.530208 0.157813 0.231250
1 0.968750 0.085417 0.062500 0.170833
1 0.329688 0.492708 0.153125 0.202083
1 0.900000 0.919792 0.162500 0.156250
2 0.773438 0.496875 0.056250 0.064583
1 0.033594 0.455208 0.067188 0.235417
1 0.555469 0.133333 0.210938 0.266667
1 0.211719 0.604167 0.167187 0.266667
1 0.660156 0.267708 0.173438 0.239583
1 0.131250 0.111458 0.175000 0.222917
1 0.749219 0.929167 0.157813 0.141667
1 0.935938 0.618750 0.128125 0.204167
1 0.075781 0.785417 0.151562 0.200000
1 0.471094 0.503125 0.170313 0.222917
1 0.844531 0.593750 0.182812 0.191667
1 0.080469 0.314583 0.160938 0.225000
1 0.860938 0.207292 0.193750 0.268750
1 0.309375 0.270833 0.171875 0.229167
1 0.925781 0.385417 0.148438 0.216667
0 0.314844 0.855208 0.198437 0.285417
1 0.231250 0.976042 0.112500 0.043750
1 0.968750 0.871875 0.056250 0.218750
1 0.599219 0.530208 0.157813 0.231250
1 0.968750 0.085417 0.062500 0.170833
1 0.329688 0.492708 0.153125 0.202083
1 0.900000 0.919792 0.162500 0.156250
2 0.773438 0.496875 0.056250 0.064583
1 0.033594 0.455208 0.067188 0.235417
1 0.555469 0.133333 0.210938 0.266667
1 0.211719 0.604167 0.167187 0.266667
1 0.660156 0.267708 0.173438 0.239583
1 0.131250 0.111458 0.175000 0.222917
1 0.749219 0.929167 0.157813 0.141667
1 0.935938 0.618750 0.128125 0.204167
1 0.075781 0.785417 0.151562 0.200000
1 0.471094 0.503125 0.170313 0.222917
1 0.844531 0.593750 0.182812 0.191667
1 0.080469 0.314583 0.160938 0.225000
1 0.860938 0.207292 0.193750 0.268750
1 0.309375 0.270833 0.171875 0.229167
1 0.925781 0.385417 0.148438 0.216667
0 0.314844 0.855208 0.198437 0.285417
1 0.231250 0.976042 0.112500 0.043750
1 0.968750 0.871875 0.056250 0.218750
1 0.599219 0.530208 0.157813 0.231250
1 0.968750 0.085417 0.062500 0.170833
1 0.329688 0.492708 0.153125 0.202083
1 0.900000 0.919792 0.162500 0.156250
2 0.773438 0.496875 0.056250 0.064583
1 0.033594 0.455208 0.067188 0.235417
1 0.555469 0.133333 0.210938 0.266667
1 0.211719 0.604167 0.167187 0.266667
1 0.660156 0.267708 0.173438 0.239583
1 0.131250 0.111458 0.175000 0.222917
1 0.749219 0.929167 0.157813 0.141667
1 0.935938 0.618750 0.128125 0.204167
1 0.075781 0.785417 0.151562 0.200000
1 0.471094 0.503125 0.170313 0.222917
1 0.844531 0.593750 0.182812 0.191667
1 0.080469 0.314583 0.160938 0.225000
1 0.860938 0.207292 0.193750 0.268750
1 0.309375 0.270833 0.171875 0.229167
1 0.925781 0.385417 0.148438 0.216667
0 0.314844 0.855208 0.198437 0.285417
1 0.231250 0.976042 0.112500 0.043750
1 0.968750 0.871875 0.056250 0.218750
1 0.599219 0.530208 0.157813 0.231250
1 0.968750 0.085417 0.062500 0.170833
1 0.329688 0.492708 0.153125 0.202083
1 0.900000 0.919792 0.162500 0.156250
2 0.773438 0.496875 0.056250 0.064583
1 0.033594 0.455208 0.067188 0.235417
1 0.555469 0.133333 0.210938 0.266667
1 0.211719 0.604167 0.167187 0.266667
1 0.660156 0.267708 0.173438 0.239583
1 0.131250 0.111458 0.175000 0.222917
1 0.749219 0.929167 0.157813 0.141667
1 0.935938 0.618750 0.128125 0.204167
1 0.075781 0.785417 0.151562 0.200000
1 0.471094 0.503125 0.170313 0.222917
1 0.844531 0.593750 0.182812 0.191667
1 0.080469 0.314583 0.160938 0.225000
1 0.860938 0.207292 0.193750 0.268750
1 0.309375 0.270833 0.171875 0.229167
1 0.925781 0.385417 0.148438 0.216667
0 0.314844 0.855208 0.198437 0.285417
1 0.231250 0.976042 0.112500 0.043750
1 0.968750 0.871875 0.056250 0.218750
1 0.599219 0.530208 0.157813 0.231250
1 0.968750 0.085417 0.062500 0.170833
1 0.329688 0.492708 0.153125 0.202083
1 0.900000 0.919792 0.162500 0.156250
2 0.773438 0.496875 0.056250 0.064583
1 0.033594 0.455208 0.067188 0.235417
1 0.555469 0.133333 0.210938 0.266667
1 0.211719 0.604167 0.167187 0.266667
1 0.660156 0.267708 0.173438 0.239583
1 0.131250 0.111458 0.175000 0.222917
1 0.749219 0.929167 0.157813 0.141667
1 0.935938 0.618750 0.128125 0.204167
1 0.075781 0.785417 0.151562 0.200000
1 0.471094 0.503125 0.170313 0.222917
1 0.844531 0.593750 0.182812 0.191667
1 0.080469 0.314583 0.160938 0.225000
1 0.860938 0.207292 0.193750 0.268750
1 0.309375 0.270833 0.171875 0.229167
1 0.925781 0.385417 0.148438 0.216667
0 0.314844 0.855208 0.198437 0.285417
1 0.231250 0.976042 0.112500 0.043750
1 0.968750 0.871875 0.056250 0.218750
1 0.599219 0.530208 0.157813 0.231250
1 0.968750 0.085417 0.062500 0.170833
1 0.329688 0.492708 0.153125 0.202083
1 0.900000 0.919792 0.162500 0.156250
2 0.773438 0.496875 0.056250 0.064583
1 0.033594 0.455208 0.067188 0.235417
1 0.555469 0.133333 0.210938 0.266667
1 0.211719 0.604167 0.167187 0.266667
1 0.660156 0.267708 0.173438 0.239583
1 0.131250 0.111458 0.175000 0.222917
1 0.749219 0.929167 0.157813 0.141667
1 0.935938 0.618750 0.128125 0.204167
1 0.075781 0.785417 0.151562 0.200000
1 0.471094 0.503125 0.170313 0.222917
1 0.844531 0.593750 0.182812 0.191667
1 0.080469 0.314583 0.160938 0.225000
1 0.860938 0.207292 0.193750 0.268750
1 0.309375 0.270833 0.171875 0.229167
1 0.925781 0.385417 0.148438 0.216667
0 0.314844 0.855208 0.198437 0.285417
1 0.231250 0.976042 0.112500 0.043750
1 0.968750 0.871875 0.056250 0.218750
1 0.599219 0.530208 0.157813 0.231250
1 0.968750 0.085417 0.062500 0.170833
1 0.329688 0.492708 0.153125 0.202083
1 0.900000 0.919792 0.162500 0.156250
2 0.773438 0.496875 0.056250 0.064583
1 0.033594 0.455208 0.067188 0.235417
1 0.555469 0.133333 0.210938 0.266667
1 0.211719 0.604167 0.167187 0.266667
1 0.660156 0.267708 0.173438 0.239583
1 0.131250 0.111458 0.175000 0.222917
1 0.749219 0.929167 0.157813 0.141667
1 0.935938 0.618750 0.128125 0.204167
1 0.075781 0.785417 0.151562 0.200000
1 0.471094 0.503125 0.170313 0.222917
1 0.844531 0.593750 0.182812 0.191667
1 0.080469 0.314583 0.160938 0.225000
1 0.860938 0.207292 0.193750 0.268750
1 0.309375 0.270833 0.171875 0.229167
1 0.925781 0.385417 0.148438 0.216667
0 0.314844 0.855208 0.198437 0.285417
1 0.231250 0.976042 0.112500 0.043750
1 0.968750 0.871875 0.056250 0.218750
1 0.599219 0.530208 0.157813 0.231250
1 0.968750 0.085417 0.062500 0.170833
1 0.329688 0.492708 0.153125 0.202083
1 0.900000 0.919792 0.162500 0.156250
2 0.773438 0.496875 0.056250 0.064583
1 0.033594 0.455208 0.067188 0.235417
1 0.555469 0.133333 0.210938 0.266667
1 0.211719 0.604167 0.167187 0.266667
1 0.660156 0.267708 0.173438 0.239583
1 0.131250 0.111458 0.175000 0.222917
1 0.749219 0.929167 0.157813 0.141667
1 0.935938 0.618750 0.128125 0.204167
1 0.075781 0.785417 0.151562 0.200000
1 0.471094 0.503125 0.170313 0.222917
1 0.844531 0.593750 0.182812 0.191667
1 0.080469 0.314583 0.160938 0.225000
1 0.860938 0.207292 0.193750 0.268750
1 0.309375 0.270833 0.171875 0.229167
1 0.925781 0.385417 0.148438 0.216667
0 0.314844 0.855208 0.198437 0.285417
1 0.231250 0.976042 0.112500 0.043750
1 0.968750 0.871875 0.056250 0.218750
1 0.599219 0.530208 0.157813 0.231250
1 0.968750 0.085417 0.062500 0.170833
1 0.329688 0.492708 0.153125 0.202083
1 0.900000 0.919792 0.162500 0.156250
2 0.773438 0.496875 0.056250 0.064583
1 0.033594 0.455208 0.067188 0.235417
1 0.555469 0.133333 0.210938 0.266667
1 0.211719 0.604167 0.167187 0.266667
1 0.660156 0.267708 0.173438 0.239583
1 0.131250 0.111458 0.175000 0.222917
1 0.749219 0.929167 0.157813 0.141667
1 0.935938 0.618750 0.128125 0.204167
1 0.075781 0.785417 0.151562 0.200000
1 0.471094 0.503125 0.170313 0.222917
1 0.844531 0.593750 0.182812 0.191667
1 0.080469 0.314583 0.160938 0.225000
1 0.860938 0.207292 0.193750 0.268750
1 0.309375 0.270833 0.171875 0.229167
1 0.925781 0.385417 0.148438 0.216667
0 0.314844 0.855208 0.198437 0.285417
1 0.231250 0.976042 0.112500 0.043750
1 0.968750 0.871875 0.056250 0.218750
1 0.599219 0.530208 0.157813 0.231250
1 0.968750 0.085417 0.062500 0.170833
1 0.329688 0.492708 0.153125 0.202083
1 0.900000 0.919792 0.162500 0.156250
2 0.773438 0.496875 0.056250 0.064583
1 0.033594 0.455208 0.067188 0.235417
1 0.555469 0.133333 0.210938 0.266667
1 0.211719 0.604167 0.167187 0.266667
1 0.660156 0.267708 0.173438 0.239583
1 0.131250 0.111458 0.175000 0.222917
1 0.749219 0.929167 0.157813 0.141667
1 0.935938 0.618750 0.128125 0.204167
1 0.075781 0.785417 0.151562 0.200000
1 0.471094 0.503125 0.170313 0.222917
1 0.844531 0.593750 0.182812 0.191667
1 0.080469 0.314583 0.160938 0.225000
1 0.860938 0.207292 0.193750 0.268750
1 0.309375 0.270833 0.171875 0.229167
1 0.925781 0.385417 0.148438 0.216667
0 0.314844 0.855208 0.198437 0.285417
1 0.231250 0.976042 0.112500 0.043750
1 0.968750 0.871875 0.056250 0.218750
1 0.599219 0.530208 0.157813 0.231250
1 0.968750 0.085417 0.062500 0.170833
1 0.329688 0.492708 0.153125 0.202083
1 0.900000 0.919792 0.162500 0.156250
2 0.773438 0.496875 0.056250 0.064583
1 0.033594 0.455208 0.067188 0.235417
1 0.555469 0.133333 0.210938 0.266667
1 0.211719 0.604167 0.167187 0.266667
1 0.660156 0.267708 0.173438 0.239583
1 0.131250 0.111458 0.175000 0.222917
1 0.749219 0.929167 0.157813 0.141667
1 0.935938 0.618750 0.128125 0.204167
1 0.075781 0.785417 0.151562 0.200000
1 0.471094 0.503125 0.170313 0.222917
1 0.844531 0.593750 0.182812 0.191667
1 0.080469 0.314583 0.160938 0.225000
1 0.860938 0.207292 0.193750 0.268750
1 0.309375 0.270833 0.171875 0.229167
1 0.925781 0.385417 0.148438 0.216667
0 0.314844 0.855208 0.198437 0.285417
1 0.231250 0.976042 0.112500 0.043750
1 0.968750 0.871875 0.056250 0.218750
1 0.599219 0.530208 0.157813 0.231250
1 0.968750 0.085417 0.062500 0.170833
1 0.329688 0.492708 0.153125 0.202083
1 0.900000 0.919792 0.162500 0.156250
2 0.773438 0.496875 0.056250 0.064583
1 0.033594 0.455208 0.067188 0.235417
1 0.555469 0.133333 0.210938 0.266667
1 0.211719 0.604167 0.167187 0.266667
1 0.660156 0.267708 0.173438 0.239583
1 0.131250 0.111458 0.175000 0.222917
1 0.749219 0.929167 0.157813 0.141667
1 0.935938 0.618750 0.128125 0.204167
1 0.075781 0.785417 0.151562 0.200000
1 0.471094 0.503125 0.170313 0.222917
1 0.844531 0.593750 0.182812 0.191667
1 0.080469 0.314583 0.160938 0.225000
1 0.860938 0.207292 0.193750 0.268750
1 0.309375 0.270833 0.171875 0.229167
1 0.925781 0.385417 0.148438 0.216667
0 0.314844 0.855208 0.198437 0.285417
1 0.231250 0.976042 0.112500 0.043750
1 0.968750 0.871875 0.056250 0.218750
1 0.599219 0.530208 0.157813 0.231250
1 0.968750 0.085417 0.062500 0.170833
1 0.329688 0.492708 0.153125 0.202083
1 0.900000 0.919792 0.162500 0.156250
2 0.773438 0.496875 0.056250 0.064583
1 0.033594 0.455208 0.067188 0.235417
1 0.555469 0.133333 0.210938 0.266667
1 0.211719 0.604167 0.167187 0.266667
1 0.660156 0.267708 0.173438 0.239583
1 0.131250 0.111458 0.175000 0.222917
1 0.749219 0.929167 0.157813 0.141667
1 0.935938 0.618750 0.128125 0.204167
1 0.075781 0.785417 0.151562 0.200000
1 0.471094 0.503125 0.170313 0.222917
1 0.844531 0.593750 0.182812 0.191667
1 0.080469 0.314583 0.160938 0.225000
1 0.860938 0.207292 0.193750 0.268750
1 0.309375 0.270833 0.171875 0.229167
1 0.925781 0.385417 0.148438 0.216667
0 0.314844 0.855208 0.198437 0.285417
