2 0.886719 0.760417 0.060938 0.091667
2 0.096094 0.982292 0.070312 0.035417
2 0.192188 0.971875 0.071875 0.056250
1 0.564844 0.838542 0.192188 0.202083
1 0.513281 0.063542 0.154688 0.127083
2 0.136719 0.457292 0.045313 0.060417
1 0.075781 0.527083 0.145313 0.166667
1 0.347656 0.089583 0.179688 0.179167
1 0.671094 0.844792 0.189063 0.218750
1 0.253906 0.418750 0.170313 0.208333
0 0.447656 0.558333 0.264062 0.350000
1 0.901563 0.375000 0.190625 0.216667
2 0.886719 0.760417 0.060938 0.091667
2 0.096094 0.982292 0.070312 0.035417
2 0.192188 0.971875 0.071875 0.056250
1 0.564844 0.838542 0.192188 0.202083
1 0.513281 0.063542 0.154688 0.127083
2 0.136719 0.457292 0.045313 0.060417
1 0.075781 0.527083 0.145313 0.166667
1 0.347656 0.089583 0.179688 0.179167
1 0.671094 0.844792 0.189063 0.218750
1 0.253906 0.418750 0.170313 0.208333
0 0.447656 0.558333 0.264062 0.350000
1 0.901563 0.375000 0.190625 0.216667
2 0.886719 0.760417 0.060938 0.091667
2 0.096094 0.982292 0.070312 0.035417
2 0.192188 0.971875 0.071875 0.056250
1 0.564844 0.838542 0.192188 0.202083
1 0.513281 0.063542 0.154688 0.127083
2 0.136719 0.457292 0.045313 0.060417
1 0.075781 0.527083 0.145313 0.166667
1 0.347656 0.089583 0.179688 0.179167
1 0.671094 0.844792 0.189063 0.218750
1 0.253906 0.418750 0.170313 0.208333
0 0.447656 0.558333 0.264062 0.350000
1 0.901563 0.375000 0.190625 0.216667
2 0.886719 0.760417 0.060938 0.091667
2 0.096094 0.982292 0.070312 0.035417
2 0.192188 0.971875 0.071875 0.056250
1 0.564844 0.838542 0.192188 0.202083
1 0.513281 0.063542 0.154688 0.127083
2 0.136719 0.457292 0.045313 0.060417
1 0.075781 0.527083 0.145313 0.166667
1 0.347656 0.089583 0.179688 0.179167
1 0.671094 0.844792 0.189063 0.218750
1 0.253906 0.418750 0.170313 0.208333
0 0.447656 0.558333 0.264062 0.350000
1 0.901563 0.375000 0.190625 0.216667
2 0.886719 0.760417 0.060938 0.091667
2 0.096094 0.982292 0.070312 0.035417
2 0.192188 0.971875 0.071875 0.056250
1 0.564844 0.838542 0.192188 0.202083
1 0.513281 0.063542 0.154688 0.127083
2 0.136719 0.457292 0.045313 0.060417
1 0.075781 0.527083 0.145313 0.166667
1 0.347656 0.089583 0.179688 0.179167
1 0.671094 0.844792 0.189063 0.218750
1 0.253906 0.418750 0.170313 0.208333
0 0.447656 0.558333 0.264062 0.350000
1 0.901563 0.375000 0.190625 0.216667
2 0.886719 0.760417 0.060938 0.091667
2 0.096094 0.982292 0.070312 0.035417
2 0.192188 0.971875 0.071875 0.056250
1 0.564844 0.838542 0.192188 0.202083
1 0.513281 0.063542 0.154688 0.127083
2 0.136719 0.457292 0.045313 0.060417
1 0.075781 0.527083 0.145313 0.166667
1 0.347656 0.089583 0.179688 0.179167
1 0.671094 0.844792 0.189063 0.218750
1 0.253906 0.418750 0.170313 0.208333
0 0.447656 0.558333 0.264062 0.350000
1 0.901563 0.375000 0.190625 0.216667
2 0.886719 0.760417 0.060938 0.091667
2 0.096094 0.982292 0.070312 0.035417
2 0.192188 0.971875 0.071875 0.056250
1 0.564844 0.838542 0.192188 0.202083
1 0.513281 0.063542 0.154688 0.127083
2 0.136719 0.457292 0.045313 0.060417
1 0.075781 0.527083 0.145313 0.166667
1 0.347656 0.089583 0.179688 0.179167
1 0.671094 0.844792 0.189063 0.218750
1 0.253906 0.418750 0.170313 0.208333
0 0.447656 0.558333 0.264062 0.350000
1 0.901563 0.375000 0.190625 0.216667
2 0.886719 0.760417 0.060938 0.091667
2 0.096094 0.982292 0.070312 0.035417
2 0.192188 0.971875 0.071875 0.056250
1 0.564844 0.838542 0.192188 0.202083
1 0.513281 0.063542 0.154688 0.127083
2 0.136719 0.457292 0.045313 0.060417
1 0.075781 0.527083 0.145313 0.166667
1 0.347656 0.089583 0.179688 0.179167
1 0.671094 0.844792 0.189063 0.218750
1 0.253906 0.418750 0.170313 0.208333
0 0.447656 0.558333 0.264062 0.350000
1 0.901563 0.375000 0.190625 0.216667
2 0.886719 0.760417 0.060938 0.091667
2 0.096094 0.982292 0.070312 0.035417
2 0.192188 0.971875 0.071875 0.056250
1 0.564844 0.838542 0.192188 0.202083
1 0.513281 0.063542 0.154688 0.127083
2 0.136719 0.457292 0.045313 0.060417
1 0.075781 0.527083 0.145313 0.166667
1 0.347656 0.089583 0.179688 0.179167
1 0.671094 0.844792 0.189063 0.218750
1 0.253906 0.418750 0.170313 0.208333
0 0.447656 0.558333 0.264062 0.350000
1 0.901563 0.375000 0.190625 0.216667
2 0.886719 0.760417 0.060938 0.091667
2 0.096094 0.982292 0.070312 0.035417
2 0.192188 0.971875 0.071875 0.056250
1 0.564844 0.838542 0.192188 0.202083
1 0.513281 0.063542 0.154688 0.127083
2 0.136719 0.457292 0.045313 0.060417
1 0.075781 0.527083 0.145313 0.166667
1 0.347656 0.089583 0.179688 0.179167
1 0.671094 0.844792 0.189063 0.218750
1 0.253906 0.418750 0.170313 0.208333
0 0.447656 0.558333 0.264062 0.350000
1 0.901563 0.375000 0.190625 0.216667
2 0.886719 0.760417 0.060938 0.091667
2 0.096094 0.982292 0.070312 0.035417
2 0.192188 0.971875 0.071875 0.056250
1 0.564844 0.838542 0.192188 0.202083
1 0.513281 0.063542 0.154688 0.127083
2 0.136719 0.457292 0.045313 0.060417
1 0.075781 0.527083 0.145313 0.166667
1 0.347656 0.089583 0.179688 0.179167
1 0.671094 0.844792 0.189063 0.218750
1 0.253906 0.418750 0.170313 0.208333
0 0.447656 0.558333 0.264062 0.350000
1 0.901563 0.375000 0.190625 0.216667
2 0.886719 0.760417 0.060938 0.091667
2 0.096094 0.982292 0.070312 0.035417
2 0.192188 0.971875 0.071875 0.056250
1 0.564844 0.838542 0.192188 0.202083
1 0.513281 0.063542 0.154688 0.127083
2 0.136719 0.457292 0.045313 0.060417
1 0.075781 0.527083 0.145313 0.166667
1 0.347656 0.089583 0.179688 0.179167
1 0.671094 0.844792 0.189063 0.218750
1 0.253906 0.418750 0.170313 0.208333
0 0.447656 0.558333 0.264062 0.350000
1 0.901563 0.375000 0.190625 0.216667
