1 0.021094 0.789583 0.039062 0.216667
1 0.150781 0.176042 0.173438 0.218750
1 0.096875 0.929167 0.165625 0.141667
1 0.965625 0.198958 0.068750 0.239583
1 0.962500 0.738542 0.075000 0.193750
1 0.881250 0.037500 0.153125 0.075000
1 0.236719 0.887500 0.179688 0.208333
1 0.066406 0.255208 0.132812 0.243750
2 0.160938 0.359375 0.062500 0.077083
1 0.585156 0.267708 0.189063 0.235417
1 0.882031 0.696875 0.135937 0.172917
1 0.696094 0.707292 0.164062 0.227083
1 0.251563 0.108333 0.162500 0.216667
1 0.804688 0.376042 0.168750 0.247917
1 0.471875 0.939583 0.121875 0.120833
1 0.114063 0.721875 0.150000 0.235417
1 0.821875 0.596875 0.181250 0.206250
1 0.422656 0.127083 0.154688 0.225000
1 0.644531 0.489583 0.157813 0.170833
0 0.316406 0.467708 0.314063 0.452083
1 0.021094 0.789583 0.039062 0.216667
1 0.150781 0.176042 0.173438 0.218750
1 0.096875 0.929167 0.165625 0.141667
1 0.965625 0.198958 0.068750 0.239583
1 0.962500 0.738542 0.075000 0.193750
1 0.881250 0.037500 0.153125 0.075000
1 0.236719 0.887500 0.179688 0.208333
1 0.066406 0.255208 0.132812 0.243750
2 0.160938 0.359375 0.062500 0.077083
1 0.585156 0.267708 0.189063 0.235417
1 0.882031 0.696875 0.135937 0.172917
1 0.696094 0.707292 0.164062 0.227083
1 0.251563 0.108333 0.162500 0.216667
1 0.804688 0.376042 0.168750 0.247917
1 0.471875 0.939583 0.121875 0.120833
1 0.114063 0.721875 0.150000 0.235417
1 0.821875 0.596875 0.181250 0.206250
1 0.422656 0.127083 0.154688 0.225000
1 0.644531 0.489583 0.157813 0.170833
0 0.316406 0.467708 0.314063 0.452083
1 0.021094 0.789583 0.039062 0.216667
1 0.150781 0.176042 0.173438 0.218750
1 0.096875 0.929167 0.165625 0.141667
1 0.965625 0.198958 0.068750 0.239583
1 0.962500 0.738542 0.075000 0.193750
1 0.881250 0.037500 0.153125 0.075000
1 0.236719 0.887500 0.179688 0.208333
1 0.066406 0.255208 0.132812 0.243750
2 0.160938 0.359375 0.062500 0.077083
1 0.585156 0.267708 0.189063 0.235417
1 0.882031 0.696875 0.135937 0.172917
1 0.696094 0.707292 0.164062 0.227083
1 0.251563 0.108333 0.162500 0.216667
1 0.804688 0.376042 0.168750 0.247917
1 0.471875 0.939583 0.121875 0.120833
1 0.114063 0.721875 0.150000 0.235417
1 0.821875 0.596875 0.181250 0.206250
1 0.422656 0.127083 0.154688 0.225000
1 0.644531 0.489583 0.157813 0.170833
0 0.316406 0.467708 0.314063 0.452083
1 0.021094 0.789583 0.039062 0.216667
1 0.150781 0.176042 0.173438 0.218750
1 0.096875 0.929167 0.165625 0.141667
1 0.965625 0.198958 0.068750 0.239583
1 0.962500 0.738542 0.075000 0.193750
1 0.881250 0.037500 0.153125 0.075000
1 0.236719 0.887500 0.179688 0.208333
1 0.066406 0.255208 0.132812 0.243750
2 0.160938 0.359375 0.062500 0.077083
1 0.585156 0.267708 0.189063 0.235417
1 0.882031 0.696875 0.135937 0.172917
1 0.696094 0.707292 0.164062 0.227083
1 0.251563 0.108333 0.162500 0.216667
1 0.804688 0.376042 0.168750 0.247917
1 0.471875 0.939583 0.121875 0.120833
1 0.114063 0.721875 0.150000 0.235417
1 0.821875 0.596875 0.181250 0.206250
1 0.422656 0.127083 0.154688 0.225000
1 0.644531 0.489583 0.157813 0.170833
0 0.316406 0.467708 0.314063 0.452083
1 0.021094 0.789583 0.039062 0.216667
1 0.150781 0.176042 0.173438 0.218750
1 0.096875 0.929167 0.165625 0.141667
1 0.965625 0.198958 0.068750 0.239583
1 0.962500 0.738542 0.075000 0.193750
1 0.881250 0.037500 0.153125 0.075000
1 0.236719 0.887500 0.179688 0.208333
1 0.066406 0.255208 0.132812 0.243750
2 0.160938 0.359375 0.062500 0.077083
1 0.585156 0.267708 0.189063 0.235417
1 0.882031 0.696875 0.135937 0.172917
1 0.696094 0.707292 0.164062 0.227083
1 0.251563 0.108333 0.162500 0.216667
1 0.804688 0.376042 0.168750 0.247917
1 0.471875 0.939583 0.121875 0.120833
1 0.114063 0.721875 0.150000 0.235417
1 0.821875 0.596875 0.181250 0.206250
1 0.422656 0.127083 0.154688 0.225000
1 0.644531 0.489583 0.157813 0.170833
0 0.316406 0.467708 0.314063 0.452083
1 0.021094 0.789583 0.039062 0.216667
1 0.150781 0.176042 0.173438 0.218750
1 0.096875 0.929167 0.165625 0.141667
1 0.965625 0.198958 0.068750 0.239583
1 0.962500 0.738542 0.075000 0.193750
1 0.881250 0.037500 0.153125 0.075000
1 0.236719 0.887500 0.179688 0.208333
1 0.066406 0.255208 0.132812 0.243750
2 0.160938 0.359375 0.062500 0.077083
1 0.585156 0.267708 0.189063 0.235417
1 0.882031 0.696875 0.135937 0.172917
1 0.696094 0.707292 0.164062 0.227083
1 0.251563 0.108333 0.162500 0.216667
1 0.804688 0.376042 0.168750 0.247917
1 0.471875 0.939583 0.121875 0.120833
1 0.114063 0.721875 0.150000 0.235417
1 0.821875 0.596875 0.181250 0.206250
1 0.422656 0.127083 0.154688 0.225000
1 0.644531 0.489583 0.157813 0.170833
0 0.316406 0.467708 0.314063 0.452083
1 0.021094 0.789583 0.039062 0.216667
1 0.150781 0.176042 0.173438 0.218750
1 0.096875 0.929167 0.165625 0.141667
1 0.965625 0.198958 0.068750 0.239583
1 0.962500 0.738542 0.075000 0.193750
1 0.881250 0.037500 0.153125 0.075000
1 0.236719 0.887500 0.179688 0.208333
1 0.066406 0.255208 0.132812 0.243750
2 0.160938 0.359375 0.062500 0.077083
1 0.585156 0.267708 0.189063 0.235417
1 0.882031 0.696875 0.135937 0.172917
1 0.696094 0.707292 0.164062 0.227083
1 0.251563 0.108333 0.162500 0.216667
1 0.804688 0.376042 0.168750 0.247917
1 0.471875 0.939583 0.121875 0.120833
1 0.114063 0.721875 0.150000 0.235417
1 0.821875 0.596875 0.181250 0.206250
1 0.422656 0.127083 0.154688 0.225000
1 0.644531 0.489583 0.157813 0.170833
0 0.316406 0.467708 0.314063 0.452083
1 0.021094 0.789583 0.039062 0.216667
1 0.150781 0.176042 0.173438 0.218750
1 0.096875 0.929167 0.165625 0.141667
1 0.965625 0.198958 0.068750 0.239583
1 0.962500 0.738542 0.075000 0.193750
1 0.881250 0.037500 0.153125 0.075000
1 0.236719 0.887500 0.179688 0.208333
1 0.066406 0.255208 0.132812 0.243750
2 0.160938 0.359375 0.062500 0.077083
1 0.585156 0.267708 0.189063 0.235417
1 0.882031 0.696875 0.135937 0.172917
1 0.696094 0.707292 0.164062 0.227083
1 0.251563 0.108333 0.162500 0.216667
1 0.804688 0.376042 0.168750 0.247917
1 0.471875 0.939583 0.121875 0.120833
1 0.114063 0.721875 0.150000 0.235417
1 0.821875 0.596875 0.181250 0.206250
1 0.422656 0.127083 0.154688 0.225000
1 0.644531 0.489583 0.157813 0.170833
0 0.316406 0.467708 0.314063 0.452083
1 0.021094 0.789583 0.039062 0.216667
1 0.150781 0.176042 0.173438 0.218750
1 0.096875 0.929167 0.165625 0.141667
1 0.965625 0.198958 0.068750 0.239583
1 0.962500 0.738542 0.075000 0.193750
1 0.881250 0.037500 0.153125 0.075000
1 0.236719 0.887500 0.179688 0.208333
1 0.066406 0.255208 0.132812 0.243750
2 0.160938 0.359375 0.062500 0.077083
1 0.585156 0.267708 0.189063 0.235417
1 0.882031 0.696875 0.135937 0.172917
1 0.696094 0.707292 0.164062 0.227083
1 0.251563 0.108333 0.162500 0.216667
1 0.804688 0.376042 0.168750 0.247917
1 0.471875 0.939583 0.121875 0.120833
1 0.114063 0.721875 0.150000 0.235417
1 0.821875 0.596875 0.181250 0.206250
1 0.422656 0.127083 0.154688 0.225000
1 0.644531 0.489583 0.157813 0.170833
0 0.316406 0.467708 0.314063 0.452083
1 0.021094 0.789583 0.039062 0.216667
1 0.150781 0.176042 0.173438 0.218750
1 0.096875 0.929167 0.165625 0.141667
1 0.965625 0.198958 0.068750 0.239583
1 0.962500 0.738542 0.075000 0.193750
1 0.881250 0.037500 0.153125 0.075000
1 0.236719 0.887500 0.179688 0.208333
1 0.066406 0.255208 0.132812 0.243750
2 0.160938 0.359375 0.062500 0.077083
1 0.585156 0.267708 0.189063 0.235417
1 0.882031 0.696875 0.135937 0.172917
1 0.696094 0.707292 0.164062 0.227083
1 0.251563 0.108333 0.162500 0.216667
1 0.804688 0.376042 0.168750 0.247917
1 0.471875 0.939583 0.121875 0.120833
1 0.114063 0.721875 0.150000 0.235417
1 0.821875 0.596875 0.181250 0.206250
1 0.422656 0.127083 0.154688 0.225000
1 0.644531 0.489583 0.157813 0.170833
0 0.316406 0.467708 0.314063 0.452083
1 0.021094 0.789583 0.039062 0.216667
1 0.150781 0.176042 0.173438 0.218750
1 0.096875 0.929167 0.165625 0.141667
1 0.965625 0.198958 0.068750 0.239583
1 0.962500 0.738542 0.075000 0.193750
1 0.881250 0.037500 0.153125 0.075000
1 0.236719 0.887500 0.179688 0.208333
1 0.066406 0.255208 0.132812 0.243750
2 0.160938 0.359375 0.062500 0.077083
1 0.585156 0.267708 0.189063 0.235417
1 0.882031 0.696875 0.135937 0.172917
1 0.696094 0.707292 0.164062 0.227083
1 0.251563 0.108333 0.162500 0.216667
1 0.804688 0.376042 0.168750 0.247917
1 0.471875 0.939583 0.121875 0.120833
1 0.114063 0.721875 0.150000 0.235417
1 0.821875 0.596875 0.181250 0.206250
1 0.422656 0.127083 0.154688 0.225000
1 0.644531 0.489583 0.157813 0.170833
0 0.316406 0.467708 0.314063 0.452083
1 0.021094 0.789583 0.039062 0.216667
1 0.150781 0.176042 0.173438 0.218750
1 0.096875 0.929167 0.165625 0.141667
1 0.965625 0.198958 0.068750 0.239583
1 0.962500 0.738542 0.075000 0.193750
1 0.881250 0.037500 0.153125 0.075000
1 0.236719 0.887500 0.179688 0.208333
1 0.066406 0.255208 0.132812 0.243750
2 0.160938 0.359375 0.062500 0.077083
1 0.585156 0.267708 0.189063 0.235417
1 0.882031 0.696875 0.135937 0.172917
1 0.696094 0.707292 0.164062 0.227083
1 0.251563 0.108333 0.162500 0.216667
1 0.804688 0.376042 0.168750 0.247917
1 0.471875 0.939583 0.121875 0.120833
1 0.114063 0.721875 0.150000 0.235417
1 0.821875 0.596875 0.181250 0.206250
1 0.422656 0.127083 0.154688 0.225000
1 0.644531 0.489583 0.157813 0.170833
0 0.316406 0.467708 0.314063 0.452083
1 0.021094 0.789583 0.039062 0.216667
1 0.150781 0.176042 0.173438 0.218750
1 0.096875 0.929167 0.165625 0.141667
1 0.965625 0.198958 0.068750 0.239583
1 0.962500 0.738542 0.075000 0.193750
1 0.881250 0.037500 0.153125 0.075000
1 0.236719 0.887500 0.179688 0.208333
1 0.066406 0.255208 0.132812 0.243750
2 0.160938 0.359375 0.062500 0.077083
1 0.585156 0.267708 0.189063 0.235417
1 0.882031 0.696875 0.135937 0.172917
1 0.696094 0.707292 0.164062 0.227083
1 0.251563 0.108333 0.162500 0.216667
1 0.804688 0.376042 0.168750 0.247917
1 0.471875 0.939583 0.121875 0.120833
1 0.114063 0.721875 0.150000 0.235417
1 0.821875 0.596875 0.181250 0.206250
1 0.422656 0.127083 0.154688 0.225000
1 0.644531 0.489583 0.157813 0.170833
0 0.316406 0.467708 0.314063 0.452083
1 0.021094 0.789583 0.039062 0.216667
1 0.150781 0.176042 0.173438 0.218750
1 0.096875 0.929167 0.165625 0.141667
1 0.965625 0.198958 0.068750 0.239583
1 0.962500 0.738542 0.075000 0.193750
1 0.881250 0.037500 0.153125 0.075000
1 0.236719 0.887500 0.179688 0.208333
1 0.066406 0.255208 0.132812 0.243750
2 0.160938 0.359375 0.062500 0.077083
1 0.585156 0.267708 0.189063 0.235417
1 0.882031 0.696875 0.135937 0.172917
1 0.696094 0.707292 0.164062 0.227083
1 0.251563 0.108333 0.162500 0.216667
1 0.804688 0.376042 0.168750 0.247917
1 0.471875 0.939583 0.121875 0.120833
1 0.114063 0.721875 0.150000 0.235417
1 0.821875 0.596875 0.181250 0.206250
1 0.422656 0.127083 0.154688 0.225000
1 0.644531 0.489583 0.157813 0.170833
0 0.316406 0.467708 0.314063 0.452083
1 0.021094 0.789583 0.039062 0.216667
1 0.150781 0.176042 0.173438 0.218750
1 0.096875 0.929167 0.165625 0.141667
1 0.965625 0.198958 0.068750 0.239583
1 0.962500 0.738542 0.075000 0.193750
1 0.881250 0.037500 0.153125 0.075000
1 0.236719 0.887500 0.179688 0.208333
1 0.066406 0.255208 0.132812 0.243750
2 0.160938 0.359375 0.062500 0.077083
1 0.585156 0.267708 0.189063 0.235417
1 0.882031 0.696875 0.135937 0.172917
1 0.696094 0.707292 0.164062 0.227083
1 0.251563 0.108333 0.162500 0.216667
1 0.804688 0.376042 0.168750 0.247917
1 0.471875 0.939583 0.121875 0.120833
1 0.114063 0.721875 0.150000 0.235417
1 0.821875 0.596875 0.181250 0.206250
1 0.422656 0.127083 0.154688 0.225000
1 0.644531 0.489583 0.157813 0.170833
0 0.316406 0.467708 0.314063 0.452083
1 0.021094 0.789583 0.039062 0.216667
1 0.150781 0.176042 0.173438 0.218750
1 0.096875 0.929167 0.165625 0.141667
1 0.965625 0.198958 0.068750 0.239583
1 0.962500 0.738542 0.075000 0.193750
1 0.881250 0.037500 0.153125 0.075000
1 0.236719 0.887500 0.179688 0.208333
1 0.066406 0.255208 0.132812 0.243750
2 0.160938 0.359375 0.062500 0.077083
1 0.585156 0.267708 0.189063 0.235417
1 0.882031 0.696875 0.135937 0.172917
1 0.696094 0.707292 0.164062 0.227083
1 0.251563 0.108333 0.162500 0.216667
1 0.804688 0.376042 0.168750 0.247917
1 0.471875 0.939583 0.121875 0.120833
1 0.114063 0.721875 0.150000 0.235417
1 0.821875 0.596875 0.181250 0.206250
1 0.422656 0.127083 0.154688 0.225000
1 0.644531 0.489583 0.157813 0.170833
0 0.316406 0.467708 0.314063 0.452083
1 0.021094 0.789583 0.039062 0.216667
1 0.150781 0.176042 0.173438 0.218750
1 0.096875 0.929167 0.165625 0.141667
1 0.965625 0.198958 0.068750 0.239583
1 0.962500 0.738542 0.075000 0.193750
1 0.881250 0.037500 0.153125 0.075000
1 0.236719 0.887500 0.179688 0.208333
1 0.066406 0.255208 0.132812 0.243750
2 0.160938 0.359375 0.062500 0.077083
1 0.585156 0.267708 0.189063 0.235417
1 0.882031 0.696875 0.135937 0.172917
1 0.696094 0.707292 0.164062 0.227083
1 0.251563 0.108333 0.162500 0.216667
1 0.804688 0.376042 0.168750 0.247917
1 0.471875 0.939583 0.121875 0.120833
1 0.114063 0.721875 0.150000 0.235417
1 0.821875 0.596875 0.181250 0.206250
1 0.422656 0.127083 0.154688 0.225000
1 0.644531 0.489583 0.157813 0.170833
0 0.316406 0.467708 0.314063 0.452083
1 0.021094 0.789583 0.039062 0.216667
1 0.150781 0.176042 0.173438 0.218750
1 0.096875 0.929167 0.165625 0.141667
1 0.965625 0.198958 0.068750 0.239583
1 0.962500 0.738542 0.075000 0.193750
1 0.881250 0.037500 0.153125 0.075000
1 0.236719 0.887500 0.179688 0.208333
1 0.066406 0.255208 0.132812 0.243750
2 0.160938 0.359375 0.062500 0.077083
1 0.585156 0.267708 0.189063 0.235417
1 0.882031 0.696875 0.135937 0.172917
1 0.696094 0.707292 0.164062 0.227083
1 0.251563 0.108333 0.162500 0.216667
1 0.804688 0.376042 0.168750 0.247917
1 0.471875 0.939583 0.121875 0.120833
1 0.114063 0.721875 0.150000 0.235417
1 0.821875 0.596875 0.181250 0.206250
1 0.422656 0.127083 0.154688 0.225000
1 0.644531 0.489583 0.157813 0.170833
0 0.316406 0.467708 0.314063 0.452083
1 0.021094 0.789583 0.039062 0.216667
1 0.150781 0.176042 0.173438 0.218750
1 0.096875 0.929167 0.165625 0.141667
1 0.965625 0.198958 0.068750 0.239583
1 0.962500 0.738542 0.075000 0.193750
1 0.881250 0.037500 0.153125 0.075000
1 0.236719 0.887500 0.179688 0.208333
1 0.066406 0.255208 0.132812 0.243750
2 0.160938 0.359375 0.062500 0.077083
1 0.585156 0.267708 0.189063 0.235417
1 0.882031 0.696875 0.135937 0.172917
1 0.696094 0.707292 0.164062 0.227083
1 0.251563 0.108333 0.162500 0.216667
1 0.804688 0.376042 0.168750 0.247917
1 0.471875 0.939583 0.121875 0.120833
1 0.114063 0.721875 0.150000 0.235417
1 0.821875 0.596875 0.181250 0.206250
1 0.422656 0.127083 0.154688 0.225000
1 0.644531 0.489583 0.157813 0.170833
0 0.316406 0.467708 0.314063 0.452083
1 0.021094 0.789583 0.039062 0.216667
1 0.150781 0.176042 0.173438 0.218750
1 0.096875 0.929167 0.165625 0.141667
1 0.965625 0.198958 0.068750 0.239583
1 0.962500 0.738542 0.075000 0.193750
1 0.881250 0.037500 0.153125 0.075000
1 0.236719 0.887500 0.179688 0.208333
1 0.066406 0.255208 0.132812 0.243750
2 0.160938 0.359375 0.062500 0.077083
1 0.585156 0.267708 0.189063 0.235417
1 0.882031 0.696875 0.135937 0.172917
1 0.696094 0.707292 0.164062 0.227083
1 0.251563 0.108333 0.162500 0.216667
1 0.804688 0.376042 0.168750 0.247917
1 0.471875 0.939583 0.121875 0.120833
1 0.114063 0.721875 0.150000 0.235417
1 0.821875 0.596875 0.181250 0.206250
1 0.422656 0.127083 0.154688 0.225000
1 0.644531 0.489583 0.157813 0.170833
0 0.316406 0.467708 0.314063 0.452083
