1 0.945312 0.501042 0.109375 0.356250
2 0.827344 0.882292 0.064062 0.085417
1 0.843750 0.645833 0.187500 0.225000
2 0.885938 0.888542 0.056250 0.072917
1 0.085156 0.777083 0.164062 0.229167
1 0.953906 0.904167 0.092188 0.191667
1 0.414844 0.744792 0.170313 0.206250
1 0.811719 0.236458 0.173438 0.231250
0 0.379688 0.300000 0.218750 0.266667
1 0.684375 0.353125 0.156250 0.181250
1 0.945312 0.501042 0.109375 0.356250
2 0.827344 0.882292 0.064062 0.085417
1 0.843750 0.645833 0.187500 0.225000
2 0.885938 0.888542 0.056250 0.072917
1 0.085156 0.777083 0.164062 0.229167
1 0.953906 0.904167 0.092188 0.191667
1 0.414844 0.744792 0.170313 0.206250
1 0.811719 0.236458 0.173438 0.231250
0 0.379688 0.300000 0.218750 0.266667
1 0.684375 0.353125 0.156250 0.181250
1 0.945312 0.501042 0.109375 0.356250
2 0.827344 0.882292 0.064062 0.085417
1 0.843750 0.645833 0.187500 0.225000
2 0.885938 0.888542 0.056250 0.072917
1 0.085156 0.777083 0.164062 0.229167
1 0.953906 0.904167 0.092188 0.191667
1 0.414844 0.744792 0.170313 0.206250
1 0.811719 0.236458 0.173438 0.231250
0 0.379688 0.300000 0.218750 0.266667
1 0.684375 0.353125 0.156250 0.181250
1 0.945312 0.501042 0.109375 0.356250
2 0.827344 0.882292 0.064062 0.085417
1 0.843750 0.645833 0.187500 0.225000
2 0.885938 0.888542 0.056250 0.072917
1 0.085156 0.777083 0.164062 0.229167
1 0.953906 0.904167 0.092188 0.191667
1 0.414844 0.744792 0.170313 0.206250
1 0.811719 0.236458 0.173438 0.231250
0 0.379688 0.300000 0.218750 0.266667
1 0.684375 0.353125 0.156250 0.181250
1 0.945312 0.501042 0.109375 0.356250
2 0.827344 0.882292 0.064062 0.085417
1 0.843750 0.645833 0.187500 0.225000
2 0.885938 0.888542 0.056250 0.072917
1 0.085156 0.777083 0.164062 0.229167
1 0.953906 0.904167 0.092188 0.191667
1 0.414844 0.744792 0.170313 0.206250
1 0.811719 0.236458 0.173438 0.231250
0 0.379688 0.300000 0.218750 0.266667
1 0.684375 0.353125 0.156250 0.181250
1 0.945312 0.501042 0.109375 0.356250
2 0.827344 0.882292 0.064062 0.085417
1 0.843750 0.645833 0.187500 0.225000
2 0.885938 0.888542 0.056250 0.072917
1 0.085156 0.777083 0.164062 0.229167
1 0.953906 0.904167 0.092188 0.191667
1 0.414844 0.744792 0.170313 0.206250
1 0.811719 0.236458 0.173438 0.231250
0 0.379688 0.300000 0.218750 0.266667
1 0.684375 0.353125 0.156250 0.181250
1 0.945312 0.501042 0.109375 0.356250
2 0.827344 0.882292 0.064062 0.085417
1 0.843750 0.645833 0.187500 0.225000
2 0.885938 0.888542 0.056250 0.072917
1 0.085156 0.777083 0.164062 0.229167
1 0.953906 0.904167 0.092188 0.191667
1 0.414844 0.744792 0.170313 0.206250
1 0.811719 0.236458 0.173438 0.231250
0 0.379688 0.300000 0.218750 0.266667
1 0.684375 0.353125 0.156250 0.181250
1 0.945312 0.501042 0.109375 0.356250
2 0.827344 0.882292 0.064062 0.085417
1 0.843750 0.645833 0.187500 0.225000
2 0.885938 0.888542 0.056250 0.072917
1 0.085156 0.777083 0.164062 0.229167
1 0.953906 0.904167 0.092188 0.191667
1 0.414844 0.744792 0.170313 0.206250
1 0.811719 0.236458 0.173438 0.231250
0 0.379688 0.300000 0.218750 0.266667
1 0.684375 0.353125 0.156250 0.181250
1 0.945312 0.501042 0.109375 0.356250
2 0.827344 0.882292 0.064062 0.085417
1 0.843750 0.645833 0.187500 0.225000
2 0.885938 0.888542 0.056250 0.072917
1 0.085156 0.777083 0.164062 0.229167
1 0.953906 0.904167 0.092188 0.191667
1 0.414844 0.744792 0.170313 0.206250
1 0.811719 0.236458 0.173438 0.231250
0 0.379688 0.300000 0.218750 0.266667
1 0.684375 0.353125 0.156250 0.181250
1 0.945312 0.501042 0.109375 0.356250
2 0.827344 0.882292 0.064062 0.085417
1 0.843750 0.645833 0.187500 0.225000
2 0.885938 0.888542 0.056250 0.072917
1 0.085156 0.777083 0.164062 0.229167
1 0.953906 0.904167 0.092188 0.191667
1 0.414844 0.744792 0.170313 0.206250
1 0.811719 0.236458 0.173438 0.231250
0 0.379688 0.300000 0.218750 0.266667
1 0.684375 0.353125 0.156250 0.181250
