1 0.608594 0.971875 0.151562 0.056250
1 0.060156 0.280208 0.120313 0.268750
1 0.041406 0.673958 0.079687 0.239583
1 0.091406 0.885417 0.160938 0.175000
1 0.142188 0.575000 0.156250 0.241667
1 0.824219 0.064583 0.151562 0.129167
1 0.055469 0.108333 0.110937 0.200000
0 0.949219 0.892708 0.101562 0.214583
1 0.066406 0.503125 0.132812 0.189583
1 0.824219 0.936458 0.160938 0.127083
1 0.717969 0.706250 0.145313 0.241667
1 0.805469 0.223958 0.154688 0.214583
1 0.542188 0.181250 0.146875 0.191667
1 0.474219 0.588542 0.160938 0.193750
1 0.364844 0.694792 0.164062 0.206250
1 0.664844 0.333333 0.220313 0.191667
1 0.659375 0.147917 0.165625 0.212500
0 0.328125 0.106250 0.253125 0.212500
1 0.607813 0.653125 0.165625 0.202083
1 0.608594 0.971875 0.151562 0.056250
1 0.060156 0.280208 0.120313 0.268750
1 0.041406 0.673958 0.079687 0.239583
1 0.091406 0.885417 0.160938 0.175000
1 0.142188 0.575000 0.156250 0.241667
1 0.824219 0.064583 0.151562 0.129167
1 0.055469 0.108333 0.110937 0.200000
0 0.949219 0.892708 0.101562 0.214583
1 0.066406 0.503125 0.132812 0.189583
1 0.824219 0.936458 0.160938 0.127083
1 0.717969 0.706250 0.145313 0.241667
1 0.805469 0.223958 0.154688 0.214583
1 0.542188 0.181250 0.146875 0.191667
1 0.474219 0.588542 0.160938 0.193750
1 0.364844 0.694792 0.164062 0.206250
1 0.664844 0.333333 0.220313 0.191667
1 0.659375 0.147917 0.165625 0.212500
0 0.328125 0.106250 0.253125 0.212500
1 0.607813 0.653125 0.165625 0.202083
1 0.608594 0.971875 0.151562 0.056250
1 0.060156 0.280208 0.120313 0.268750
1 0.041406 0.673958 0.079687 0.239583
1 0.091406 0.885417 0.160938 0.175000
1 0.142188 0.575000 0.156250 0.241667
1 0.824219 0.064583 0.151562 0.129167
1 0.055469 0.108333 0.110937 0.200000
0 0.949219 0.892708 0.101562 0.214583
1 0.066406 0.503125 0.132812 0.189583
1 0.824219 0.936458 0.160938 0.127083
1 0.717969 0.706250 0.145313 0.241667
1 0.805469 0.223958 0.154688 0.214583
1 0.542188 0.181250 0.146875 0.191667
1 0.474219 0.588542 0.160938 0.193750
1 0.364844 0.694792 0.164062 0.206250
1 0.664844 0.333333 0.220313 0.191667
1 0.659375 0.147917 0.165625 0.212500
0 0.328125 0.106250 0.253125 0.212500
1 0.607813 0.653125 0.165625 0.202083
1 0.608594 0.971875 0.151562 0.056250
1 0.060156 0.280208 0.120313 0.268750
1 0.041406 0.673958 0.079687 0.239583
1 0.091406 0.885417 0.160938 0.175000
1 0.142188 0.575000 0.156250 0.241667
1 0.824219 0.064583 0.151562 0.129167
1 0.055469 0.108333 0.110937 0.200000
0 0.949219 0.892708 0.101562 0.214583
1 0.066406 0.503125 0.132812 0.189583
1 0.824219 0.936458 0.160938 0.127083
1 0.717969 0.706250 0.145313 0.241667
1 0.805469 0.223958 0.154688 0.214583
1 0.542188 0.181250 0.146875 0.191667
1 0.474219 0.588542 0.160938 0.193750
1 0.364844 0.694792 0.164062 0.206250
1 0.664844 0.333333 0.220313 0.191667
1 0.659375 0.147917 0.165625 0.212500
0 0.328125 0.106250 0.253125 0.212500
1 0.607813 0.653125 0.165625 0.202083
1 0.608594 0.971875 0.151562 0.056250
1 0.060156 0.280208 0.120313 0.268750
1 0.041406 0.673958 0.079687 0.239583
1 0.091406 0.885417 0.160938 0.175000
1 0.142188 0.575000 0.156250 0.241667
1 0.824219 0.064583 0.151562 0.129167
1 0.055469 0.108333 0.110937 0.200000
0 0.949219 0.892708 0.101562 0.214583
1 0.066406 0.503125 0.132812 0.189583
1 0.824219 0.936458 0.160938 0.127083
1 0.717969 0.706250 0.145313 0.241667
1 0.805469 0.223958 0.154688 0.214583
1 0.542188 0.181250 0.146875 0.191667
1 0.474219 0.588542 0.160938 0.193750
1 0.364844 0.694792 0.164062 0.206250
1 0.664844 0.333333 0.220313 0.191667
1 0.659375 0.147917 0.165625 0.212500
0 0.328125 0.106250 0.253125 0.212500
1 0.607813 0.653125 0.165625 0.202083
1 0.608594 0.971875 0.151562 0.056250
1 0.060156 0.280208 0.120313 0.268750
1 0.041406 0.673958 0.079687 0.239583
1 0.091406 0.885417 0.160938 0.175000
1 0.142188 0.575000 0.156250 0.241667
1 0.824219 0.064583 0.151562 0.129167
1 0.055469 0.108333 0.110937 0.200000
0 0.949219 0.892708 0.101562 0.214583
1 0.066406 0.503125 0.132812 0.189583
1 0.824219 0.936458 0.160938 0.127083
1 0.717969 0.706250 0.145313 0.241667
1 0.805469 0.223958 0.154688 0.214583
1 0.542188 0.181250 0.146875 0.191667
1 0.474219 0.588542 0.160938 0.193750
1 0.364844 0.694792 0.164062 0.206250
1 0.664844 0.333333 0.220313 0.191667
1 0.659375 0.147917 0.165625 0.212500
0 0.328125 0.106250 0.253125 0.212500
1 0.607813 0.653125 0.165625 0.202083
1 0.608594 0.971875 0.151562 0.056250
1 0.060156 0.280208 0.120313 0.268750
1 0.041406 0.673958 0.079687 0.239583
1 0.091406 0.885417 0.160938 0.175000
1 0.142188 0.575000 0.156250 0.241667
1 0.824219 0.064583 0.151562 0.129167
1 0.055469 0.108333 0.110937 0.200000
0 0.949219 0.892708 0.101562 0.214583
1 0.066406 0.503125 0.132812 0.189583
1 0.824219 0.936458 0.160938 0.127083
1 0.717969 0.706250 0.145313 0.241667
1 0.805469 0.223958 0.154688 0.214583
1 0.542188 0.181250 0.146875 0.191667
1 0.474219 0.588542 0.160938 0.193750
1 0.364844 0.694792 0.164062 0.206250
1 0.664844 0.333333 0.220313 0.191667
1 0.659375 0.147917 0.165625 0.212500
0 0.328125 0.106250 0.253125 0.212500
1 0.607813 0.653125 0.165625 0.202083
1 0.608594 0.971875 0.151562 0.056250
1 0.060156 0.280208 0.120313 0.268750
1 0.041406 0.673958 0.079687 0.239583
1 0.091406 0.885417 0.160938 0.175000
1 0.142188 0.575000 0.156250 0.241667
1 0.824219 0.064583 0.151562 0.129167
1 0.055469 0.108333 0.110937 0.200000
0 0.949219 0.892708 0.101562 0.214583
1 0.066406 0.503125 0.132812 0.189583
1 0.824219 0.936458 0.160938 0.127083
1 0.717969 0.706250 0.145313 0.241667
1 0.805469 0.223958 0.154688 0.214583
1 0.542188 0.181250 0.146875 0.191667
1 0.474219 0.588542 0.160938 0.193750
1 0.364844 0.694792 0.164062 0.206250
1 0.664844 0.333333 0.220313 0.191667
1 0.659375 0.147917 0.165625 0.212500
0 0.328125 0.106250 0.253125 0.212500
1 0.607813 0.653125 0.165625 0.202083
1 0.608594 0.971875 0.151562 0.056250
1 0.060156 0.280208 0.120313 0.268750
1 0.041406 0.673958 0.079687 0.239583
1 0.091406 0.885417 0.160938 0.175000
1 0.142188 0.575000 0.156250 0.241667
1 0.824219 0.064583 0.151562 0.129167
1 0.055469 0.108333 0.110937 0.200000
0 0.949219 0.892708 0.101562 0.214583
1 0.066406 0.503125 0.132812 0.189583
1 0.824219 0.936458 0.160938 0.127083
1 0.717969 0.706250 0.145313 0.241667
1 0.805469 0.223958 0.154688 0.214583
1 0.542188 0.181250 0.146875 0.191667
1 0.474219 0.588542 0.160938 0.193750
1 0.364844 0.694792 0.164062 0.206250
1 0.664844 0.333333 0.220313 0.191667
1 0.659375 0.147917 0.165625 0.212500
0 0.328125 0.106250 0.253125 0.212500
1 0.607813 0.653125 0.165625 0.202083
1 0.608594 0.971875 0.151562 0.056250
1 0.060156 0.280208 0.120313 0.268750
1 0.041406 0.673958 0.079687 0.239583
1 0.091406 0.885417 0.160938 0.175000
1 0.142188 0.575000 0.156250 0.241667
1 0.824219 0.064583 0.151562 0.129167
1 0.055469 0.108333 0.110937 0.200000
0 0.949219 0.892708 0.101562 0.214583
1 0.066406 0.503125 0.132812 0.189583
1 0.824219 0.936458 0.160938 0.127083
1 0.717969 0.706250 0.145313 0.241667
1 0.805469 0.223958 0.154688 0.214583
1 0.542188 0.181250 0.146875 0.191667
1 0.474219 0.588542 0.160938 0.193750
1 0.364844 0.694792 0.164062 0.206250
1 0.664844 0.333333 0.220313 0.191667
1 0.659375 0.147917 0.165625 0.212500
0 0.328125 0.106250 0.253125 0.212500
1 0.607813 0.653125 0.165625 0.202083
1 0.608594 0.971875 0.151562 0.056250
1 0.060156 0.280208 0.120313 0.268750
1 0.041406 0.673958 0.079687 0.239583
1 0.091406 0.885417 0.160938 0.175000
1 0.142188 0.575000 0.156250 0.241667
1 0.824219 0.064583 0.151562 0.129167
1 0.055469 0.108333 0.110937 0.200000
0 0.949219 0.892708 0.101562 0.214583
1 0.066406 0.503125 0.132812 0.189583
1 0.824219 0.936458 0.160938 0.127083
1 0.717969 0.706250 0.145313 0.241667
1 0.805469 0.223958 0.154688 0.214583
1 0.542188 0.181250 0.146875 0.191667
1 0.474219 0.588542 0.160938 0.193750
1 0.364844 0.694792 0.164062 0.206250
1 0.664844 0.333333 0.220313 0.191667
1 0.659375 0.147917 0.165625 0.212500
0 0.328125 0.106250 0.253125 0.212500
1 0.607813 0.653125 0.165625 0.202083
1 0.608594 0.971875 0.151562 0.056250
1 0.060156 0.280208 0.120313 0.268750
1 0.041406 0.673958 0.079687 0.239583
1 0.091406 0.885417 0.160938 0.175000
1 0.142188 0.575000 0.156250 0.241667
1 0.824219 0.064583 0.151562 0.129167
1 0.055469 0.108333 0.110937 0.200000
0 0.949219 0.892708 0.101562 0.214583
1 0.066406 0.503125 0.132812 0.189583
1 0.824219 0.936458 0.160938 0.127083
1 0.717969 0.706250 0.145313 0.241667
1 0.805469 0.223958 0.154688 0.214583
1 0.542188 0.181250 0.146875 0.191667
1 0.474219 0.588542 0.160938 0.193750
1 0.364844 0.694792 0.164062 0.206250
1 0.664844 0.333333 0.220313 0.191667
1 0.659375 0.147917 0.165625 0.212500
0 0.328125 0.106250 0.253125 0.212500
1 0.607813 0.653125 0.165625 0.202083
1 0.608594 0.971875 0.151562 0.056250
1 0.060156 0.280208 0.120313 0.268750
1 0.041406 0.673958 0.079687 0.239583
1 0.091406 0.885417 0.160938 0.175000
1 0.142188 0.575000 0.156250 0.241667
1 0.824219 0.064583 0.151562 0.129167
1 0.055469 0.108333 0.110937 0.200000
0 0.949219 0.892708 0.101562 0.214583
1 0.066406 0.503125 0.132812 0.189583
1 0.824219 0.936458 0.160938 0.127083
1 0.717969 0.706250 0.145313 0.241667
1 0.805469 0.223958 0.154688 0.214583
1 0.542188 0.181250 0.146875 0.191667
1 0.474219 0.588542 0.160938 0.193750
1 0.364844 0.694792 0.164062 0.206250
1 0.664844 0.333333 0.220313 0.191667
1 0.659375 0.147917 0.165625 0.212500
0 0.328125 0.106250 0.253125 0.212500
1 0.607813 0.653125 0.165625 0.202083
1 0.608594 0.971875 0.151562 0.056250
1 0.060156 0.280208 0.120313 0.268750
1 0.041406 0.673958 0.079687 0.239583
1 0.091406 0.885417 0.160938 0.175000
1 0.142188 0.575000 0.156250 0.241667
1 0.824219 0.064583 0.151562 0.129167
1 0.055469 0.108333 0.110937 0.200000
0 0.949219 0.892708 0.101562 0.214583
1 0.066406 0.503125 0.132812 0.189583
1 0.824219 0.936458 0.160938 0.127083
1 0.717969 0.706250 0.145313 0.241667
1 0.805469 0.223958 0.154688 0.214583
1 0.542188 0.181250 0.146875 0.191667
1 0.474219 0.588542 0.160938 0.193750
1 0.364844 0.694792 0.164062 0.206250
1 0.664844 0.333333 0.220313 0.191667
1 0.659375 0.147917 0.165625 0.212500
0 0.328125 0.106250 0.253125 0.212500
1 0.607813 0.653125 0.165625 0.202083
1 0.608594 0.971875 0.151562 0.056250
1 0.060156 0.280208 0.120313 0.268750
1 0.041406 0.673958 0.079687 0.239583
1 0.091406 0.885417 0.160938 0.175000
1 0.142188 0.575000 0.156250 0.241667
1 0.824219 0.064583 0.151562 0.129167
1 0.055469 0.108333 0.110937 0.200000
0 0.949219 0.892708 0.101562 0.214583
1 0.066406 0.503125 0.132812 0.189583
1 0.824219 0.936458 0.160938 0.127083
1 0.717969 0.706250 0.145313 0.241667
1 0.805469 0.223958 0.154688 0.214583
1 0.542188 0.181250 0.146875 0.191667
1 0.474219 0.588542 0.160938 0.193750
1 0.364844 0.694792 0.164062 0.206250
1 0.664844 0.333333 0.220313 0.191667
1 0.659375 0.147917 0.165625 0.212500
0 0.328125 0.106250 0.253125 0.212500
1 0.607813 0.653125 0.165625 0.202083
1 0.608594 0.971875 0.151562 0.056250
1 0.060156 0.280208 0.120313 0.268750
1 0.041406 0.673958 0.079687 0.239583
1 0.091406 0.885417 0.160938 0.175000
1 0.142188 0.575000 0.156250 0.241667
1 0.824219 0.064583 0.151562 0.129167
1 0.055469 0.108333 0.110937 0.200000
0 0.949219 0.892708 0.101562 0.214583
1 0.066406 0.503125 0.132812 0.189583
1 0.824219 0.936458 0.160938 0.127083
1 0.717969 0.706250 0.145313 0.241667
1 0.805469 0.223958 0.154688 0.214583
1 0.542188 0.181250 0.146875 0.191667
1 0.474219 0.588542 0.160938 0.193750
1 0.364844 0.694792 0.164062 0.206250
1 0.664844 0.333333 0.220313 0.191667
1 0.659375 0.147917 0.165625 0.212500
0 0.328125 0.106250 0.253125 0.212500
1 0.607813 0.653125 0.165625 0.202083
1 0.608594 0.971875 0.151562 0.056250
1 0.060156 0.280208 0.120313 0.268750
1 0.041406 0.673958 0.079687 0.239583
1 0.091406 0.885417 0.160938 0.175000
1 0.142188 0.575000 0.156250 0.241667
1 0.824219 0.064583 0.151562 0.129167
1 0.055469 0.108333 0.110937 0.200000
0 0.949219 0.892708 0.101562 0.214583
1 0.066406 0.503125 0.132812 0.189583
1 0.824219 0.936458 0.160938 0.127083
1 0.717969 0.706250 0.145313 0.241667
1 0.805469 0.223958 0.154688 0.214583
1 0.542188 0.181250 0.146875 0.191667
1 0.474219 0.588542 0.160938 0.193750
1 0.364844 0.694792 0.164062 0.206250
1 0.664844 0.333333 0.220313 0.191667
1 0.659375 0.147917 0.165625 0.212500
0 0.328125 0.106250 0.253125 0.212500
1 0.607813 0.653125 0.165625 0.202083
1 0.608594 0.971875 0.151562 0.056250
1 0.060156 0.280208 0.120313 0.268750
1 0.041406 0.673958 0.079687 0.239583
1 0.091406 0.885417 0.160938 0.175000
1 0.142188 0.575000 0.156250 0.241667
1 0.824219 0.064583 0.151562 0.129167
1 0.055469 0.108333 0.110937 0.200000
0 0.949219 0.892708 0.101562 0.214583
1 0.066406 0.503125 0.132812 0.189583
1 0.824219 0.936458 0.160938 0.127083
1 0.717969 0.706250 0.145313 0.241667
1 0.805469 0.223958 0.154688 0.214583
1 0.542188 0.181250 0.146875 0.191667
1 0.474219 0.588542 0.160938 0.193750
1 0.364844 0.694792 0.164062 0.206250
1 0.664844 0.333333 0.220313 0.191667
1 0.659375 0.147917 0.165625 0.212500
0 0.328125 0.106250 0.253125 0.212500
1 0.607813 0.653125 0.165625 0.202083
1 0.608594 0.971875 0.151562 0.056250
1 0.060156 0.280208 0.120313 0.268750
1 0.041406 0.673958 0.079687 0.239583
1 0.091406 0.885417 0.160938 0.175000
1 0.142188 0.575000 0.156250 0.241667
1 0.824219 0.064583 0.151562 0.129167
1 0.055469 0.108333 0.110937 0.200000
0 0.949219 0.892708 0.101562 0.214583
1 0.066406 0.503125 0.132812 0.189583
1 0.824219 0.936458 0.160938 0.127083
1 0.717969 0.706250 0.145313 0.241667
1 0.805469 0.223958 0.154688 0.214583
1 0.542188 0.181250 0.146875 0.191667
1 0.474219 0.588542 0.160938 0.193750
1 0.364844 0.694792 0.164062 0.206250
1 0.664844 0.333333 0.220313 0.191667
1 0.659375 0.147917 0.165625 0.212500
0 0.328125 0.106250 0.253125 0.212500
1 0.607813 0.653125 0.165625 0.202083
