1 0.679688 0.161458 0.187500 0.247917
1 0.940625 0.780208 0.118750 0.231250
1 0.958594 0.084375 0.082813 0.168750
1 0.722656 0.814583 0.217188 0.245833
1 0.468750 0.543750 0.184375 0.250000
1 0.830469 0.384375 0.173438 0.231250
1 0.084375 0.425000 0.156250 0.216667
0 0.337500 0.323958 0.262500 0.252083
1 0.679688 0.161458 0.187500 0.247917
1 0.940625 0.780208 0.118750 0.231250
1 0.958594 0.084375 0.082813 0.168750
1 0.722656 0.814583 0.217188 0.245833
1 0.468750 0.543750 0.184375 0.250000
1 0.830469 0.384375 0.173438 0.231250
1 0.084375 0.425000 0.156250 0.216667
0 0.337500 0.323958 0.262500 0.252083
1 0.679688 0.161458 0.187500 0.247917
1 0.940625 0.780208 0.118750 0.231250
1 0.958594 0.084375 0.082813 0.168750
1 0.722656 0.814583 0.217188 0.245833
1 0.468750 0.543750 0.184375 0.250000
1 0.830469 0.384375 0.173438 0.231250
1 0.084375 0.425000 0.156250 0.216667
0 0.337500 0.323958 0.262500 0.252083
1 0.679688 0.161458 0.187500 0.247917
1 0.940625 0.780208 0.118750 0.231250
1 0.958594 0.084375 0.082813 0.168750
1 0.722656 0.814583 0.217188 0.245833
1 0.468750 0.543750 0.184375 0.250000
1 0.830469 0.384375 0.173438 0.231250
1 0.084375 0.425000 0.156250 0.216667
0 0.337500 0.323958 0.262500 0.252083
1 0.679688 0.161458 0.187500 0.247917
1 0.940625 0.780208 0.118750 0.231250
1 0.958594 0.084375 0.082813 0.168750
1 0.722656 0.814583 0.217188 0.245833
1 0.468750 0.543750 0.184375 0.250000
1 0.830469 0.384375 0.173438 0.231250
1 0.084375 0.425000 0.156250 0.216667
0 0.337500 0.323958 0.262500 0.252083
1 0.679688 0.161458 0.187500 0.247917
1 0.940625 0.780208 0.118750 0.231250
1 0.958594 0.084375 0.082813 0.168750
1 0.722656 0.814583 0.217188 0.245833
1 0.468750 0.543750 0.184375 0.250000
1 0.830469 0.384375 0.173438 0.231250
1 0.084375 0.425000 0.156250 0.216667
0 0.337500 0.323958 0.262500 0.252083
1 0.679688 0.161458 0.187500 0.247917
1 0.940625 0.780208 0.118750 0.231250
1 0.958594 0.084375 0.082813 0.168750
1 0.722656 0.814583 0.217188 0.245833
1 0.468750 0.543750 0.184375 0.250000
1 0.830469 0.384375 0.173438 0.231250
1 0.084375 0.425000 0.156250 0.216667
0 0.337500 0.323958 0.262500 0.252083
1 0.679688 0.161458 0.187500 0.247917
1 0.940625 0.780208 0.118750 0.231250
1 0.958594 0.084375 0.082813 0.168750
1 0.722656 0.814583 0.217188 0.245833
1 0.468750 0.543750 0.184375 0.250000
1 0.830469 0.384375 0.173438 0.231250
1 0.084375 0.425000 0.156250 0.216667
0 0.337500 0.323958 0.262500 0.252083
