1 0.578125 0.935417 0.203125 0.129167
1 0.889844 0.451042 0.185938 0.210417
1 0.876563 0.035417 0.168750 0.070833
1 0.155469 0.809375 0.176563 0.210417
2 0.016406 0.529167 0.032813 0.070833
1 0.068750 0.958333 0.137500 0.083333
1 0.030469 0.831250 0.060938 0.220833
1 0.079687 0.358333 0.159375 0.229167
1 0.856250 0.891667 0.187500 0.204167
1 0.135156 0.138542 0.201563 0.210417
1 0.262500 0.327083 0.187500 0.229167
1 0.624219 0.758333 0.167187 0.233333
1 0.724219 0.493750 0.173438 0.191667
1 0.356250 0.306250 0.162500 0.220833
1 0.400781 0.630208 0.167187 0.206250
1 0.303906 0.608333 0.132812 0.200000
1 0.919531 0.253125 0.160938 0.227083
1 0.138281 0.669792 0.164062 0.210417
1 0.382031 0.796875 0.179688 0.231250
0 0.646094 0.230208 0.439063 0.460417
1 0.578125 0.935417 0.203125 0.129167
1 0.889844 0.451042 0.185938 0.210417
1 0.876563 0.035417 0.168750 0.070833
1 0.155469 0.809375 0.176563 0.210417
2 0.016406 0.529167 0.032813 0.070833
1 0.068750 0.958333 0.137500 0.083333
1 0.030469 0.831250 0.060938 0.220833
1 0.079687 0.358333 0.159375 0.229167
1 0.856250 0.891667 0.187500 0.204167
1 0.135156 0.138542 0.201563 0.210417
1 0.262500 0.327083 0.187500 0.229167
1 0.624219 0.758333 0.167187 0.233333
1 0.724219 0.493750 0.173438 0.191667
1 0.356250 0.306250 0.162500 0.220833
1 0.400781 0.630208 0.167187 0.206250
1 0.303906 0.608333 0.132812 0.200000
1 0.919531 0.253125 0.160938 0.227083
1 0.138281 0.669792 0.164062 0.210417
1 0.382031 0.796875 0.179688 0.231250
0 0.646094 0.230208 0.439063 0.460417
1 0.578125 0.935417 0.203125 0.129167
1 0.889844 0.451042 0.185938 0.210417
1 0.876563 0.035417 0.168750 0.070833
1 0.155469 0.809375 0.176563 0.210417
2 0.016406 0.529167 0.032813 0.070833
1 0.068750 0.958333 0.137500 0.083333
1 0.030469 0.831250 0.060938 0.220833
1 0.079687 0.358333 0.159375 0.229167
1 0.856250 0.891667 0.187500 0.204167
1 0.135156 0.138542 0.201563 0.210417
1 0.262500 0.327083 0.187500 0.229167
1 0.624219 0.758333 0.167187 0.233333
1 0.724219 0.493750 0.173438 0.191667
1 0.356250 0.306250 0.162500 0.220833
1 0.400781 0.630208 0.167187 0.206250
1 0.303906 0.608333 0.132812 0.200000
1 0.919531 0.253125 0.160938 0.227083
1 0.138281 0.669792 0.164062 0.210417
1 0.382031 0.796875 0.179688 0.231250
0 0.646094 0.230208 0.439063 0.460417
1 0.578125 0.935417 0.203125 0.129167
1 0.889844 0.451042 0.185938 0.210417
1 0.876563 0.035417 0.168750 0.070833
1 0.155469 0.809375 0.176563 0.210417
2 0.016406 0.529167 0.032813 0.070833
1 0.068750 0.958333 0.137500 0.083333
1 0.030469 0.831250 0.060938 0.220833
1 0.079687 0.358333 0.159375 0.229167
1 0.856250 0.891667 0.187500 0.204167
1 0.135156 0.138542 0.201563 0.210417
1 0.262500 0.327083 0.187500 0.229167
1 0.624219 0.758333 0.167187 0.233333
1 0.724219 0.493750 0.173438 0.191667
1 0.356250 0.306250 0.162500 0.220833
1 0.400781 0.630208 0.167187 0.206250
1 0.303906 0.608333 0.132812 0.200000
1 0.919531 0.253125 0.160938 0.227083
1 0.138281 0.669792 0.164062 0.210417
1 0.382031 0.796875 0.179688 0.231250
0 0.646094 0.230208 0.439063 0.460417
1 0.578125 0.935417 0.203125 0.129167
1 0.889844 0.451042 0.185938 0.210417
1 0.876563 0.035417 0.168750 0.070833
1 0.155469 0.809375 0.176563 0.210417
2 0.016406 0.529167 0.032813 0.070833
1 0.068750 0.958333 0.137500 0.083333
1 0.030469 0.831250 0.060938 0.220833
1 0.079687 0.358333 0.159375 0.229167
1 0.856250 0.891667 0.187500 0.204167
1 0.135156 0.138542 0.201563 0.210417
1 0.262500 0.327083 0.187500 0.229167
1 0.624219 0.758333 0.167187 0.233333
1 0.724219 0.493750 0.173438 0.191667
1 0.356250 0.306250 0.162500 0.220833
1 0.400781 0.630208 0.167187 0.206250
1 0.303906 0.608333 0.132812 0.200000
1 0.919531 0.253125 0.160938 0.227083
1 0.138281 0.669792 0.164062 0.210417
1 0.382031 0.796875 0.179688 0.231250
0 0.646094 0.230208 0.439063 0.460417
1 0.578125 0.935417 0.203125 0.129167
1 0.889844 0.451042 0.185938 0.210417
1 0.876563 0.035417 0.168750 0.070833
1 0.155469 0.809375 0.176563 0.210417
2 0.016406 0.529167 0.032813 0.070833
1 0.068750 0.958333 0.137500 0.083333
1 0.030469 0.831250 0.060938 0.220833
1 0.079687 0.358333 0.159375 0.229167
1 0.856250 0.891667 0.187500 0.204167
1 0.135156 0.138542 0.201563 0.210417
1 0.262500 0.327083 0.187500 0.229167
1 0.624219 0.758333 0.167187 0.233333
1 0.724219 0.493750 0.173438 0.191667
1 0.356250 0.306250 0.162500 0.220833
1 0.400781 0.630208 0.167187 0.206250
1 0.303906 0.608333 0.132812 0.200000
1 0.919531 0.253125 0.160938 0.227083
1 0.138281 0.669792 0.164062 0.210417
1 0.382031 0.796875 0.179688 0.231250
0 0.646094 0.230208 0.439063 0.460417
1 0.578125 0.935417 0.203125 0.129167
1 0.889844 0.451042 0.185938 0.210417
1 0.876563 0.035417 0.168750 0.070833
1 0.155469 0.809375 0.176563 0.210417
2 0.016406 0.529167 0.032813 0.070833
1 0.068750 0.958333 0.137500 0.083333
1 0.030469 0.831250 0.060938 0.220833
1 0.079687 0.358333 0.159375 0.229167
1 0.856250 0.891667 0.187500 0.204167
1 0.135156 0.138542 0.201563 0.210417
1 0.262500 0.327083 0.187500 0.229167
1 0.624219 0.758333 0.167187 0.233333
1 0.724219 0.493750 0.173438 0.191667
1 0.356250 0.306250 0.162500 0.220833
1 0.400781 0.630208 0.167187 0.206250
1 0.303906 0.608333 0.132812 0.200000
1 0.919531 0.253125 0.160938 0.227083
1 0.138281 0.669792 0.164062 0.210417
1 0.382031 0.796875 0.179688 0.231250
0 0.646094 0.230208 0.439063 0.460417
1 0.578125 0.935417 0.203125 0.129167
1 0.889844 0.451042 0.185938 0.210417
1 0.876563 0.035417 0.168750 0.070833
1 0.155469 0.809375 0.176563 0.210417
2 0.016406 0.529167 0.032813 0.070833
1 0.068750 0.958333 0.137500 0.083333
1 0.030469 0.831250 0.060938 0.220833
1 0.079687 0.358333 0.159375 0.229167
1 0.856250 0.891667 0.187500 0.204167
1 0.135156 0.138542 0.201563 0.210417
1 0.262500 0.327083 0.187500 0.229167
1 0.624219 0.758333 0.167187 0.233333
1 0.724219 0.493750 0.173438 0.191667
1 0.356250 0.306250 0.162500 0.220833
1 0.400781 0.630208 0.167187 0.206250
1 0.303906 0.608333 0.132812 0.200000
1 0.919531 0.253125 0.160938 0.227083
1 0.138281 0.669792 0.164062 0.210417
1 0.382031 0.796875 0.179688 0.231250
0 0.646094 0.230208 0.439063 0.460417
1 0.578125 0.935417 0.203125 0.129167
1 0.889844 0.451042 0.185938 0.210417
1 0.876563 0.035417 0.168750 0.070833
1 0.155469 0.809375 0.176563 0.210417
2 0.016406 0.529167 0.032813 0.070833
1 0.068750 0.958333 0.137500 0.083333
1 0.030469 0.831250 0.060938 0.220833
1 0.079687 0.358333 0.159375 0.229167
1 0.856250 0.891667 0.187500 0.204167
1 0.135156 0.138542 0.201563 0.210417
1 0.262500 0.327083 0.187500 0.229167
1 0.624219 0.758333 0.167187 0.233333
1 0.724219 0.493750 0.173438 0.191667
1 0.356250 0.306250 0.162500 0.220833
1 0.400781 0.630208 0.167187 0.206250
1 0.303906 0.608333 0.132812 0.200000
1 0.919531 0.253125 0.160938 0.227083
1 0.138281 0.669792 0.164062 0.210417
1 0.382031 0.796875 0.179688 0.231250
0 0.646094 0.230208 0.439063 0.460417
1 0.578125 0.935417 0.203125 0.129167
1 0.889844 0.451042 0.185938 0.210417
1 0.876563 0.035417 0.168750 0.070833
1 0.155469 0.809375 0.176563 0.210417
2 0.016406 0.529167 0.032813 0.070833
1 0.068750 0.958333 0.137500 0.083333
1 0.030469 0.831250 0.060938 0.220833
1 0.079687 0.358333 0.159375 0.229167
1 0.856250 0.891667 0.187500 0.204167
1 0.135156 0.138542 0.201563 0.210417
1 0.262500 0.327083 0.187500 0.229167
1 0.624219 0.758333 0.167187 0.233333
1 0.724219 0.493750 0.173438 0.191667
1 0.356250 0.306250 0.162500 0.220833
1 0.400781 0.630208 0.167187 0.206250
1 0.303906 0.608333 0.132812 0.200000
1 0.919531 0.253125 0.160938 0.227083
1 0.138281 0.669792 0.164062 0.210417
1 0.382031 0.796875 0.179688 0.231250
0 0.646094 0.230208 0.439063 0.460417
1 0.578125 0.935417 0.203125 0.129167
1 0.889844 0.451042 0.185938 0.210417
1 0.876563 0.035417 0.168750 0.070833
1 0.155469 0.809375 0.176563 0.210417
2 0.016406 0.529167 0.032813 0.070833
1 0.068750 0.958333 0.137500 0.083333
1 0.030469 0.831250 0.060938 0.220833
1 0.079687 0.358333 0.159375 0.229167
1 0.856250 0.891667 0.187500 0.204167
1 0.135156 0.138542 0.201563 0.210417
1 0.262500 0.327083 0.187500 0.229167
1 0.624219 0.758333 0.167187 0.233333
1 0.724219 0.493750 0.173438 0.191667
1 0.356250 0.306250 0.162500 0.220833
1 0.400781 0.630208 0.167187 0.206250
1 0.303906 0.608333 0.132812 0.200000
1 0.919531 0.253125 0.160938 0.227083
1 0.138281 0.669792 0.164062 0.210417
1 0.382031 0.796875 0.179688 0.231250
0 0.646094 0.230208 0.439063 0.460417
1 0.578125 0.935417 0.203125 0.129167
1 0.889844 0.451042 0.185938 0.210417
1 0.876563 0.035417 0.168750 0.070833
1 0.155469 0.809375 0.176563 0.210417
2 0.016406 0.529167 0.032813 0.070833
1 0.068750 0.958333 0.137500 0.083333
1 0.030469 0.831250 0.060938 0.220833
1 0.079687 0.358333 0.159375 0.229167
1 0.856250 0.891667 0.187500 0.204167
1 0.135156 0.138542 0.201563 0.210417
1 0.262500 0.327083 0.187500 0.229167
1 0.624219 0.758333 0.167187 0.233333
1 0.724219 0.493750 0.173438 0.191667
1 0.356250 0.306250 0.162500 0.220833
1 0.400781 0.630208 0.167187 0.206250
1 0.303906 0.608333 0.132812 0.200000
1 0.919531 0.253125 0.160938 0.227083
1 0.138281 0.669792 0.164062 0.210417
1 0.382031 0.796875 0.179688 0.231250
0 0.646094 0.230208 0.439063 0.460417
1 0.578125 0.935417 0.203125 0.129167
1 0.889844 0.451042 0.185938 0.210417
1 0.876563 0.035417 0.168750 0.070833
1 0.155469 0.809375 0.176563 0.210417
2 0.016406 0.529167 0.032813 0.070833
1 0.068750 0.958333 0.137500 0.083333
1 0.030469 0.831250 0.060938 0.220833
1 0.079687 0.358333 0.159375 0.229167
1 0.856250 0.891667 0.187500 0.204167
1 0.135156 0.138542 0.201563 0.210417
1 0.262500 0.327083 0.187500 0.229167
1 0.624219 0.758333 0.167187 0.233333
1 0.724219 0.493750 0.173438 0.191667
1 0.356250 0.306250 0.162500 0.220833
1 0.400781 0.630208 0.167187 0.206250
1 0.303906 0.608333 0.132812 0.200000
1 0.919531 0.253125 0.160938 0.227083
1 0.138281 0.669792 0.164062 0.210417
1 0.382031 0.796875 0.179688 0.231250
0 0.646094 0.230208 0.439063 0.460417
1 0.578125 0.935417 0.203125 0.129167
1 0.889844 0.451042 0.185938 0.210417
1 0.876563 0.035417 0.168750 0.070833
1 0.155469 0.809375 0.176563 0.210417
2 0.016406 0.529167 0.032813 0.070833
1 0.068750 0.958333 0.137500 0.083333
1 0.030469 0.831250 0.060938 0.220833
1 0.079687 0.358333 0.159375 0.229167
1 0.856250 0.891667 0.187500 0.204167
1 0.135156 0.138542 0.201563 0.210417
1 0.262500 0.327083 0.187500 0.229167
1 0.624219 0.758333 0.167187 0.233333
1 0.724219 0.493750 0.173438 0.191667
1 0.356250 0.306250 0.162500 0.220833
1 0.400781 0.630208 0.167187 0.206250
1 0.303906 0.608333 0.132812 0.200000
1 0.919531 0.253125 0.160938 0.227083
1 0.138281 0.669792 0.164062 0.210417
1 0.382031 0.796875 0.179688 0.231250
0 0.646094 0.230208 0.439063 0.460417
1 0.578125 0.935417 0.203125 0.129167
1 0.889844 0.451042 0.185938 0.210417
1 0.876563 0.035417 0.168750 0.070833
1 0.155469 0.809375 0.176563 0.210417
2 0.016406 0.529167 0.032813 0.070833
1 0.068750 0.958333 0.137500 0.083333
1 0.030469 0.831250 0.060938 0.220833
1 0.079687 0.358333 0.159375 0.229167
1 0.856250 0.891667 0.187500 0.204167
1 0.135156 0.138542 0.201563 0.210417
1 0.262500 0.327083 0.187500 0.229167
1 0.624219 0.758333 0.167187 0.233333
1 0.724219 0.493750 0.173438 0.191667
1 0.356250 0.306250 0.162500 0.220833
1 0.400781 0.630208 0.167187 0.206250
1 0.303906 0.608333 0.132812 0.200000
1 0.919531 0.253125 0.160938 0.227083
1 0.138281 0.669792 0.164062 0.210417
1 0.382031 0.796875 0.179688 0.231250
0 0.646094 0.230208 0.439063 0.460417
1 0.578125 0.935417 0.203125 0.129167
1 0.889844 0.451042 0.185938 0.210417
1 0.876563 0.035417 0.168750 0.070833
1 0.155469 0.809375 0.176563 0.210417
2 0.016406 0.529167 0.032813 0.070833
1 0.068750 0.958333 0.137500 0.083333
1 0.030469 0.831250 0.060938 0.220833
1 0.079687 0.358333 0.159375 0.229167
1 0.856250 0.891667 0.187500 0.204167
1 0.135156 0.138542 0.201563 0.210417
1 0.262500 0.327083 0.187500 0.229167
1 0.624219 0.758333 0.167187 0.233333
1 0.724219 0.493750 0.173438 0.191667
1 0.356250 0.306250 0.162500 0.220833
1 0.400781 0.630208 0.167187 0.206250
1 0.303906 0.608333 0.132812 0.200000
1 0.919531 0.253125 0.160938 0.227083
1 0.138281 0.669792 0.164062 0.210417
1 0.382031 0.796875 0.179688 0.231250
0 0.646094 0.230208 0.439063 0.460417
1 0.578125 0.935417 0.203125 0.129167
1 0.889844 0.451042 0.185938 0.210417
1 0.876563 0.035417 0.168750 0.070833
1 0.155469 0.809375 0.176563 0.210417
2 0.016406 0.529167 0.032813 0.070833
1 0.068750 0.958333 0.137500 0.083333
1 0.030469 0.831250 0.060938 0.220833
1 0.079687 0.358333 0.159375 0.229167
1 0.856250 0.891667 0.187500 0.204167
1 0.135156 0.138542 0.201563 0.210417
1 0.262500 0.327083 0.187500 0.229167
1 0.624219 0.758333 0.167187 0.233333
1 0.724219 0.493750 0.173438 0.191667
1 0.356250 0.306250 0.162500 0.220833
1 0.400781 0.630208 0.167187 0.206250
1 0.303906 0.608333 0.132812 0.200000
1 0.919531 0.253125 0.160938 0.227083
1 0.138281 0.669792 0.164062 0.210417
1 0.382031 0.796875 0.179688 0.231250
0 0.646094 0.230208 0.439063 0.460417
1 0.578125 0.935417 0.203125 0.129167
1 0.889844 0.451042 0.185938 0.210417
1 0.876563 0.035417 0.168750 0.070833
1 0.155469 0.809375 0.176563 0.210417
2 0.016406 0.529167 0.032813 0.070833
1 0.068750 0.958333 0.137500 0.083333
1 0.030469 0.831250 0.060938 0.220833
1 0.079687 0.358333 0.159375 0.229167
1 0.856250 0.891667 0.187500 0.204167
1 0.135156 0.138542 0.201563 0.210417
1 0.262500 0.327083 0.187500 0.229167
1 0.624219 0.758333 0.167187 0.233333
1 0.724219 0.493750 0.173438 0.191667
1 0.356250 0.306250 0.162500 0.220833
1 0.400781 0.630208 0.167187 0.206250
1 0.303906 0.608333 0.132812 0.200000
1 0.919531 0.253125 0.160938 0.227083
1 0.138281 0.669792 0.164062 0.210417
1 0.382031 0.796875 0.179688 0.231250
0 0.646094 0.230208 0.439063 0.460417
1 0.578125 0.935417 0.203125 0.129167
1 0.889844 0.451042 0.185938 0.210417
1 0.876563 0.035417 0.168750 0.070833
1 0.155469 0.809375 0.176563 0.210417
2 0.016406 0.529167 0.032813 0.070833
1 0.068750 0.958333 0.137500 0.083333
1 0.030469 0.831250 0.060938 0.220833
1 0.079687 0.358333 0.159375 0.229167
1 0.856250 0.891667 0.187500 0.204167
1 0.135156 0.138542 0.201563 0.210417
1 0.262500 0.327083 0.187500 0.229167
1 0.624219 0.758333 0.167187 0.233333
1 0.724219 0.493750 0.173438 0.191667
1 0.356250 0.306250 0.162500 0.220833
1 0.400781 0.630208 0.167187 0.206250
1 0.303906 0.608333 0.132812 0.200000
1 0.919531 0.253125 0.160938 0.227083
1 0.138281 0.669792 0.164062 0.210417
1 0.382031 0.796875 0.179688 0.231250
0 0.646094 0.230208 0.439063 0.460417
1 0.578125 0.935417 0.203125 0.129167
1 0.889844 0.451042 0.185938 0.210417
1 0.876563 0.035417 0.168750 0.070833
1 0.155469 0.809375 0.176563 0.210417
2 0.016406 0.529167 0.032813 0.070833
1 0.068750 0.958333 0.137500 0.083333
1 0.030469 0.831250 0.060938 0.220833
1 0.079687 0.358333 0.159375 0.229167
1 0.856250 0.891667 0.187500 0.204167
1 0.135156 0.138542 0.201563 0.210417
1 0.262500 0.327083 0.187500 0.229167
1 0.624219 0.758333 0.167187 0.233333
1 0.724219 0.493750 0.173438 0.191667
1 0.356250 0.306250 0.162500 0.220833
1 0.400781 0.630208 0.167187 0.206250
1 0.303906 0.608333 0.132812 0.200000
1 0.919531 0.253125 0.160938 0.227083
1 0.138281 0.669792 0.164062 0.210417
1 0.382031 0.796875 0.179688 0.231250
0 0.646094 0.230208 0.439063 0.460417
