1 0.015625 0.233333 0.031250 0.175000
1 0.179688 0.029167 0.206250 0.058333
1 0.407031 0.059375 0.160938 0.114583
1 0.592969 0.962500 0.154688 0.075000
1 0.399219 0.953125 0.170313 0.093750
1 0.033594 0.534375 0.067188 0.235417
1 0.708594 0.659375 0.173438 0.222917
1 0.159375 0.179167 0.184375 0.212500
1 0.622656 0.071875 0.154688 0.143750
0 0.344531 0.527083 0.373437 0.475000
1 0.778906 0.333333 0.173438 0.191667
1 0.125000 0.388542 0.150000 0.189583
1 0.103906 0.898958 0.170313 0.193750
1 0.752344 0.897917 0.167187 0.204167
1 0.168750 0.766667 0.128125 0.262500
1 0.826563 0.442708 0.162500 0.231250
1 0.536719 0.241667 0.164062 0.229167
1 0.299219 0.843750 0.160938 0.212500
1 0.935938 0.291667 0.128125 0.212500
1 0.833594 0.127083 0.173438 0.220833
1 0.015625 0.233333 0.031250 0.175000
1 0.179688 0.029167 0.206250 0.058333
1 0.407031 0.059375 0.160938 0.114583
1 0.592969 0.962500 0.154688 0.075000
1 0.399219 0.953125 0.170313 0.093750
1 0.033594 0.534375 0.067188 0.235417
1 0.708594 0.659375 0.173438 0.222917
1 0.159375 0.179167 0.184375 0.212500
1 0.622656 0.071875 0.154688 0.143750
0 0.344531 0.527083 0.373437 0.475000
1 0.778906 0.333333 0.173438 0.191667
1 0.125000 0.388542 0.150000 0.189583
1 0.103906 0.898958 0.170313 0.193750
1 0.752344 0.897917 0.167187 0.204167
1 0.168750 0.766667 0.128125 0.262500
1 0.826563 0.442708 0.162500 0.231250
1 0.536719 0.241667 0.164062 0.229167
1 0.299219 0.843750 0.160938 0.212500
1 0.935938 0.291667 0.128125 0.212500
1 0.833594 0.127083 0.173438 0.220833
1 0.015625 0.233333 0.031250 0.175000
1 0.179688 0.029167 0.206250 0.058333
1 0.407031 0.059375 0.160938 0.114583
1 0.592969 0.962500 0.154688 0.075000
1 0.399219 0.953125 0.170313 0.093750
1 0.033594 0.534375 0.067188 0.235417
1 0.708594 0.659375 0.173438 0.222917
1 0.159375 0.179167 0.184375 0.212500
1 0.622656 0.071875 0.154688 0.143750
0 0.344531 0.527083 0.373437 0.475000
1 0.778906 0.333333 0.173438 0.191667
1 0.125000 0.388542 0.150000 0.189583
1 0.103906 0.898958 0.170313 0.193750
1 0.752344 0.897917 0.167187 0.204167
1 0.168750 0.766667 0.128125 0.262500
1 0.826563 0.442708 0.162500 0.231250
1 0.536719 0.241667 0.164062 0.229167
1 0.299219 0.843750 0.160938 0.212500
1 0.935938 0.291667 0.128125 0.212500
1 0.833594 0.127083 0.173438 0.220833
1 0.015625 0.233333 0.031250 0.175000
1 0.179688 0.029167 0.206250 0.058333
1 0.407031 0.059375 0.160938 0.114583
1 0.592969 0.962500 0.154688 0.075000
1 0.399219 0.953125 0.170313 0.093750
1 0.033594 0.534375 0.067188 0.235417
1 0.708594 0.659375 0.173438 0.222917
1 0.159375 0.179167 0.184375 0.212500
1 0.622656 0.071875 0.154688 0.143750
0 0.344531 0.527083 0.373437 0.475000
1 0.778906 0.333333 0.173438 0.191667
1 0.125000 0.388542 0.150000 0.189583
1 0.103906 0.898958 0.170313 0.193750
1 0.752344 0.897917 0.167187 0.204167
1 0.168750 0.766667 0.128125 0.262500
1 0.826563 0.442708 0.162500 0.231250
1 0.536719 0.241667 0.164062 0.229167
1 0.299219 0.843750 0.160938 0.212500
1 0.935938 0.291667 0.128125 0.212500
1 0.833594 0.127083 0.173438 0.220833
1 0.015625 0.233333 0.031250 0.175000
1 0.179688 0.029167 0.206250 0.058333
1 0.407031 0.059375 0.160938 0.114583
1 0.592969 0.962500 0.154688 0.075000
1 0.399219 0.953125 0.170313 0.093750
1 0.033594 0.534375 0.067188 0.235417
1 0.708594 0.659375 0.173438 0.222917
1 0.159375 0.179167 0.184375 0.212500
1 0.622656 0.071875 0.154688 0.143750
0 0.344531 0.527083 0.373437 0.475000
1 0.778906 0.333333 0.173438 0.191667
1 0.125000 0.388542 0.150000 0.189583
1 0.103906 0.898958 0.170313 0.193750
1 0.752344 0.897917 0.167187 0.204167
1 0.168750 0.766667 0.128125 0.262500
1 0.826563 0.442708 0.162500 0.231250
1 0.536719 0.241667 0.164062 0.229167
1 0.299219 0.843750 0.160938 0.212500
1 0.935938 0.291667 0.128125 0.212500
1 0.833594 0.127083 0.173438 0.220833
1 0.015625 0.233333 0.031250 0.175000
1 0.179688 0.029167 0.206250 0.058333
1 0.407031 0.059375 0.160938 0.114583
1 0.592969 0.962500 0.154688 0.075000
1 0.399219 0.953125 0.170313 0.093750
1 0.033594 0.534375 0.067188 0.235417
1 0.708594 0.659375 0.173438 0.222917
1 0.159375 0.179167 0.184375 0.212500
1 0.622656 0.071875 0.154688 0.143750
0 0.344531 0.527083 0.373437 0.475000
1 0.778906 0.333333 0.173438 0.191667
1 0.125000 0.388542 0.150000 0.189583
1 0.103906 0.898958 0.170313 0.193750
1 0.752344 0.897917 0.167187 0.204167
1 0.168750 0.766667 0.128125 0.262500
1 0.826563 0.442708 0.162500 0.231250
1 0.536719 0.241667 0.164062 0.229167
1 0.299219 0.843750 0.160938 0.212500
1 0.935938 0.291667 0.128125 0.212500
1 0.833594 0.127083 0.173438 0.220833
1 0.015625 0.233333 0.031250 0.175000
1 0.179688 0.029167 0.206250 0.058333
1 0.407031 0.059375 0.160938 0.114583
1 0.592969 0.962500 0.154688 0.075000
1 0.399219 0.953125 0.170313 0.093750
1 0.033594 0.534375 0.067188 0.235417
1 0.708594 0.659375 0.173438 0.222917
1 0.159375 0.179167 0.184375 0.212500
1 0.622656 0.071875 0.154688 0.143750
0 0.344531 0.527083 0.373437 0.475000
1 0.778906 0.333333 0.173438 0.191667
1 0.125000 0.388542 0.150000 0.189583
1 0.103906 0.898958 0.170313 0.193750
1 0.752344 0.897917 0.167187 0.204167
1 0.168750 0.766667 0.128125 0.262500
1 0.826563 0.442708 0.162500 0.231250
1 0.536719 0.241667 0.164062 0.229167
1 0.299219 0.843750 0.160938 0.212500
1 0.935938 0.291667 0.128125 0.212500
1 0.833594 0.127083 0.173438 0.220833
1 0.015625 0.233333 0.031250 0.175000
1 0.179688 0.029167 0.206250 0.058333
1 0.407031 0.059375 0.160938 0.114583
1 0.592969 0.962500 0.154688 0.075000
1 0.399219 0.953125 0.170313 0.093750
1 0.033594 0.534375 0.067188 0.235417
1 0.708594 0.659375 0.173438 0.222917
1 0.159375 0.179167 0.184375 0.212500
1 0.622656 0.071875 0.154688 0.143750
0 0.344531 0.527083 0.373437 0.475000
1 0.778906 0.333333 0.173438 0.191667
1 0.125000 0.388542 0.150000 0.189583
1 0.103906 0.898958 0.170313 0.193750
1 0.752344 0.897917 0.167187 0.204167
1 0.168750 0.766667 0.128125 0.262500
1 0.826563 0.442708 0.162500 0.231250
1 0.536719 0.241667 0.164062 0.229167
1 0.299219 0.843750 0.160938 0.212500
1 0.935938 0.291667 0.128125 0.212500
1 0.833594 0.127083 0.173438 0.220833
1 0.015625 0.233333 0.031250 0.175000
1 0.179688 0.029167 0.206250 0.058333
1 0.407031 0.059375 0.160938 0.114583
1 0.592969 0.962500 0.154688 0.075000
1 0.399219 0.953125 0.170313 0.093750
1 0.033594 0.534375 0.067188 0.235417
1 0.708594 0.659375 0.173438 0.222917
1 0.159375 0.179167 0.184375 0.212500
1 0.622656 0.071875 0.154688 0.143750
0 0.344531 0.527083 0.373437 0.475000
1 0.778906 0.333333 0.173438 0.191667
1 0.125000 0.388542 0.150000 0.189583
1 0.103906 0.898958 0.170313 0.193750
1 0.752344 0.897917 0.167187 0.204167
1 0.168750 0.766667 0.128125 0.262500
1 0.826563 0.442708 0.162500 0.231250
1 0.536719 0.241667 0.164062 0.229167
1 0.299219 0.843750 0.160938 0.212500
1 0.935938 0.291667 0.128125 0.212500
1 0.833594 0.127083 0.173438 0.220833
1 0.015625 0.233333 0.031250 0.175000
1 0.179688 0.029167 0.206250 0.058333
1 0.407031 0.059375 0.160938 0.114583
1 0.592969 0.962500 0.154688 0.075000
1 0.399219 0.953125 0.170313 0.093750
1 0.033594 0.534375 0.067188 0.235417
1 0.708594 0.659375 0.173438 0.222917
1 0.159375 0.179167 0.184375 0.212500
1 0.622656 0.071875 0.154688 0.143750
0 0.344531 0.527083 0.373437 0.475000
1 0.778906 0.333333 0.173438 0.191667
1 0.125000 0.388542 0.150000 0.189583
1 0.103906 0.898958 0.170313 0.193750
1 0.752344 0.897917 0.167187 0.204167
1 0.168750 0.766667 0.128125 0.262500
1 0.826563 0.442708 0.162500 0.231250
1 0.536719 0.241667 0.164062 0.229167
1 0.299219 0.843750 0.160938 0.212500
1 0.935938 0.291667 0.128125 0.212500
1 0.833594 0.127083 0.173438 0.220833
1 0.015625 0.233333 0.031250 0.175000
1 0.179688 0.029167 0.206250 0.058333
1 0.407031 0.059375 0.160938 0.114583
1 0.592969 0.962500 0.154688 0.075000
1 0.399219 0.953125 0.170313 0.093750
1 0.033594 0.534375 0.067188 0.235417
1 0.708594 0.659375 0.173438 0.222917
1 0.159375 0.179167 0.184375 0.212500
1 0.622656 0.071875 0.154688 0.143750
0 0.344531 0.527083 0.373437 0.475000
1 0.778906 0.333333 0.173438 0.191667
1 0.125000 0.388542 0.150000 0.189583
1 0.103906 0.898958 0.170313 0.193750
1 0.752344 0.897917 0.167187 0.204167
1 0.168750 0.766667 0.128125 0.262500
1 0.826563 0.442708 0.162500 0.231250
1 0.536719 0.241667 0.164062 0.229167
1 0.299219 0.843750 0.160938 0.212500
1 0.935938 0.291667 0.128125 0.212500
1 0.833594 0.127083 0.173438 0.220833
1 0.015625 0.233333 0.031250 0.175000
1 0.179688 0.029167 0.206250 0.058333
1 0.407031 0.059375 0.160938 0.114583
1 0.592969 0.962500 0.154688 0.075000
1 0.399219 0.953125 0.170313 0.093750
1 0.033594 0.534375 0.067188 0.235417
1 0.708594 0.659375 0.173438 0.222917
1 0.159375 0.179167 0.184375 0.212500
1 0.622656 0.071875 0.154688 0.143750
0 0.344531 0.527083 0.373437 0.475000
1 0.778906 0.333333 0.173438 0.191667
1 0.125000 0.388542 0.150000 0.189583
1 0.103906 0.898958 0.170313 0.193750
1 0.752344 0.897917 0.167187 0.204167
1 0.168750 0.766667 0.128125 0.262500
1 0.826563 0.442708 0.162500 0.231250
1 0.536719 0.241667 0.164062 0.229167
1 0.299219 0.843750 0.160938 0.212500
1 0.935938 0.291667 0.128125 0.212500
1 0.833594 0.127083 0.173438 0.220833
1 0.015625 0.233333 0.031250 0.175000
1 0.179688 0.029167 0.206250 0.058333
1 0.407031 0.059375 0.160938 0.114583
1 0.592969 0.962500 0.154688 0.075000
1 0.399219 0.953125 0.170313 0.093750
1 0.033594 0.534375 0.067188 0.235417
1 0.708594 0.659375 0.173438 0.222917
1 0.159375 0.179167 0.184375 0.212500
1 0.622656 0.071875 0.154688 0.143750
0 0.344531 0.527083 0.373437 0.475000
1 0.778906 0.333333 0.173438 0.191667
1 0.125000 0.388542 0.150000 0.189583
1 0.103906 0.898958 0.170313 0.193750
1 0.752344 0.897917 0.167187 0.204167
1 0.168750 0.766667 0.128125 0.262500
1 0.826563 0.442708 0.162500 0.231250
1 0.536719 0.241667 0.164062 0.229167
1 0.299219 0.843750 0.160938 0.212500
1 0.935938 0.291667 0.128125 0.212500
1 0.833594 0.127083 0.173438 0.220833
1 0.015625 0.233333 0.031250 0.175000
1 0.179688 0.029167 0.206250 0.058333
1 0.407031 0.059375 0.160938 0.114583
1 0.592969 0.962500 0.154688 0.075000
1 0.399219 0.953125 0.170313 0.093750
1 0.033594 0.534375 0.067188 0.235417
1 0.708594 0.659375 0.173438 0.222917
1 0.159375 0.179167 0.184375 0.212500
1 0.622656 0.071875 0.154688 0.143750
0 0.344531 0.527083 0.373437 0.475000
1 0.778906 0.333333 0.173438 0.191667
1 0.125000 0.388542 0.150000 0.189583
1 0.103906 0.898958 0.170313 0.193750
1 0.752344 0.897917 0.167187 0.204167
1 0.168750 0.766667 0.128125 0.262500
1 0.826563 0.442708 0.162500 0.231250
1 0.536719 0.241667 0.164062 0.229167
1 0.299219 0.843750 0.160938 0.212500
1 0.935938 0.291667 0.128125 0.212500
1 0.833594 0.127083 0.173438 0.220833
1 0.015625 0.233333 0.031250 0.175000
1 0.179688 0.029167 0.206250 0.058333
1 0.407031 0.059375 0.160938 0.114583
1 0.592969 0.962500 0.154688 0.075000
1 0.399219 0.953125 0.170313 0.093750
1 0.033594 0.534375 0.067188 0.235417
1 0.708594 0.659375 0.173438 0.222917
1 0.159375 0.179167 0.184375 0.212500
1 0.622656 0.071875 0.154688 0.143750
0 0.344531 0.527083 0.373437 0.475000
1 0.778906 0.333333 0.173438 0.191667
1 0.125000 0.388542 0.150000 0.189583
1 0.103906 0.898958 0.170313 0.193750
1 0.752344 0.897917 0.167187 0.204167
1 0.168750 0.766667 0.128125 0.262500
1 0.826563 0.442708 0.162500 0.231250
1 0.536719 0.241667 0.164062 0.229167
1 0.299219 0.843750 0.160938 0.212500
1 0.935938 0.291667 0.128125 0.212500
1 0.833594 0.127083 0.173438 0.220833
1 0.015625 0.233333 0.031250 0.175000
1 0.179688 0.029167 0.206250 0.058333
1 0.407031 0.059375 0.160938 0.114583
1 0.592969 0.962500 0.154688 0.075000
1 0.399219 0.953125 0.170313 0.093750
1 0.033594 0.534375 0.067188 0.235417
1 0.708594 0.659375 0.173438 0.222917
1 0.159375 0.179167 0.184375 0.212500
1 0.622656 0.071875 0.154688 0.143750
0 0.344531 0.527083 0.373437 0.475000
1 0.778906 0.333333 0.173438 0.191667
1 0.125000 0.388542 0.150000 0.189583
1 0.103906 0.898958 0.170313 0.193750
1 0.752344 0.897917 0.167187 0.204167
1 0.168750 0.766667 0.128125 0.262500
1 0.826563 0.442708 0.162500 0.231250
1 0.536719 0.241667 0.164062 0.229167
1 0.299219 0.843750 0.160938 0.212500
1 0.935938 0.291667 0.128125 0.212500
1 0.833594 0.127083 0.173438 0.220833
1 0.015625 0.233333 0.031250 0.175000
1 0.179688 0.029167 0.206250 0.058333
1 0.407031 0.059375 0.160938 0.114583
1 0.592969 0.962500 0.154688 0.075000
1 0.399219 0.953125 0.170313 0.093750
1 0.033594 0.534375 0.067188 0.235417
1 0.708594 0.659375 0.173438 0.222917
1 0.159375 0.179167 0.184375 0.212500
1 0.622656 0.071875 0.154688 0.143750
0 0.344531 0.527083 0.373437 0.475000
1 0.778906 0.333333 0.173438 0.191667
1 0.125000 0.388542 0.150000 0.189583
1 0.103906 0.898958 0.170313 0.193750
1 0.752344 0.897917 0.167187 0.204167
1 0.168750 0.766667 0.128125 0.262500
1 0.826563 0.442708 0.162500 0.231250
1 0.536719 0.241667 0.164062 0.229167
1 0.299219 0.843750 0.160938 0.212500
1 0.935938 0.291667 0.128125 0.212500
1 0.833594 0.127083 0.173438 0.220833
1 0.015625 0.233333 0.031250 0.175000
1 0.179688 0.029167 0.206250 0.058333
1 0.407031 0.059375 0.160938 0.114583
1 0.592969 0.962500 0.154688 0.075000
1 0.399219 0.953125 0.170313 0.093750
1 0.033594 0.534375 0.067188 0.235417
1 0.708594 0.659375 0.173438 0.222917
1 0.159375 0.179167 0.184375 0.212500
1 0.622656 0.071875 0.154688 0.143750
0 0.344531 0.527083 0.373437 0.475000
1 0.778906 0.333333 0.173438 0.191667
1 0.125000 0.388542 0.150000 0.189583
1 0.103906 0.898958 0.170313 0.193750
1 0.752344 0.897917 0.167187 0.204167
1 0.168750 0.766667 0.128125 0.262500
1 0.826563 0.442708 0.162500 0.231250
1 0.536719 0.241667 0.164062 0.229167
1 0.299219 0.843750 0.160938 0.212500
1 0.935938 0.291667 0.128125 0.212500
1 0.833594 0.127083 0.173438 0.220833
1 0.015625 0.233333 0.031250 0.175000
1 0.179688 0.029167 0.206250 0.058333
1 0.407031 0.059375 0.160938 0.114583
1 0.592969 0.962500 0.154688 0.075000
1 0.399219 0.953125 0.170313 0.093750
1 0.033594 0.534375 0.067188 0.235417
1 0.708594 0.659375 0.173438 0.222917
1 0.159375 0.179167 0.184375 0.212500
1 0.622656 0.071875 0.154688 0.143750
0 0.344531 0.527083 0.373437 0.475000
1 0.778906 0.333333 0.173438 0.191667
1 0.125000 0.388542 0.150000 0.189583
1 0.103906 0.898958 0.170313 0.193750
1 0.752344 0.897917 0.167187 0.204167
1 0.168750 0.766667 0.128125 0.262500
1 0.826563 0.442708 0.162500 0.231250
1 0.536719 0.241667 0.164062 0.229167
1 0.299219 0.843750 0.160938 0.212500
1 0.935938 0.291667 0.128125 0.212500
1 0.833594 0.127083 0.173438 0.220833
1 0.015625 0.233333 0.031250 0.175000
1 0.179688 0.029167 0.206250 0.058333
1 0.407031 0.059375 0.160938 0.114583
1 0.592969 0.962500 0.154688 0.075000
1 0.399219 0.953125 0.170313 0.093750
1 0.033594 0.534375 0.067188 0.235417
1 0.708594 0.659375 0.173438 0.222917
1 0.159375 0.179167 0.184375 0.212500
1 0.622656 0.071875 0.154688 0.143750
0 0.344531 0.527083 0.373437 0.475000
1 0.778906 0.333333 0.173438 0.191667
1 0.125000 0.388542 0.150000 0.189583
1 0.103906 0.898958 0.170313 0.193750
1 0.752344 0.897917 0.167187 0.204167
1 0.168750 0.766667 0.128125 0.262500
1 0.826563 0.442708 0.162500 0.231250
1 0.536719 0.241667 0.164062 0.229167
1 0.299219 0.843750 0.160938 0.212500
1 0.935938 0.291667 0.128125 0.212500
1 0.833594 0.127083 0.173438 0.220833
