1 0.647656 0.087500 0.154688 0.175000
2 0.785156 0.637500 0.060938 0.083333
1 0.950000 0.652083 0.100000 0.237500
1 0.253125 0.553125 0.196875 0.243750
1 0.086719 0.838542 0.173438 0.293750
1 0.485938 0.334375 0.165625 0.222917
1 0.821094 0.539583 0.170313 0.225000
1 0.543750 0.885417 0.162500 0.212500
1 0.769531 0.162500 0.179688 0.216667
1 0.646875 0.765625 0.171875 0.218750
0 0.121094 0.105208 0.229687 0.210417
1 0.647656 0.087500 0.154688 0.175000
2 0.785156 0.637500 0.060938 0.083333
1 0.950000 0.652083 0.100000 0.237500
1 0.253125 0.553125 0.196875 0.243750
1 0.086719 0.838542 0.173438 0.293750
1 0.485938 0.334375 0.165625 0.222917
1 0.821094 0.539583 0.170313 0.225000
1 0.543750 0.885417 0.162500 0.212500
1 0.769531 0.162500 0.179688 0.216667
1 0.646875 0.765625 0.171875 0.218750
0 0.121094 0.105208 0.229687 0.210417
1 0.647656 0.087500 0.154688 0.175000
2 0.785156 0.637500 0.060938 0.083333
1 0.950000 0.652083 0.100000 0.237500
1 0.253125 0.553125 0.196875 0.243750
1 0.086719 0.838542 0.173438 0.293750
1 0.485938 0.334375 0.165625 0.222917
1 0.821094 0.539583 0.170313 0.225000
1 0.543750 0.885417 0.162500 0.212500
1 0.769531 0.162500 0.179688 0.216667
1 0.646875 0.765625 0.171875 0.218750
0 0.121094 0.105208 0.229687 0.210417
1 0.647656 0.087500 0.154688 0.175000
2 0.785156 0.637500 0.060938 0.083333
1 0.950000 0.652083 0.100000 0.237500
1 0.253125 0.553125 0.196875 0.243750
1 0.086719 0.838542 0.173438 0.293750
1 0.485938 0.334375 0.165625 0.222917
1 0.821094 0.539583 0.170313 0.225000
1 0.543750 0.885417 0.162500 0.212500
1 0.769531 0.162500 0.179688 0.216667
1 0.646875 0.765625 0.171875 0.218750
0 0.121094 0.105208 0.229687 0.210417
1 0.647656 0.087500 0.154688 0.175000
2 0.785156 0.637500 0.060938 0.083333
1 0.950000 0.652083 0.100000 0.237500
1 0.253125 0.553125 0.196875 0.243750
1 0.086719 0.838542 0.173438 0.293750
1 0.485938 0.334375 0.165625 0.222917
1 0.821094 0.539583 0.170313 0.225000
1 0.543750 0.885417 0.162500 0.212500
1 0.769531 0.162500 0.179688 0.216667
1 0.646875 0.765625 0.171875 0.218750
0 0.121094 0.105208 0.229687 0.210417
1 0.647656 0.087500 0.154688 0.175000
2 0.785156 0.637500 0.060938 0.083333
1 0.950000 0.652083 0.100000 0.237500
1 0.253125 0.553125 0.196875 0.243750
1 0.086719 0.838542 0.173438 0.293750
1 0.485938 0.334375 0.165625 0.222917
1 0.821094 0.539583 0.170313 0.225000
1 0.543750 0.885417 0.162500 0.212500
1 0.769531 0.162500 0.179688 0.216667
1 0.646875 0.765625 0.171875 0.218750
0 0.121094 0.105208 0.229687 0.210417
1 0.647656 0.087500 0.154688 0.175000
2 0.785156 0.637500 0.060938 0.083333
1 0.950000 0.652083 0.100000 0.237500
1 0.253125 0.553125 0.196875 0.243750
1 0.086719 0.838542 0.173438 0.293750
1 0.485938 0.334375 0.165625 0.222917
1 0.821094 0.539583 0.170313 0.225000
1 0.543750 0.885417 0.162500 0.212500
1 0.769531 0.162500 0.179688 0.216667
1 0.646875 0.765625 0.171875 0.218750
0 0.121094 0.105208 0.229687 0.210417
1 0.647656 0.087500 0.154688 0.175000
2 0.785156 0.637500 0.060938 0.083333
1 0.950000 0.652083 0.100000 0.237500
1 0.253125 0.553125 0.196875 0.243750
1 0.086719 0.838542 0.173438 0.293750
1 0.485938 0.334375 0.165625 0.222917
1 0.821094 0.539583 0.170313 0.225000
1 0.543750 0.885417 0.162500 0.212500
1 0.769531 0.162500 0.179688 0.216667
1 0.646875 0.765625 0.171875 0.218750
0 0.121094 0.105208 0.229687 0.210417
1 0.647656 0.087500 0.154688 0.175000
2 0.785156 0.637500 0.060938 0.083333
1 0.950000 0.652083 0.100000 0.237500
1 0.253125 0.553125 0.196875 0.243750
1 0.086719 0.838542 0.173438 0.293750
1 0.485938 0.334375 0.165625 0.222917
1 0.821094 0.539583 0.170313 0.225000
1 0.543750 0.885417 0.162500 0.212500
1 0.769531 0.162500 0.179688 0.216667
1 0.646875 0.765625 0.171875 0.218750
0 0.121094 0.105208 0.229687 0.210417
1 0.647656 0.087500 0.154688 0.175000
2 0.785156 0.637500 0.060938 0.083333
1 0.950000 0.652083 0.100000 0.237500
1 0.253125 0.553125 0.196875 0.243750
1 0.086719 0.838542 0.173438 0.293750
1 0.485938 0.334375 0.165625 0.222917
1 0.821094 0.539583 0.170313 0.225000
1 0.543750 0.885417 0.162500 0.212500
1 0.769531 0.162500 0.179688 0.216667
1 0.646875 0.765625 0.171875 0.218750
0 0.121094 0.105208 0.229687 0.210417
1 0.647656 0.087500 0.154688 0.175000
2 0.785156 0.637500 0.060938 0.083333
1 0.950000 0.652083 0.100000 0.237500
1 0.253125 0.553125 0.196875 0.243750
1 0.086719 0.838542 0.173438 0.293750
1 0.485938 0.334375 0.165625 0.222917
1 0.821094 0.539583 0.170313 0.225000
1 0.543750 0.885417 0.162500 0.212500
1 0.769531 0.162500 0.179688 0.216667
1 0.646875 0.765625 0.171875 0.218750
0 0.121094 0.105208 0.229687 0.210417
