2 0.551562 0.405208 0.059375 0.068750
1 0.071094 0.776042 0.142188 0.243750
2 0.887500 0.964583 0.071875 0.070833
1 0.240625 0.081250 0.162500 0.162500
1 0.626563 0.848958 0.187500 0.235417
1 0.948438 0.495833 0.103125 0.254167
1 0.412500 0.908333 0.193750 0.183333
1 0.458594 0.782292 0.157813 0.210417
1 0.585938 0.188542 0.150000 0.185417
1 0.583594 0.573958 0.167187 0.252083
0 0.300000 0.416667 0.287500 0.345833
1 0.714063 0.203125 0.146875 0.210417
1 0.813281 0.355208 0.176563 0.239583
1 0.773438 0.676042 0.171875 0.206250
2 0.551562 0.405208 0.059375 0.068750
1 0.071094 0.776042 0.142188 0.243750
2 0.887500 0.964583 0.071875 0.070833
1 0.240625 0.081250 0.162500 0.162500
1 0.626563 0.848958 0.187500 0.235417
1 0.948438 0.495833 0.103125 0.254167
1 0.412500 0.908333 0.193750 0.183333
1 0.458594 0.782292 0.157813 0.210417
1 0.585938 0.188542 0.150000 0.185417
1 0.583594 0.573958 0.167187 0.252083
0 0.300000 0.416667 0.287500 0.345833
1 0.714063 0.203125 0.146875 0.210417
1 0.813281 0.355208 0.176563 0.239583
1 0.773438 0.676042 0.171875 0.206250
2 0.551562 0.405208 0.059375 0.068750
1 0.071094 0.776042 0.142188 0.243750
2 0.887500 0.964583 0.071875 0.070833
1 0.240625 0.081250 0.162500 0.162500
1 0.626563 0.848958 0.187500 0.235417
1 0.948438 0.495833 0.103125 0.254167
1 0.412500 0.908333 0.193750 0.183333
1 0.458594 0.782292 0.157813 0.210417
1 0.585938 0.188542 0.150000 0.185417
1 0.583594 0.573958 0.167187 0.252083
0 0.300000 0.416667 0.287500 0.345833
1 0.714063 0.203125 0.146875 0.210417
1 0.813281 0.355208 0.176563 0.239583
1 0.773438 0.676042 0.171875 0.206250
2 0.551562 0.405208 0.059375 0.068750
1 0.071094 0.776042 0.142188 0.243750
2 0.887500 0.964583 0.071875 0.070833
1 0.240625 0.081250 0.162500 0.162500
1 0.626563 0.848958 0.187500 0.235417
1 0.948438 0.495833 0.103125 0.254167
1 0.412500 0.908333 0.193750 0.183333
1 0.458594 0.782292 0.157813 0.210417
1 0.585938 0.188542 0.150000 0.185417
1 0.583594 0.573958 0.167187 0.252083
0 0.300000 0.416667 0.287500 0.345833
1 0.714063 0.203125 0.146875 0.210417
1 0.813281 0.355208 0.176563 0.239583
1 0.773438 0.676042 0.171875 0.206250
2 0.551562 0.405208 0.059375 0.068750
1 0.071094 0.776042 0.142188 0.243750
2 0.887500 0.964583 0.071875 0.070833
1 0.240625 0.081250 0.162500 0.162500
1 0.626563 0.848958 0.187500 0.235417
1 0.948438 0.495833 0.103125 0.254167
1 0.412500 0.908333 0.193750 0.183333
1 0.458594 0.782292 0.157813 0.210417
1 0.585938 0.188542 0.150000 0.185417
1 0.583594 0.573958 0.167187 0.252083
0 0.300000 0.416667 0.287500 0.345833
1 0.714063 0.203125 0.146875 0.210417
1 0.813281 0.355208 0.176563 0.239583
1 0.773438 0.676042 0.171875 0.206250
2 0.551562 0.405208 0.059375 0.068750
1 0.071094 0.776042 0.142188 0.243750
2 0.887500 0.964583 0.071875 0.070833
1 0.240625 0.081250 0.162500 0.162500
1 0.626563 0.848958 0.187500 0.235417
1 0.948438 0.495833 0.103125 0.254167
1 0.412500 0.908333 0.193750 0.183333
1 0.458594 0.782292 0.157813 0.210417
1 0.585938 0.188542 0.150000 0.185417
1 0.583594 0.573958 0.167187 0.252083
0 0.300000 0.416667 0.287500 0.345833
1 0.714063 0.203125 0.146875 0.210417
1 0.813281 0.355208 0.176563 0.239583
1 0.773438 0.676042 0.171875 0.206250
2 0.551562 0.405208 0.059375 0.068750
1 0.071094 0.776042 0.142188 0.243750
2 0.887500 0.964583 0.071875 0.070833
1 0.240625 0.081250 0.162500 0.162500
1 0.626563 0.848958 0.187500 0.235417
1 0.948438 0.495833 0.103125 0.254167
1 0.412500 0.908333 0.193750 0.183333
1 0.458594 0.782292 0.157813 0.210417
1 0.585938 0.188542 0.150000 0.185417
1 0.583594 0.573958 0.167187 0.252083
0 0.300000 0.416667 0.287500 0.345833
1 0.714063 0.203125 0.146875 0.210417
1 0.813281 0.355208 0.176563 0.239583
1 0.773438 0.676042 0.171875 0.206250
2 0.551562 0.405208 0.059375 0.068750
1 0.071094 0.776042 0.142188 0.243750
2 0.887500 0.964583 0.071875 0.070833
1 0.240625 0.081250 0.162500 0.162500
1 0.626563 0.848958 0.187500 0.235417
1 0.948438 0.495833 0.103125 0.254167
1 0.412500 0.908333 0.193750 0.183333
1 0.458594 0.782292 0.157813 0.210417
1 0.585938 0.188542 0.150000 0.185417
1 0.583594 0.573958 0.167187 0.252083
0 0.300000 0.416667 0.287500 0.345833
1 0.714063 0.203125 0.146875 0.210417
1 0.813281 0.355208 0.176563 0.239583
1 0.773438 0.676042 0.171875 0.206250
2 0.551562 0.405208 0.059375 0.068750
1 0.071094 0.776042 0.142188 0.243750
2 0.887500 0.964583 0.071875 0.070833
1 0.240625 0.081250 0.162500 0.162500
1 0.626563 0.848958 0.187500 0.235417
1 0.948438 0.495833 0.103125 0.254167
1 0.412500 0.908333 0.193750 0.183333
1 0.458594 0.782292 0.157813 0.210417
1 0.585938 0.188542 0.150000 0.185417
1 0.583594 0.573958 0.167187 0.252083
0 0.300000 0.416667 0.287500 0.345833
1 0.714063 0.203125 0.146875 0.210417
1 0.813281 0.355208 0.176563 0.239583
1 0.773438 0.676042 0.171875 0.206250
2 0.551562 0.405208 0.059375 0.068750
1 0.071094 0.776042 0.142188 0.243750
2 0.887500 0.964583 0.071875 0.070833
1 0.240625 0.081250 0.162500 0.162500
1 0.626563 0.848958 0.187500 0.235417
1 0.948438 0.495833 0.103125 0.254167
1 0.412500 0.908333 0.193750 0.183333
1 0.458594 0.782292 0.157813 0.210417
1 0.585938 0.188542 0.150000 0.185417
1 0.583594 0.573958 0.167187 0.252083
0 0.300000 0.416667 0.287500 0.345833
1 0.714063 0.203125 0.146875 0.210417
1 0.813281 0.355208 0.176563 0.239583
1 0.773438 0.676042 0.171875 0.206250
2 0.551562 0.405208 0.059375 0.068750
1 0.071094 0.776042 0.142188 0.243750
2 0.887500 0.964583 0.071875 0.070833
1 0.240625 0.081250 0.162500 0.162500
1 0.626563 0.848958 0.187500 0.235417
1 0.948438 0.495833 0.103125 0.254167
1 0.412500 0.908333 0.193750 0.183333
1 0.458594 0.782292 0.157813 0.210417
1 0.585938 0.188542 0.150000 0.185417
1 0.583594 0.573958 0.167187 0.252083
0 0.300000 0.416667 0.287500 0.345833
1 0.714063 0.203125 0.146875 0.210417
1 0.813281 0.355208 0.176563 0.239583
1 0.773438 0.676042 0.171875 0.206250
2 0.551562 0.405208 0.059375 0.068750
1 0.071094 0.776042 0.142188 0.243750
2 0.887500 0.964583 0.071875 0.070833
1 0.240625 0.081250 0.162500 0.162500
1 0.626563 0.848958 0.187500 0.235417
1 0.948438 0.495833 0.103125 0.254167
1 0.412500 0.908333 0.193750 0.183333
1 0.458594 0.782292 0.157813 0.210417
1 0.585938 0.188542 0.150000 0.185417
1 0.583594 0.573958 0.167187 0.252083
0 0.300000 0.416667 0.287500 0.345833
1 0.714063 0.203125 0.146875 0.210417
1 0.813281 0.355208 0.176563 0.239583
1 0.773438 0.676042 0.171875 0.206250
2 0.551562 0.405208 0.059375 0.068750
1 0.071094 0.776042 0.142188 0.243750
2 0.887500 0.964583 0.071875 0.070833
1 0.240625 0.081250 0.162500 0.162500
1 0.626563 0.848958 0.187500 0.235417
1 0.948438 0.495833 0.103125 0.254167
1 0.412500 0.908333 0.193750 0.183333
1 0.458594 0.782292 0.157813 0.210417
1 0.585938 0.188542 0.150000 0.185417
1 0.583594 0.573958 0.167187 0.252083
0 0.300000 0.416667 0.287500 0.345833
1 0.714063 0.203125 0.146875 0.210417
1 0.813281 0.355208 0.176563 0.239583
1 0.773438 0.676042 0.171875 0.206250
2 0.551562 0.405208 0.059375 0.068750
1 0.071094 0.776042 0.142188 0.243750
2 0.887500 0.964583 0.071875 0.070833
1 0.240625 0.081250 0.162500 0.162500
1 0.626563 0.848958 0.187500 0.235417
1 0.948438 0.495833 0.103125 0.254167
1 0.412500 0.908333 0.193750 0.183333
1 0.458594 0.782292 0.157813 0.210417
1 0.585938 0.188542 0.150000 0.185417
1 0.583594 0.573958 0.167187 0.252083
0 0.300000 0.416667 0.287500 0.345833
1 0.714063 0.203125 0.146875 0.210417
1 0.813281 0.355208 0.176563 0.239583
1 0.773438 0.676042 0.171875 0.206250
