1 0.942969 0.038542 0.114063 0.077083
1 0.785937 0.964583 0.190625 0.066667
1 0.016406 0.217708 0.032813 0.210417
1 0.961719 0.792708 0.076563 0.252083
1 0.397656 0.039583 0.173438 0.079167
1 0.104688 0.051042 0.156250 0.102083
1 0.604688 0.760417 0.137500 0.195833
1 0.039844 0.915625 0.076563 0.168750
1 0.772656 0.586458 0.148438 0.218750
1 0.952344 0.503125 0.095312 0.243750
2 0.583594 0.455208 0.076563 0.093750
2 0.307813 0.100000 0.056250 0.070833
1 0.508594 0.942708 0.151562 0.114583
2 0.392188 0.395833 0.075000 0.087500
1 0.784375 0.073958 0.159375 0.147917
1 0.243750 0.526042 0.200000 0.235417
1 0.670313 0.768750 0.140625 0.200000
1 0.907031 0.253125 0.176563 0.243750
1 0.199219 0.310417 0.148438 0.195833
1 0.402344 0.634375 0.182812 0.152083
1 0.104688 0.590625 0.134375 0.168750
0 0.180469 0.847917 0.223438 0.304167
1 0.489844 0.316667 0.201563 0.279167
1 0.942969 0.038542 0.114063 0.077083
1 0.785937 0.964583 0.190625 0.066667
1 0.016406 0.217708 0.032813 0.210417
1 0.961719 0.792708 0.076563 0.252083
1 0.397656 0.039583 0.173438 0.079167
1 0.104688 0.051042 0.156250 0.102083
1 0.604688 0.760417 0.137500 0.195833
1 0.039844 0.915625 0.076563 0.168750
1 0.772656 0.586458 0.148438 0.218750
1 0.952344 0.503125 0.095312 0.243750
2 0.583594 0.455208 0.076563 0.093750
2 0.307813 0.100000 0.056250 0.070833
1 0.508594 0.942708 0.151562 0.114583
2 0.392188 0.395833 0.075000 0.087500
1 0.784375 0.073958 0.159375 0.147917
1 0.243750 0.526042 0.200000 0.235417
1 0.670313 0.768750 0.140625 0.200000
1 0.907031 0.253125 0.176563 0.243750
1 0.199219 0.310417 0.148438 0.195833
1 0.402344 0.634375 0.182812 0.152083
1 0.104688 0.590625 0.134375 0.168750
0 0.180469 0.847917 0.223438 0.304167
1 0.489844 0.316667 0.201563 0.279167
1 0.942969 0.038542 0.114063 0.077083
1 0.785937 0.964583 0.190625 0.066667
1 0.016406 0.217708 0.032813 0.210417
1 0.961719 0.792708 0.076563 0.252083
1 0.397656 0.039583 0.173438 0.079167
1 0.104688 0.051042 0.156250 0.102083
1 0.604688 0.760417 0.137500 0.195833
1 0.039844 0.915625 0.076563 0.168750
1 0.772656 0.586458 0.148438 0.218750
1 0.952344 0.503125 0.095312 0.243750
2 0.583594 0.455208 0.076563 0.093750
2 0.307813 0.100000 0.056250 0.070833
1 0.508594 0.942708 0.151562 0.114583
2 0.392188 0.395833 0.075000 0.087500
1 0.784375 0.073958 0.159375 0.147917
1 0.243750 0.526042 0.200000 0.235417
1 0.670313 0.768750 0.140625 0.200000
1 0.907031 0.253125 0.176563 0.243750
1 0.199219 0.310417 0.148438 0.195833
1 0.402344 0.634375 0.182812 0.152083
1 0.104688 0.590625 0.134375 0.168750
0 0.180469 0.847917 0.223438 0.304167
1 0.489844 0.316667 0.201563 0.279167
1 0.942969 0.038542 0.114063 0.077083
1 0.785937 0.964583 0.190625 0.066667
1 0.016406 0.217708 0.032813 0.210417
1 0.961719 0.792708 0.076563 0.252083
1 0.397656 0.039583 0.173438 0.079167
1 0.104688 0.051042 0.156250 0.102083
1 0.604688 0.760417 0.137500 0.195833
1 0.039844 0.915625 0.076563 0.168750
1 0.772656 0.586458 0.148438 0.218750
1 0.952344 0.503125 0.095312 0.243750
2 0.583594 0.455208 0.076563 0.093750
2 0.307813 0.100000 0.056250 0.070833
1 0.508594 0.942708 0.151562 0.114583
2 0.392188 0.395833 0.075000 0.087500
1 0.784375 0.073958 0.159375 0.147917
1 0.243750 0.526042 0.200000 0.235417
1 0.670313 0.768750 0.140625 0.200000
1 0.907031 0.253125 0.176563 0.243750
1 0.199219 0.310417 0.148438 0.195833
1 0.402344 0.634375 0.182812 0.152083
1 0.104688 0.590625 0.134375 0.168750
0 0.180469 0.847917 0.223438 0.304167
1 0.489844 0.316667 0.201563 0.279167
1 0.942969 0.038542 0.114063 0.077083
1 0.785937 0.964583 0.190625 0.066667
1 0.016406 0.217708 0.032813 0.210417
1 0.961719 0.792708 0.076563 0.252083
1 0.397656 0.039583 0.173438 0.079167
1 0.104688 0.051042 0.156250 0.102083
1 0.604688 0.760417 0.137500 0.195833
1 0.039844 0.915625 0.076563 0.168750
1 0.772656 0.586458 0.148438 0.218750
1 0.952344 0.503125 0.095312 0.243750
2 0.583594 0.455208 0.076563 0.093750
2 0.307813 0.100000 0.056250 0.070833
1 0.508594 0.942708 0.151562 0.114583
2 0.392188 0.395833 0.075000 0.087500
1 0.784375 0.073958 0.159375 0.147917
1 0.243750 0.526042 0.200000 0.235417
1 0.670313 0.768750 0.140625 0.200000
1 0.907031 0.253125 0.176563 0.243750
1 0.199219 0.310417 0.148438 0.195833
1 0.402344 0.634375 0.182812 0.152083
1 0.104688 0.590625 0.134375 0.168750
0 0.180469 0.847917 0.223438 0.304167
1 0.489844 0.316667 0.201563 0.279167
1 0.942969 0.038542 0.114063 0.077083
1 0.785937 0.964583 0.190625 0.066667
1 0.016406 0.217708 0.032813 0.210417
1 0.961719 0.792708 0.076563 0.252083
1 0.397656 0.039583 0.173438 0.079167
1 0.104688 0.051042 0.156250 0.102083
1 0.604688 0.760417 0.137500 0.195833
1 0.039844 0.915625 0.076563 0.168750
1 0.772656 0.586458 0.148438 0.218750
1 0.952344 0.503125 0.095312 0.243750
2 0.583594 0.455208 0.076563 0.093750
2 0.307813 0.100000 0.056250 0.070833
1 0.508594 0.942708 0.151562 0.114583
2 0.392188 0.395833 0.075000 0.087500
1 0.784375 0.073958 0.159375 0.147917
1 0.243750 0.526042 0.200000 0.235417
1 0.670313 0.768750 0.140625 0.200000
1 0.907031 0.253125 0.176563 0.243750
1 0.199219 0.310417 0.148438 0.195833
1 0.402344 0.634375 0.182812 0.152083
1 0.104688 0.590625 0.134375 0.168750
0 0.180469 0.847917 0.223438 0.304167
1 0.489844 0.316667 0.201563 0.279167
1 0.942969 0.038542 0.114063 0.077083
1 0.785937 0.964583 0.190625 0.066667
1 0.016406 0.217708 0.032813 0.210417
1 0.961719 0.792708 0.076563 0.252083
1 0.397656 0.039583 0.173438 0.079167
1 0.104688 0.051042 0.156250 0.102083
1 0.604688 0.760417 0.137500 0.195833
1 0.039844 0.915625 0.076563 0.168750
1 0.772656 0.586458 0.148438 0.218750
1 0.952344 0.503125 0.095312 0.243750
2 0.583594 0.455208 0.076563 0.093750
2 0.307813 0.100000 0.056250 0.070833
1 0.508594 0.942708 0.151562 0.114583
2 0.392188 0.395833 0.075000 0.087500
1 0.784375 0.073958 0.159375 0.147917
1 0.243750 0.526042 0.200000 0.235417
1 0.670313 0.768750 0.140625 0.200000
1 0.907031 0.253125 0.176563 0.243750
1 0.199219 0.310417 0.148438 0.195833
1 0.402344 0.634375 0.182812 0.152083
1 0.104688 0.590625 0.134375 0.168750
0 0.180469 0.847917 0.223438 0.304167
1 0.489844 0.316667 0.201563 0.279167
1 0.942969 0.038542 0.114063 0.077083
1 0.785937 0.964583 0.190625 0.066667
1 0.016406 0.217708 0.032813 0.210417
1 0.961719 0.792708 0.076563 0.252083
1 0.397656 0.039583 0.173438 0.079167
1 0.104688 0.051042 0.156250 0.102083
1 0.604688 0.760417 0.137500 0.195833
1 0.039844 0.915625 0.076563 0.168750
1 0.772656 0.586458 0.148438 0.218750
1 0.952344 0.503125 0.095312 0.243750
2 0.583594 0.455208 0.076563 0.093750
2 0.307813 0.100000 0.056250 0.070833
1 0.508594 0.942708 0.151562 0.114583
2 0.392188 0.395833 0.075000 0.087500
1 0.784375 0.073958 0.159375 0.147917
1 0.243750 0.526042 0.200000 0.235417
1 0.670313 0.768750 0.140625 0.200000
1 0.907031 0.253125 0.176563 0.243750
1 0.199219 0.310417 0.148438 0.195833
1 0.402344 0.634375 0.182812 0.152083
1 0.104688 0.590625 0.134375 0.168750
0 0.180469 0.847917 0.223438 0.304167
1 0.489844 0.316667 0.201563 0.279167
1 0.942969 0.038542 0.114063 0.077083
1 0.785937 0.964583 0.190625 0.066667
1 0.016406 0.217708 0.032813 0.210417
1 0.961719 0.792708 0.076563 0.252083
1 0.397656 0.039583 0.173438 0.079167
1 0.104688 0.051042 0.156250 0.102083
1 0.604688 0.760417 0.137500 0.195833
1 0.039844 0.915625 0.076563 0.168750
1 0.772656 0.586458 0.148438 0.218750
1 0.952344 0.503125 0.095312 0.243750
2 0.583594 0.455208 0.076563 0.093750
2 0.307813 0.100000 0.056250 0.070833
1 0.508594 0.942708 0.151562 0.114583
2 0.392188 0.395833 0.075000 0.087500
1 0.784375 0.073958 0.159375 0.147917
1 0.243750 0.526042 0.200000 0.235417
1 0.670313 0.768750 0.140625 0.200000
1 0.907031 0.253125 0.176563 0.243750
1 0.199219 0.310417 0.148438 0.195833
1 0.402344 0.634375 0.182812 0.152083
1 0.104688 0.590625 0.134375 0.168750
0 0.180469 0.847917 0.223438 0.304167
1 0.489844 0.316667 0.201563 0.279167
1 0.942969 0.038542 0.114063 0.077083
1 0.785937 0.964583 0.190625 0.066667
1 0.016406 0.217708 0.032813 0.210417
1 0.961719 0.792708 0.076563 0.252083
1 0.397656 0.039583 0.173438 0.079167
1 0.104688 0.051042 0.156250 0.102083
1 0.604688 0.760417 0.137500 0.195833
1 0.039844 0.915625 0.076563 0.168750
1 0.772656 0.586458 0.148438 0.218750
1 0.952344 0.503125 0.095312 0.243750
2 0.583594 0.455208 0.076563 0.093750
2 0.307813 0.100000 0.056250 0.070833
1 0.508594 0.942708 0.151562 0.114583
2 0.392188 0.395833 0.075000 0.087500
1 0.784375 0.073958 0.159375 0.147917
1 0.243750 0.526042 0.200000 0.235417
1 0.670313 0.768750 0.140625 0.200000
1 0.907031 0.253125 0.176563 0.243750
1 0.199219 0.310417 0.148438 0.195833
1 0.402344 0.634375 0.182812 0.152083
1 0.104688 0.590625 0.134375 0.168750
0 0.180469 0.847917 0.223438 0.304167
1 0.489844 0.316667 0.201563 0.279167
1 0.942969 0.038542 0.114063 0.077083
1 0.785937 0.964583 0.190625 0.066667
1 0.016406 0.217708 0.032813 0.210417
1 0.961719 0.792708 0.076563 0.252083
1 0.397656 0.039583 0.173438 0.079167
1 0.104688 0.051042 0.156250 0.102083
1 0.604688 0.760417 0.137500 0.195833
1 0.039844 0.915625 0.076563 0.168750
1 0.772656 0.586458 0.148438 0.218750
1 0.952344 0.503125 0.095312 0.243750
2 0.583594 0.455208 0.076563 0.093750
2 0.307813 0.100000 0.056250 0.070833
1 0.508594 0.942708 0.151562 0.114583
2 0.392188 0.395833 0.075000 0.087500
1 0.784375 0.073958 0.159375 0.147917
1 0.243750 0.526042 0.200000 0.235417
1 0.670313 0.768750 0.140625 0.200000
1 0.907031 0.253125 0.176563 0.243750
1 0.199219 0.310417 0.148438 0.195833
1 0.402344 0.634375 0.182812 0.152083
1 0.104688 0.590625 0.134375 0.168750
0 0.180469 0.847917 0.223438 0.304167
1 0.489844 0.316667 0.201563 0.279167
1 0.942969 0.038542 0.114063 0.077083
1 0.785937 0.964583 0.190625 0.066667
1 0.016406 0.217708 0.032813 0.210417
1 0.961719 0.792708 0.076563 0.252083
1 0.397656 0.039583 0.173438 0.079167
1 0.104688 0.051042 0.156250 0.102083
1 0.604688 0.760417 0.137500 0.195833
1 0.039844 0.915625 0.076563 0.168750
1 0.772656 0.586458 0.148438 0.218750
1 0.952344 0.503125 0.095312 0.243750
2 0.583594 0.455208 0.076563 0.093750
2 0.307813 0.100000 0.056250 0.070833
1 0.508594 0.942708 0.151562 0.114583
2 0.392188 0.395833 0.075000 0.087500
1 0.784375 0.073958 0.159375 0.147917
1 0.243750 0.526042 0.200000 0.235417
1 0.670313 0.768750 0.140625 0.200000
1 0.907031 0.253125 0.176563 0.243750
1 0.199219 0.310417 0.148438 0.195833
1 0.402344 0.634375 0.182812 0.152083
1 0.104688 0.590625 0.134375 0.168750
0 0.180469 0.847917 0.223438 0.304167
1 0.489844 0.316667 0.201563 0.279167
1 0.942969 0.038542 0.114063 0.077083
1 0.785937 0.964583 0.190625 0.066667
1 0.016406 0.217708 0.032813 0.210417
1 0.961719 0.792708 0.076563 0.252083
1 0.397656 0.039583 0.173438 0.079167
1 0.104688 0.051042 0.156250 0.102083
1 0.604688 0.760417 0.137500 0.195833
1 0.039844 0.915625 0.076563 0.168750
1 0.772656 0.586458 0.148438 0.218750
1 0.952344 0.503125 0.095312 0.243750
2 0.583594 0.455208 0.076563 0.093750
2 0.307813 0.100000 0.056250 0.070833
1 0.508594 0.942708 0.151562 0.114583
2 0.392188 0.395833 0.075000 0.087500
1 0.784375 0.073958 0.159375 0.147917
1 0.243750 0.526042 0.200000 0.235417
1 0.670313 0.768750 0.140625 0.200000
1 0.907031 0.253125 0.176563 0.243750
1 0.199219 0.310417 0.148438 0.195833
1 0.402344 0.634375 0.182812 0.152083
1 0.104688 0.590625 0.134375 0.168750
0 0.180469 0.847917 0.223438 0.304167
1 0.489844 0.316667 0.201563 0.279167
1 0.942969 0.038542 0.114063 0.077083
1 0.785937 0.964583 0.190625 0.066667
1 0.016406 0.217708 0.032813 0.210417
1 0.961719 0.792708 0.076563 0.252083
1 0.397656 0.039583 0.173438 0.079167
1 0.104688 0.051042 0.156250 0.102083
1 0.604688 0.760417 0.137500 0.195833
1 0.039844 0.915625 0.076563 0.168750
1 0.772656 0.586458 0.148438 0.218750
1 0.952344 0.503125 0.095312 0.243750
2 0.583594 0.455208 0.076563 0.093750
2 0.307813 0.100000 0.056250 0.070833
1 0.508594 0.942708 0.151562 0.114583
2 0.392188 0.395833 0.075000 0.087500
1 0.784375 0.073958 0.159375 0.147917
1 0.243750 0.526042 0.200000 0.235417
1 0.670313 0.768750 0.140625 0.200000
1 0.907031 0.253125 0.176563 0.243750
1 0.199219 0.310417 0.148438 0.195833
1 0.402344 0.634375 0.182812 0.152083
1 0.104688 0.590625 0.134375 0.168750
0 0.180469 0.847917 0.223438 0.304167
1 0.489844 0.316667 0.201563 0.279167
1 0.942969 0.038542 0.114063 0.077083
1 0.785937 0.964583 0.190625 0.066667
1 0.016406 0.217708 0.032813 0.210417
1 0.961719 0.792708 0.076563 0.252083
1 0.397656 0.039583 0.173438 0.079167
1 0.104688 0.051042 0.156250 0.102083
1 0.604688 0.760417 0.137500 0.195833
1 0.039844 0.915625 0.076563 0.168750
1 0.772656 0.586458 0.148438 0.218750
1 0.952344 0.503125 0.095312 0.243750
2 0.583594 0.455208 0.076563 0.093750
2 0.307813 0.100000 0.056250 0.070833
1 0.508594 0.942708 0.151562 0.114583
2 0.392188 0.395833 0.075000 0.087500
1 0.784375 0.073958 0.159375 0.147917
1 0.243750 0.526042 0.200000 0.235417
1 0.670313 0.768750 0.140625 0.200000
1 0.907031 0.253125 0.176563 0.243750
1 0.199219 0.310417 0.148438 0.195833
1 0.402344 0.634375 0.182812 0.152083
1 0.104688 0.590625 0.134375 0.168750
0 0.180469 0.847917 0.223438 0.304167
1 0.489844 0.316667 0.201563 0.279167
1 0.942969 0.038542 0.114063 0.077083
1 0.785937 0.964583 0.190625 0.066667
1 0.016406 0.217708 0.032813 0.210417
1 0.961719 0.792708 0.076563 0.252083
1 0.397656 0.039583 0.173438 0.079167
1 0.104688 0.051042 0.156250 0.102083
1 0.604688 0.760417 0.137500 0.195833
1 0.039844 0.915625 0.076563 0.168750
1 0.772656 0.586458 0.148438 0.218750
1 0.952344 0.503125 0.095312 0.243750
2 0.583594 0.455208 0.076563 0.093750
2 0.307813 0.100000 0.056250 0.070833
1 0.508594 0.942708 0.151562 0.114583
2 0.392188 0.395833 0.075000 0.087500
1 0.784375 0.073958 0.159375 0.147917
1 0.243750 0.526042 0.200000 0.235417
1 0.670313 0.768750 0.140625 0.200000
1 0.907031 0.253125 0.176563 0.243750
1 0.199219 0.310417 0.148438 0.195833
1 0.402344 0.634375 0.182812 0.152083
1 0.104688 0.590625 0.134375 0.168750
0 0.180469 0.847917 0.223438 0.304167
1 0.489844 0.316667 0.201563 0.279167
1 0.942969 0.038542 0.114063 0.077083
1 0.785937 0.964583 0.190625 0.066667
1 0.016406 0.217708 0.032813 0.210417
1 0.961719 0.792708 0.076563 0.252083
1 0.397656 0.039583 0.173438 0.079167
1 0.104688 0.051042 0.156250 0.102083
1 0.604688 0.760417 0.137500 0.195833
1 0.039844 0.915625 0.076563 0.168750
1 0.772656 0.586458 0.148438 0.218750
1 0.952344 0.503125 0.095312 0.243750
2 0.583594 0.455208 0.076563 0.093750
2 0.307813 0.100000 0.056250 0.070833
1 0.508594 0.942708 0.151562 0.114583
2 0.392188 0.395833 0.075000 0.087500
1 0.784375 0.073958 0.159375 0.147917
1 0.243750 0.526042 0.200000 0.235417
1 0.670313 0.768750 0.140625 0.200000
1 0.907031 0.253125 0.176563 0.243750
1 0.199219 0.310417 0.148438 0.195833
1 0.402344 0.634375 0.182812 0.152083
1 0.104688 0.590625 0.134375 0.168750
0 0.180469 0.847917 0.223438 0.304167
1 0.489844 0.316667 0.201563 0.279167
1 0.942969 0.038542 0.114063 0.077083
1 0.785937 0.964583 0.190625 0.066667
1 0.016406 0.217708 0.032813 0.210417
1 0.961719 0.792708 0.076563 0.252083
1 0.397656 0.039583 0.173438 0.079167
1 0.104688 0.051042 0.156250 0.102083
1 0.604688 0.760417 0.137500 0.195833
1 0.039844 0.915625 0.076563 0.168750
1 0.772656 0.586458 0.148438 0.218750
1 0.952344 0.503125 0.095312 0.243750
2 0.583594 0.455208 0.076563 0.093750
2 0.307813 0.100000 0.056250 0.070833
1 0.508594 0.942708 0.151562 0.114583
2 0.392188 0.395833 0.075000 0.087500
1 0.784375 0.073958 0.159375 0.147917
1 0.243750 0.526042 0.200000 0.235417
1 0.670313 0.768750 0.140625 0.200000
1 0.907031 0.253125 0.176563 0.243750
1 0.199219 0.310417 0.148438 0.195833
1 0.402344 0.634375 0.182812 0.152083
1 0.104688 0.590625 0.134375 0.168750
0 0.180469 0.847917 0.223438 0.304167
1 0.489844 0.316667 0.201563 0.279167
1 0.942969 0.038542 0.114063 0.077083
1 0.785937 0.964583 0.190625 0.066667
1 0.016406 0.217708 0.032813 0.210417
1 0.961719 0.792708 0.076563 0.252083
1 0.397656 0.039583 0.173438 0.079167
1 0.104688 0.051042 0.156250 0.102083
1 0.604688 0.760417 0.137500 0.195833
1 0.039844 0.915625 0.076563 0.168750
1 0.772656 0.586458 0.148438 0.218750
1 0.952344 0.503125 0.095312 0.243750
2 0.583594 0.455208 0.076563 0.093750
2 0.307813 0.100000 0.056250 0.070833
1 0.508594 0.942708 0.151562 0.114583
2 0.392188 0.395833 0.075000 0.087500
1 0.784375 0.073958 0.159375 0.147917
1 0.243750 0.526042 0.200000 0.235417
1 0.670313 0.768750 0.140625 0.200000
1 0.907031 0.253125 0.176563 0.243750
1 0.199219 0.310417 0.148438 0.195833
1 0.402344 0.634375 0.182812 0.152083
1 0.104688 0.590625 0.134375 0.168750
0 0.180469 0.847917 0.223438 0.304167
1 0.489844 0.316667 0.201563 0.279167
1 0.942969 0.038542 0.114063 0.077083
1 0.785937 0.964583 0.190625 0.066667
1 0.016406 0.217708 0.032813 0.210417
1 0.961719 0.792708 0.076563 0.252083
1 0.397656 0.039583 0.173438 0.079167
1 0.104688 0.051042 0.156250 0.102083
1 0.604688 0.760417 0.137500 0.195833
1 0.039844 0.915625 0.076563 0.168750
1 0.772656 0.586458 0.148438 0.218750
1 0.952344 0.503125 0.095312 0.243750
2 0.583594 0.455208 0.076563 0.093750
2 0.307813 0.100000 0.056250 0.070833
1 0.508594 0.942708 0.151562 0.114583
2 0.392188 0.395833 0.075000 0.087500
1 0.784375 0.073958 0.159375 0.147917
1 0.243750 0.526042 0.200000 0.235417
1 0.670313 0.768750 0.140625 0.200000
1 0.907031 0.253125 0.176563 0.243750
1 0.199219 0.310417 0.148438 0.195833
1 0.402344 0.634375 0.182812 0.152083
1 0.104688 0.590625 0.134375 0.168750
0 0.180469 0.847917 0.223438 0.304167
1 0.489844 0.316667 0.201563 0.279167
1 0.942969 0.038542 0.114063 0.077083
1 0.785937 0.964583 0.190625 0.066667
1 0.016406 0.217708 0.032813 0.210417
1 0.961719 0.792708 0.076563 0.252083
1 0.397656 0.039583 0.173438 0.079167
1 0.104688 0.051042 0.156250 0.102083
1 0.604688 0.760417 0.137500 0.195833
1 0.039844 0.915625 0.076563 0.168750
1 0.772656 0.586458 0.148438 0.218750
1 0.952344 0.503125 0.095312 0.243750
2 0.583594 0.455208 0.076563 0.093750
2 0.307813 0.100000 0.056250 0.070833
1 0.508594 0.942708 0.151562 0.114583
2 0.392188 0.395833 0.075000 0.087500
1 0.784375 0.073958 0.159375 0.147917
1 0.243750 0.526042 0.200000 0.235417
1 0.670313 0.768750 0.140625 0.200000
1 0.907031 0.253125 0.176563 0.243750
1 0.199219 0.310417 0.148438 0.195833
1 0.402344 0.634375 0.182812 0.152083
1 0.104688 0.590625 0.134375 0.168750
0 0.180469 0.847917 0.223438 0.304167
1 0.489844 0.316667 0.201563 0.279167
1 0.942969 0.038542 0.114063 0.077083
1 0.785937 0.964583 0.190625 0.066667
1 0.016406 0.217708 0.032813 0.210417
1 0.961719 0.792708 0.076563 0.252083
1 0.397656 0.039583 0.173438 0.079167
1 0.104688 0.051042 0.156250 0.102083
1 0.604688 0.760417 0.137500 0.195833
1 0.039844 0.915625 0.076563 0.168750
1 0.772656 0.586458 0.148438 0.218750
1 0.952344 0.503125 0.095312 0.243750
2 0.583594 0.455208 0.076563 0.093750
2 0.307813 0.100000 0.056250 0.070833
1 0.508594 0.942708 0.151562 0.114583
2 0.392188 0.395833 0.075000 0.087500
1 0.784375 0.073958 0.159375 0.147917
1 0.243750 0.526042 0.200000 0.235417
1 0.670313 0.768750 0.140625 0.200000
1 0.907031 0.253125 0.176563 0.243750
1 0.199219 0.310417 0.148438 0.195833
1 0.402344 0.634375 0.182812 0.152083
1 0.104688 0.590625 0.134375 0.168750
0 0.180469 0.847917 0.223438 0.304167
1 0.489844 0.316667 0.201563 0.279167
1 0.942969 0.038542 0.114063 0.077083
1 0.785937 0.964583 0.190625 0.066667
1 0.016406 0.217708 0.032813 0.210417
1 0.961719 0.792708 0.076563 0.252083
1 0.397656 0.039583 0.173438 0.079167
1 0.104688 0.051042 0.156250 0.102083
1 0.604688 0.760417 0.137500 0.195833
1 0.039844 0.915625 0.076563 0.168750
1 0.772656 0.586458 0.148438 0.218750
1 0.952344 0.503125 0.095312 0.243750
2 0.583594 0.455208 0.076563 0.093750
2 0.307813 0.100000 0.056250 0.070833
1 0.508594 0.942708 0.151562 0.114583
2 0.392188 0.395833 0.075000 0.087500
1 0.784375 0.073958 0.159375 0.147917
1 0.243750 0.526042 0.200000 0.235417
1 0.670313 0.768750 0.140625 0.200000
1 0.907031 0.253125 0.176563 0.243750
1 0.199219 0.310417 0.148438 0.195833
1 0.402344 0.634375 0.182812 0.152083
1 0.104688 0.590625 0.134375 0.168750
0 0.180469 0.847917 0.223438 0.304167
1 0.489844 0.316667 0.201563 0.279167
