1 0.630469 0.262500 0.204688 0.266667
1 0.167187 0.145833 0.162500 0.208333
1 0.948438 0.289583 0.103125 0.229167
1 0.028125 0.926042 0.056250 0.147917
1 0.028125 0.448958 0.056250 0.202083
1 0.938281 0.177083 0.123438 0.220833
1 0.153906 0.043750 0.192188 0.087500
1 0.107813 0.144792 0.143750 0.206250
1 0.700000 0.537500 0.159375 0.225000
1 0.803125 0.736458 0.128125 0.193750
1 0.948438 0.784375 0.103125 0.239583
1 0.399219 0.090625 0.164062 0.181250
1 0.468750 0.919792 0.162500 0.160417
1 0.539062 0.627083 0.159375 0.254167
1 0.389844 0.728125 0.185938 0.239583
1 0.779688 0.560417 0.162500 0.212500
1 0.220313 0.577083 0.150000 0.212500
0 0.325781 0.378125 0.248438 0.285417
1 0.630469 0.262500 0.204688 0.266667
1 0.167187 0.145833 0.162500 0.208333
1 0.948438 0.289583 0.103125 0.229167
1 0.028125 0.926042 0.056250 0.147917
1 0.028125 0.448958 0.056250 0.202083
1 0.938281 0.177083 0.123438 0.220833
1 0.153906 0.043750 0.192188 0.087500
1 0.107813 0.144792 0.143750 0.206250
1 0.700000 0.537500 0.159375 0.225000
1 0.803125 0.736458 0.128125 0.193750
1 0.948438 0.784375 0.103125 0.239583
1 0.399219 0.090625 0.164062 0.181250
1 0.468750 0.919792 0.162500 0.160417
1 0.539062 0.627083 0.159375 0.254167
1 0.389844 0.728125 0.185938 0.239583
1 0.779688 0.560417 0.162500 0.212500
1 0.220313 0.577083 0.150000 0.212500
0 0.325781 0.378125 0.248438 0.285417
1 0.630469 0.262500 0.204688 0.266667
1 0.167187 0.145833 0.162500 0.208333
1 0.948438 0.289583 0.103125 0.229167
1 0.028125 0.926042 0.056250 0.147917
1 0.028125 0.448958 0.056250 0.202083
1 0.938281 0.177083 0.123438 0.220833
1 0.153906 0.043750 0.192188 0.087500
1 0.107813 0.144792 0.143750 0.206250
1 0.700000 0.537500 0.159375 0.225000
1 0.803125 0.736458 0.128125 0.193750
1 0.948438 0.784375 0.103125 0.239583
1 0.399219 0.090625 0.164062 0.181250
1 0.468750 0.919792 0.162500 0.160417
1 0.539062 0.627083 0.159375 0.254167
1 0.389844 0.728125 0.185938 0.239583
1 0.779688 0.560417 0.162500 0.212500
1 0.220313 0.577083 0.150000 0.212500
0 0.325781 0.378125 0.248438 0.285417
1 0.630469 0.262500 0.204688 0.266667
1 0.167187 0.145833 0.162500 0.208333
1 0.948438 0.289583 0.103125 0.229167
1 0.028125 0.926042 0.056250 0.147917
1 0.028125 0.448958 0.056250 0.202083
1 0.938281 0.177083 0.123438 0.220833
1 0.153906 0.043750 0.192188 0.087500
1 0.107813 0.144792 0.143750 0.206250
1 0.700000 0.537500 0.159375 0.225000
1 0.803125 0.736458 0.128125 0.193750
1 0.948438 0.784375 0.103125 0.239583
1 0.399219 0.090625 0.164062 0.181250
1 0.468750 0.919792 0.162500 0.160417
1 0.539062 0.627083 0.159375 0.254167
1 0.389844 0.728125 0.185938 0.239583
1 0.779688 0.560417 0.162500 0.212500
1 0.220313 0.577083 0.150000 0.212500
0 0.325781 0.378125 0.248438 0.285417
1 0.630469 0.262500 0.204688 0.266667
1 0.167187 0.145833 0.162500 0.208333
1 0.948438 0.289583 0.103125 0.229167
1 0.028125 0.926042 0.056250 0.147917
1 0.028125 0.448958 0.056250 0.202083
1 0.938281 0.177083 0.123438 0.220833
1 0.153906 0.043750 0.192188 0.087500
1 0.107813 0.144792 0.143750 0.206250
1 0.700000 0.537500 0.159375 0.225000
1 0.803125 0.736458 0.128125 0.193750
1 0.948438 0.784375 0.103125 0.239583
1 0.399219 0.090625 0.164062 0.181250
1 0.468750 0.919792 0.162500 0.160417
1 0.539062 0.627083 0.159375 0.254167
1 0.389844 0.728125 0.185938 0.239583
1 0.779688 0.560417 0.162500 0.212500
1 0.220313 0.577083 0.150000 0.212500
0 0.325781 0.378125 0.248438 0.285417
1 0.630469 0.262500 0.204688 0.266667
1 0.167187 0.145833 0.162500 0.208333
1 0.948438 0.289583 0.103125 0.229167
1 0.028125 0.926042 0.056250 0.147917
1 0.028125 0.448958 0.056250 0.202083
1 0.938281 0.177083 0.123438 0.220833
1 0.153906 0.043750 0.192188 0.087500
1 0.107813 0.144792 0.143750 0.206250
1 0.700000 0.537500 0.159375 0.225000
1 0.803125 0.736458 0.128125 0.193750
1 0.948438 0.784375 0.103125 0.239583
1 0.399219 0.090625 0.164062 0.181250
1 0.468750 0.919792 0.162500 0.160417
1 0.539062 0.627083 0.159375 0.254167
1 0.389844 0.728125 0.185938 0.239583
1 0.779688 0.560417 0.162500 0.212500
1 0.220313 0.577083 0.150000 0.212500
0 0.325781 0.378125 0.248438 0.285417
1 0.630469 0.262500 0.204688 0.266667
1 0.167187 0.145833 0.162500 0.208333
1 0.948438 0.289583 0.103125 0.229167
1 0.028125 0.926042 0.056250 0.147917
1 0.028125 0.448958 0.056250 0.202083
1 0.938281 0.177083 0.123438 0.220833
1 0.153906 0.043750 0.192188 0.087500
1 0.107813 0.144792 0.143750 0.206250
1 0.700000 0.537500 0.159375 0.225000
1 0.803125 0.736458 0.128125 0.193750
1 0.948438 0.784375 0.103125 0.239583
1 0.399219 0.090625 0.164062 0.181250
1 0.468750 0.919792 0.162500 0.160417
1 0.539062 0.627083 0.159375 0.254167
1 0.389844 0.728125 0.185938 0.239583
1 0.779688 0.560417 0.162500 0.212500
1 0.220313 0.577083 0.150000 0.212500
0 0.325781 0.378125 0.248438 0.285417
1 0.630469 0.262500 0.204688 0.266667
1 0.167187 0.145833 0.162500 0.208333
1 0.948438 0.289583 0.103125 0.229167
1 0.028125 0.926042 0.056250 0.147917
1 0.028125 0.448958 0.056250 0.202083
1 0.938281 0.177083 0.123438 0.220833
1 0.153906 0.043750 0.192188 0.087500
1 0.107813 0.144792 0.143750 0.206250
1 0.700000 0.537500 0.159375 0.225000
1 0.803125 0.736458 0.128125 0.193750
1 0.948438 0.784375 0.103125 0.239583
1 0.399219 0.090625 0.164062 0.181250
1 0.468750 0.919792 0.162500 0.160417
1 0.539062 0.627083 0.159375 0.254167
1 0.389844 0.728125 0.185938 0.239583
1 0.779688 0.560417 0.162500 0.212500
1 0.220313 0.577083 0.150000 0.212500
0 0.325781 0.378125 0.248438 0.285417
1 0.630469 0.262500 0.204688 0.266667
1 0.167187 0.145833 0.162500 0.208333
1 0.948438 0.289583 0.103125 0.229167
1 0.028125 0.926042 0.056250 0.147917
1 0.028125 0.448958 0.056250 0.202083
1 0.938281 0.177083 0.123438 0.220833
1 0.153906 0.043750 0.192188 0.087500
1 0.107813 0.144792 0.143750 0.206250
1 0.700000 0.537500 0.159375 0.225000
1 0.803125 0.736458 0.128125 0.193750
1 0.948438 0.784375 0.103125 0.239583
1 0.399219 0.090625 0.164062 0.181250
1 0.468750 0.919792 0.162500 0.160417
1 0.539062 0.627083 0.159375 0.254167
1 0.389844 0.728125 0.185938 0.239583
1 0.779688 0.560417 0.162500 0.212500
1 0.220313 0.577083 0.150000 0.212500
0 0.325781 0.378125 0.248438 0.285417
1 0.630469 0.262500 0.204688 0.266667
1 0.167187 0.145833 0.162500 0.208333
1 0.948438 0.289583 0.103125 0.229167
1 0.028125 0.926042 0.056250 0.147917
1 0.028125 0.448958 0.056250 0.202083
1 0.938281 0.177083 0.123438 0.220833
1 0.153906 0.043750 0.192188 0.087500
1 0.107813 0.144792 0.143750 0.206250
1 0.700000 0.537500 0.159375 0.225000
1 0.803125 0.736458 0.128125 0.193750
1 0.948438 0.784375 0.103125 0.239583
1 0.399219 0.090625 0.164062 0.181250
1 0.468750 0.919792 0.162500 0.160417
1 0.539062 0.627083 0.159375 0.254167
1 0.389844 0.728125 0.185938 0.239583
1 0.779688 0.560417 0.162500 0.212500
1 0.220313 0.577083 0.150000 0.212500
0 0.325781 0.378125 0.248438 0.285417
1 0.630469 0.262500 0.204688 0.266667
1 0.167187 0.145833 0.162500 0.208333
1 0.948438 0.289583 0.103125 0.229167
1 0.028125 0.926042 0.056250 0.147917
1 0.028125 0.448958 0.056250 0.202083
1 0.938281 0.177083 0.123438 0.220833
1 0.153906 0.043750 0.192188 0.087500
1 0.107813 0.144792 0.143750 0.206250
1 0.700000 0.537500 0.159375 0.225000
1 0.803125 0.736458 0.128125 0.193750
1 0.948438 0.784375 0.103125 0.239583
1 0.399219 0.090625 0.164062 0.181250
1 0.468750 0.919792 0.162500 0.160417
1 0.539062 0.627083 0.159375 0.254167
1 0.389844 0.728125 0.185938 0.239583
1 0.779688 0.560417 0.162500 0.212500
1 0.220313 0.577083 0.150000 0.212500
0 0.325781 0.378125 0.248438 0.285417
1 0.630469 0.262500 0.204688 0.266667
1 0.167187 0.145833 0.162500 0.208333
1 0.948438 0.289583 0.103125 0.229167
1 0.028125 0.926042 0.056250 0.147917
1 0.028125 0.448958 0.056250 0.202083
1 0.938281 0.177083 0.123438 0.220833
1 0.153906 0.043750 0.192188 0.087500
1 0.107813 0.144792 0.143750 0.206250
1 0.700000 0.537500 0.159375 0.225000
1 0.803125 0.736458 0.128125 0.193750
1 0.948438 0.784375 0.103125 0.239583
1 0.399219 0.090625 0.164062 0.181250
1 0.468750 0.919792 0.162500 0.160417
1 0.539062 0.627083 0.159375 0.254167
1 0.389844 0.728125 0.185938 0.239583
1 0.779688 0.560417 0.162500 0.212500
1 0.220313 0.577083 0.150000 0.212500
0 0.325781 0.378125 0.248438 0.285417
1 0.630469 0.262500 0.204688 0.266667
1 0.167187 0.145833 0.162500 0.208333
1 0.948438 0.289583 0.103125 0.229167
1 0.028125 0.926042 0.056250 0.147917
1 0.028125 0.448958 0.056250 0.202083
1 0.938281 0.177083 0.123438 0.220833
1 0.153906 0.043750 0.192188 0.087500
1 0.107813 0.144792 0.143750 0.206250
1 0.700000 0.537500 0.159375 0.225000
1 0.803125 0.736458 0.128125 0.193750
1 0.948438 0.784375 0.103125 0.239583
1 0.399219 0.090625 0.164062 0.181250
1 0.468750 0.919792 0.162500 0.160417
1 0.539062 0.627083 0.159375 0.254167
1 0.389844 0.728125 0.185938 0.239583
1 0.779688 0.560417 0.162500 0.212500
1 0.220313 0.577083 0.150000 0.212500
0 0.325781 0.378125 0.248438 0.285417
1 0.630469 0.262500 0.204688 0.266667
1 0.167187 0.145833 0.162500 0.208333
1 0.948438 0.289583 0.103125 0.229167
1 0.028125 0.926042 0.056250 0.147917
1 0.028125 0.448958 0.056250 0.202083
1 0.938281 0.177083 0.123438 0.220833
1 0.153906 0.043750 0.192188 0.087500
1 0.107813 0.144792 0.143750 0.206250
1 0.700000 0.537500 0.159375 0.225000
1 0.803125 0.736458 0.128125 0.193750
1 0.948438 0.784375 0.103125 0.239583
1 0.399219 0.090625 0.164062 0.181250
1 0.468750 0.919792 0.162500 0.160417
1 0.539062 0.627083 0.159375 0.254167
1 0.389844 0.728125 0.185938 0.239583
1 0.779688 0.560417 0.162500 0.212500
1 0.220313 0.577083 0.150000 0.212500
0 0.325781 0.378125 0.248438 0.285417
1 0.630469 0.262500 0.204688 0.266667
1 0.167187 0.145833 0.162500 0.208333
1 0.948438 0.289583 0.103125 0.229167
1 0.028125 0.926042 0.056250 0.147917
1 0.028125 0.448958 0.056250 0.202083
1 0.938281 0.177083 0.123438 0.220833
1 0.153906 0.043750 0.192188 0.087500
1 0.107813 0.144792 0.143750 0.206250
1 0.700000 0.537500 0.159375 0.225000
1 0.803125 0.736458 0.128125 0.193750
1 0.948438 0.784375 0.103125 0.239583
1 0.399219 0.090625 0.164062 0.181250
1 0.468750 0.919792 0.162500 0.160417
1 0.539062 0.627083 0.159375 0.254167
1 0.389844 0.728125 0.185938 0.239583
1 0.779688 0.560417 0.162500 0.212500
1 0.220313 0.577083 0.150000 0.212500
0 0.325781 0.378125 0.248438 0.285417
1 0.630469 0.262500 0.204688 0.266667
1 0.167187 0.145833 0.162500 0.208333
1 0.948438 0.289583 0.103125 0.229167
1 0.028125 0.926042 0.056250 0.147917
1 0.028125 0.448958 0.056250 0.202083
1 0.938281 0.177083 0.123438 0.220833
1 0.153906 0.043750 0.192188 0.087500
1 0.107813 0.144792 0.143750 0.206250
1 0.700000 0.537500 0.159375 0.225000
1 0.803125 0.736458 0.128125 0.193750
1 0.948438 0.784375 0.103125 0.239583
1 0.399219 0.090625 0.164062 0.181250
1 0.468750 0.919792 0.162500 0.160417
1 0.539062 0.627083 0.159375 0.254167
1 0.389844 0.728125 0.185938 0.239583
1 0.779688 0.560417 0.162500 0.212500
1 0.220313 0.577083 0.150000 0.212500
0 0.325781 0.378125 0.248438 0.285417
1 0.630469 0.262500 0.204688 0.266667
1 0.167187 0.145833 0.162500 0.208333
1 0.948438 0.289583 0.103125 0.229167
1 0.028125 0.926042 0.056250 0.147917
1 0.028125 0.448958 0.056250 0.202083
1 0.938281 0.177083 0.123438 0.220833
1 0.153906 0.043750 0.192188 0.087500
1 0.107813 0.144792 0.143750 0.206250
1 0.700000 0.537500 0.159375 0.225000
1 0.803125 0.736458 0.128125 0.193750
1 0.948438 0.784375 0.103125 0.239583
1 0.399219 0.090625 0.164062 0.181250
1 0.468750 0.919792 0.162500 0.160417
1 0.539062 0.627083 0.159375 0.254167
1 0.389844 0.728125 0.185938 0.239583
1 0.779688 0.560417 0.162500 0.212500
1 0.220313 0.577083 0.150000 0.212500
0 0.325781 0.378125 0.248438 0.285417
1 0.630469 0.262500 0.204688 0.266667
1 0.167187 0.145833 0.162500 0.208333
1 0.948438 0.289583 0.103125 0.229167
1 0.028125 0.926042 0.056250 0.147917
1 0.028125 0.448958 0.056250 0.202083
1 0.938281 0.177083 0.123438 0.220833
1 0.153906 0.043750 0.192188 0.087500
1 0.107813 0.144792 0.143750 0.206250
1 0.700000 0.537500 0.159375 0.225000
1 0.803125 0.736458 0.128125 0.193750
1 0.948438 0.784375 0.103125 0.239583
1 0.399219 0.090625 0.164062 0.181250
1 0.468750 0.919792 0.162500 0.160417
1 0.539062 0.627083 0.159375 0.254167
1 0.389844 0.728125 0.185938 0.239583
1 0.779688 0.560417 0.162500 0.212500
1 0.220313 0.577083 0.150000 0.212500
0 0.325781 0.378125 0.248438 0.285417
