1 0.236719 0.033333 0.198437 0.066667
1 0.659375 0.046875 0.178125 0.089583
1 0.559375 0.053125 0.156250 0.106250
1 0.057813 0.589583 0.115625 0.237500
1 0.945312 0.488542 0.109375 0.239583
1 0.947656 0.739583 0.101562 0.212500
1 0.035156 0.944792 0.070312 0.110417
2 0.425000 0.838542 0.078125 0.097917
1 0.147656 0.537500 0.157813 0.270833
2 0.670313 0.226042 0.068750 0.081250
1 0.823438 0.072917 0.206250 0.145833
1 0.914062 0.251042 0.146875 0.239583
1 0.897656 0.595833 0.173438 0.225000
1 0.164844 0.828125 0.179688 0.243750
1 0.144531 0.091667 0.176563 0.183333
1 0.153906 0.229167 0.142188 0.204167
0 0.307813 0.448958 0.196875 0.243750
1 0.610938 0.423958 0.165625 0.197917
1 0.312500 0.891667 0.168750 0.216667
1 0.873438 0.488542 0.146875 0.181250
1 0.060938 0.227083 0.121875 0.233333
1 0.898438 0.913542 0.159375 0.172917
0 0.579688 0.885417 0.246875 0.225000
1 0.712500 0.569792 0.181250 0.189583
1 0.236719 0.033333 0.198437 0.066667
1 0.659375 0.046875 0.178125 0.089583
1 0.559375 0.053125 0.156250 0.106250
1 0.057813 0.589583 0.115625 0.237500
1 0.945312 0.488542 0.109375 0.239583
1 0.947656 0.739583 0.101562 0.212500
1 0.035156 0.944792 0.070312 0.110417
2 0.425000 0.838542 0.078125 0.097917
1 0.147656 0.537500 0.157813 0.270833
2 0.670313 0.226042 0.068750 0.081250
1 0.823438 0.072917 0.206250 0.145833
1 0.914062 0.251042 0.146875 0.239583
1 0.897656 0.595833 0.173438 0.225000
1 0.164844 0.828125 0.179688 0.243750
1 0.144531 0.091667 0.176563 0.183333
1 0.153906 0.229167 0.142188 0.204167
0 0.307813 0.448958 0.196875 0.243750
1 0.610938 0.423958 0.165625 0.197917
1 0.312500 0.891667 0.168750 0.216667
1 0.873438 0.488542 0.146875 0.181250
1 0.060938 0.227083 0.121875 0.233333
1 0.898438 0.913542 0.159375 0.172917
0 0.579688 0.885417 0.246875 0.225000
1 0.712500 0.569792 0.181250 0.189583
1 0.236719 0.033333 0.198437 0.066667
1 0.659375 0.046875 0.178125 0.089583
1 0.559375 0.053125 0.156250 0.106250
1 0.057813 0.589583 0.115625 0.237500
1 0.945312 0.488542 0.109375 0.239583
1 0.947656 0.739583 0.101562 0.212500
1 0.035156 0.944792 0.070312 0.110417
2 0.425000 0.838542 0.078125 0.097917
1 0.147656 0.537500 0.157813 0.270833
2 0.670313 0.226042 0.068750 0.081250
1 0.823438 0.072917 0.206250 0.145833
1 0.914062 0.251042 0.146875 0.239583
1 0.897656 0.595833 0.173438 0.225000
1 0.164844 0.828125 0.179688 0.243750
1 0.144531 0.091667 0.176563 0.183333
1 0.153906 0.229167 0.142188 0.204167
0 0.307813 0.448958 0.196875 0.243750
1 0.610938 0.423958 0.165625 0.197917
1 0.312500 0.891667 0.168750 0.216667
1 0.873438 0.488542 0.146875 0.181250
1 0.060938 0.227083 0.121875 0.233333
1 0.898438 0.913542 0.159375 0.172917
0 0.579688 0.885417 0.246875 0.225000
1 0.712500 0.569792 0.181250 0.189583
1 0.236719 0.033333 0.198437 0.066667
1 0.659375 0.046875 0.178125 0.089583
1 0.559375 0.053125 0.156250 0.106250
1 0.057813 0.589583 0.115625 0.237500
1 0.945312 0.488542 0.109375 0.239583
1 0.947656 0.739583 0.101562 0.212500
1 0.035156 0.944792 0.070312 0.110417
2 0.425000 0.838542 0.078125 0.097917
1 0.147656 0.537500 0.157813 0.270833
2 0.670313 0.226042 0.068750 0.081250
1 0.823438 0.072917 0.206250 0.145833
1 0.914062 0.251042 0.146875 0.239583
1 0.897656 0.595833 0.173438 0.225000
1 0.164844 0.828125 0.179688 0.243750
1 0.144531 0.091667 0.176563 0.183333
1 0.153906 0.229167 0.142188 0.204167
0 0.307813 0.448958 0.196875 0.243750
1 0.610938 0.423958 0.165625 0.197917
1 0.312500 0.891667 0.168750 0.216667
1 0.873438 0.488542 0.146875 0.181250
1 0.060938 0.227083 0.121875 0.233333
1 0.898438 0.913542 0.159375 0.172917
0 0.579688 0.885417 0.246875 0.225000
1 0.712500 0.569792 0.181250 0.189583
1 0.236719 0.033333 0.198437 0.066667
1 0.659375 0.046875 0.178125 0.089583
1 0.559375 0.053125 0.156250 0.106250
1 0.057813 0.589583 0.115625 0.237500
1 0.945312 0.488542 0.109375 0.239583
1 0.947656 0.739583 0.101562 0.212500
1 0.035156 0.944792 0.070312 0.110417
2 0.425000 0.838542 0.078125 0.097917
1 0.147656 0.537500 0.157813 0.270833
2 0.670313 0.226042 0.068750 0.081250
1 0.823438 0.072917 0.206250 0.145833
1 0.914062 0.251042 0.146875 0.239583
1 0.897656 0.595833 0.173438 0.225000
1 0.164844 0.828125 0.179688 0.243750
1 0.144531 0.091667 0.176563 0.183333
1 0.153906 0.229167 0.142188 0.204167
0 0.307813 0.448958 0.196875 0.243750
1 0.610938 0.423958 0.165625 0.197917
1 0.312500 0.891667 0.168750 0.216667
1 0.873438 0.488542 0.146875 0.181250
1 0.060938 0.227083 0.121875 0.233333
1 0.898438 0.913542 0.159375 0.172917
0 0.579688 0.885417 0.246875 0.225000
1 0.712500 0.569792 0.181250 0.189583
1 0.236719 0.033333 0.198437 0.066667
1 0.659375 0.046875 0.178125 0.089583
1 0.559375 0.053125 0.156250 0.106250
1 0.057813 0.589583 0.115625 0.237500
1 0.945312 0.488542 0.109375 0.239583
1 0.947656 0.739583 0.101562 0.212500
1 0.035156 0.944792 0.070312 0.110417
2 0.425000 0.838542 0.078125 0.097917
1 0.147656 0.537500 0.157813 0.270833
2 0.670313 0.226042 0.068750 0.081250
1 0.823438 0.072917 0.206250 0.145833
1 0.914062 0.251042 0.146875 0.239583
1 0.897656 0.595833 0.173438 0.225000
1 0.164844 0.828125 0.179688 0.243750
1 0.144531 0.091667 0.176563 0.183333
1 0.153906 0.229167 0.142188 0.204167
0 0.307813 0.448958 0.196875 0.243750
1 0.610938 0.423958 0.165625 0.197917
1 0.312500 0.891667 0.168750 0.216667
1 0.873438 0.488542 0.146875 0.181250
1 0.060938 0.227083 0.121875 0.233333
1 0.898438 0.913542 0.159375 0.172917
0 0.579688 0.885417 0.246875 0.225000
1 0.712500 0.569792 0.181250 0.189583
1 0.236719 0.033333 0.198437 0.066667
1 0.659375 0.046875 0.178125 0.089583
1 0.559375 0.053125 0.156250 0.106250
1 0.057813 0.589583 0.115625 0.237500
1 0.945312 0.488542 0.109375 0.239583
1 0.947656 0.739583 0.101562 0.212500
1 0.035156 0.944792 0.070312 0.110417
2 0.425000 0.838542 0.078125 0.097917
1 0.147656 0.537500 0.157813 0.270833
2 0.670313 0.226042 0.068750 0.081250
1 0.823438 0.072917 0.206250 0.145833
1 0.914062 0.251042 0.146875 0.239583
1 0.897656 0.595833 0.173438 0.225000
1 0.164844 0.828125 0.179688 0.243750
1 0.144531 0.091667 0.176563 0.183333
1 0.153906 0.229167 0.142188 0.204167
0 0.307813 0.448958 0.196875 0.243750
1 0.610938 0.423958 0.165625 0.197917
1 0.312500 0.891667 0.168750 0.216667
1 0.873438 0.488542 0.146875 0.181250
1 0.060938 0.227083 0.121875 0.233333
1 0.898438 0.913542 0.159375 0.172917
0 0.579688 0.885417 0.246875 0.225000
1 0.712500 0.569792 0.181250 0.189583
1 0.236719 0.033333 0.198437 0.066667
1 0.659375 0.046875 0.178125 0.089583
1 0.559375 0.053125 0.156250 0.106250
1 0.057813 0.589583 0.115625 0.237500
1 0.945312 0.488542 0.109375 0.239583
1 0.947656 0.739583 0.101562 0.212500
1 0.035156 0.944792 0.070312 0.110417
2 0.425000 0.838542 0.078125 0.097917
1 0.147656 0.537500 0.157813 0.270833
2 0.670313 0.226042 0.068750 0.081250
1 0.823438 0.072917 0.206250 0.145833
1 0.914062 0.251042 0.146875 0.239583
1 0.897656 0.595833 0.173438 0.225000
1 0.164844 0.828125 0.179688 0.243750
1 0.144531 0.091667 0.176563 0.183333
1 0.153906 0.229167 0.142188 0.204167
0 0.307813 0.448958 0.196875 0.243750
1 0.610938 0.423958 0.165625 0.197917
1 0.312500 0.891667 0.168750 0.216667
1 0.873438 0.488542 0.146875 0.181250
1 0.060938 0.227083 0.121875 0.233333
1 0.898438 0.913542 0.159375 0.172917
0 0.579688 0.885417 0.246875 0.225000
1 0.712500 0.569792 0.181250 0.189583
1 0.236719 0.033333 0.198437 0.066667
1 0.659375 0.046875 0.178125 0.089583
1 0.559375 0.053125 0.156250 0.106250
1 0.057813 0.589583 0.115625 0.237500
1 0.945312 0.488542 0.109375 0.239583
1 0.947656 0.739583 0.101562 0.212500
1 0.035156 0.944792 0.070312 0.110417
2 0.425000 0.838542 0.078125 0.097917
1 0.147656 0.537500 0.157813 0.270833
2 0.670313 0.226042 0.068750 0.081250
1 0.823438 0.072917 0.206250 0.145833
1 0.914062 0.251042 0.146875 0.239583
1 0.897656 0.595833 0.173438 0.225000
1 0.164844 0.828125 0.179688 0.243750
1 0.144531 0.091667 0.176563 0.183333
1 0.153906 0.229167 0.142188 0.204167
0 0.307813 0.448958 0.196875 0.243750
1 0.610938 0.423958 0.165625 0.197917
1 0.312500 0.891667 0.168750 0.216667
1 0.873438 0.488542 0.146875 0.181250
1 0.060938 0.227083 0.121875 0.233333
1 0.898438 0.913542 0.159375 0.172917
0 0.579688 0.885417 0.246875 0.225000
1 0.712500 0.569792 0.181250 0.189583
1 0.236719 0.033333 0.198437 0.066667
1 0.659375 0.046875 0.178125 0.089583
1 0.559375 0.053125 0.156250 0.106250
1 0.057813 0.589583 0.115625 0.237500
1 0.945312 0.488542 0.109375 0.239583
1 0.947656 0.739583 0.101562 0.212500
1 0.035156 0.944792 0.070312 0.110417
2 0.425000 0.838542 0.078125 0.097917
1 0.147656 0.537500 0.157813 0.270833
2 0.670313 0.226042 0.068750 0.081250
1 0.823438 0.072917 0.206250 0.145833
1 0.914062 0.251042 0.146875 0.239583
1 0.897656 0.595833 0.173438 0.225000
1 0.164844 0.828125 0.179688 0.243750
1 0.144531 0.091667 0.176563 0.183333
1 0.153906 0.229167 0.142188 0.204167
0 0.307813 0.448958 0.196875 0.243750
1 0.610938 0.423958 0.165625 0.197917
1 0.312500 0.891667 0.168750 0.216667
1 0.873438 0.488542 0.146875 0.181250
1 0.060938 0.227083 0.121875 0.233333
1 0.898438 0.913542 0.159375 0.172917
0 0.579688 0.885417 0.246875 0.225000
1 0.712500 0.569792 0.181250 0.189583
1 0.236719 0.033333 0.198437 0.066667
1 0.659375 0.046875 0.178125 0.089583
1 0.559375 0.053125 0.156250 0.106250
1 0.057813 0.589583 0.115625 0.237500
1 0.945312 0.488542 0.109375 0.239583
1 0.947656 0.739583 0.101562 0.212500
1 0.035156 0.944792 0.070312 0.110417
2 0.425000 0.838542 0.078125 0.097917
1 0.147656 0.537500 0.157813 0.270833
2 0.670313 0.226042 0.068750 0.081250
1 0.823438 0.072917 0.206250 0.145833
1 0.914062 0.251042 0.146875 0.239583
1 0.897656 0.595833 0.173438 0.225000
1 0.164844 0.828125 0.179688 0.243750
1 0.144531 0.091667 0.176563 0.183333
1 0.153906 0.229167 0.142188 0.204167
0 0.307813 0.448958 0.196875 0.243750
1 0.610938 0.423958 0.165625 0.197917
1 0.312500 0.891667 0.168750 0.216667
1 0.873438 0.488542 0.146875 0.181250
1 0.060938 0.227083 0.121875 0.233333
1 0.898438 0.913542 0.159375 0.172917
0 0.579688 0.885417 0.246875 0.225000
1 0.712500 0.569792 0.181250 0.189583
1 0.236719 0.033333 0.198437 0.066667
1 0.659375 0.046875 0.178125 0.089583
1 0.559375 0.053125 0.156250 0.106250
1 0.057813 0.589583 0.115625 0.237500
1 0.945312 0.488542 0.109375 0.239583
1 0.947656 0.739583 0.101562 0.212500
1 0.035156 0.944792 0.070312 0.110417
2 0.425000 0.838542 0.078125 0.097917
1 0.147656 0.537500 0.157813 0.270833
2 0.670313 0.226042 0.068750 0.081250
1 0.823438 0.072917 0.206250 0.145833
1 0.914062 0.251042 0.146875 0.239583
1 0.897656 0.595833 0.173438 0.225000
1 0.164844 0.828125 0.179688 0.243750
1 0.144531 0.091667 0.176563 0.183333
1 0.153906 0.229167 0.142188 0.204167
0 0.307813 0.448958 0.196875 0.243750
1 0.610938 0.423958 0.165625 0.197917
1 0.312500 0.891667 0.168750 0.216667
1 0.873438 0.488542 0.146875 0.181250
1 0.060938 0.227083 0.121875 0.233333
1 0.898438 0.913542 0.159375 0.172917
0 0.579688 0.885417 0.246875 0.225000
1 0.712500 0.569792 0.181250 0.189583
1 0.236719 0.033333 0.198437 0.066667
1 0.659375 0.046875 0.178125 0.089583
1 0.559375 0.053125 0.156250 0.106250
1 0.057813 0.589583 0.115625 0.237500
1 0.945312 0.488542 0.109375 0.239583
1 0.947656 0.739583 0.101562 0.212500
1 0.035156 0.944792 0.070312 0.110417
2 0.425000 0.838542 0.078125 0.097917
1 0.147656 0.537500 0.157813 0.270833
2 0.670313 0.226042 0.068750 0.081250
1 0.823438 0.072917 0.206250 0.145833
1 0.914062 0.251042 0.146875 0.239583
1 0.897656 0.595833 0.173438 0.225000
1 0.164844 0.828125 0.179688 0.243750
1 0.144531 0.091667 0.176563 0.183333
1 0.153906 0.229167 0.142188 0.204167
0 0.307813 0.448958 0.196875 0.243750
1 0.610938 0.423958 0.165625 0.197917
1 0.312500 0.891667 0.168750 0.216667
1 0.873438 0.488542 0.146875 0.181250
1 0.060938 0.227083 0.121875 0.233333
1 0.898438 0.913542 0.159375 0.172917
0 0.579688 0.885417 0.246875 0.225000
1 0.712500 0.569792 0.181250 0.189583
1 0.236719 0.033333 0.198437 0.066667
1 0.659375 0.046875 0.178125 0.089583
1 0.559375 0.053125 0.156250 0.106250
1 0.057813 0.589583 0.115625 0.237500
1 0.945312 0.488542 0.109375 0.239583
1 0.947656 0.739583 0.101562 0.212500
1 0.035156 0.944792 0.070312 0.110417
2 0.425000 0.838542 0.078125 0.097917
1 0.147656 0.537500 0.157813 0.270833
2 0.670313 0.226042 0.068750 0.081250
1 0.823438 0.072917 0.206250 0.145833
1 0.914062 0.251042 0.146875 0.239583
1 0.897656 0.595833 0.173438 0.225000
1 0.164844 0.828125 0.179688 0.243750
1 0.144531 0.091667 0.176563 0.183333
1 0.153906 0.229167 0.142188 0.204167
0 0.307813 0.448958 0.196875 0.243750
1 0.610938 0.423958 0.165625 0.197917
1 0.312500 0.891667 0.168750 0.216667
1 0.873438 0.488542 0.146875 0.181250
1 0.060938 0.227083 0.121875 0.233333
1 0.898438 0.913542 0.159375 0.172917
0 0.579688 0.885417 0.246875 0.225000
1 0.712500 0.569792 0.181250 0.189583
1 0.236719 0.033333 0.198437 0.066667
1 0.659375 0.046875 0.178125 0.089583
1 0.559375 0.053125 0.156250 0.106250
1 0.057813 0.589583 0.115625 0.237500
1 0.945312 0.488542 0.109375 0.239583
1 0.947656 0.739583 0.101562 0.212500
1 0.035156 0.944792 0.070312 0.110417
2 0.425000 0.838542 0.078125 0.097917
1 0.147656 0.537500 0.157813 0.270833
2 0.670313 0.226042 0.068750 0.081250
1 0.823438 0.072917 0.206250 0.145833
1 0.914062 0.251042 0.146875 0.239583
1 0.897656 0.595833 0.173438 0.225000
1 0.164844 0.828125 0.179688 0.243750
1 0.144531 0.091667 0.176563 0.183333
1 0.153906 0.229167 0.142188 0.204167
0 0.307813 0.448958 0.196875 0.243750
1 0.610938 0.423958 0.165625 0.197917
1 0.312500 0.891667 0.168750 0.216667
1 0.873438 0.488542 0.146875 0.181250
1 0.060938 0.227083 0.121875 0.233333
1 0.898438 0.913542 0.159375 0.172917
0 0.579688 0.885417 0.246875 0.225000
1 0.712500 0.569792 0.181250 0.189583
1 0.236719 0.033333 0.198437 0.066667
1 0.659375 0.046875 0.178125 0.089583
1 0.559375 0.053125 0.156250 0.106250
1 0.057813 0.589583 0.115625 0.237500
1 0.945312 0.488542 0.109375 0.239583
1 0.947656 0.739583 0.101562 0.212500
1 0.035156 0.944792 0.070312 0.110417
2 0.425000 0.838542 0.078125 0.097917
1 0.147656 0.537500 0.157813 0.270833
2 0.670313 0.226042 0.068750 0.081250
1 0.823438 0.072917 0.206250 0.145833
1 0.914062 0.251042 0.146875 0.239583
1 0.897656 0.595833 0.173438 0.225000
1 0.164844 0.828125 0.179688 0.243750
1 0.144531 0.091667 0.176563 0.183333
1 0.153906 0.229167 0.142188 0.204167
0 0.307813 0.448958 0.196875 0.243750
1 0.610938 0.423958 0.165625 0.197917
1 0.312500 0.891667 0.168750 0.216667
1 0.873438 0.488542 0.146875 0.181250
1 0.060938 0.227083 0.121875 0.233333
1 0.898438 0.913542 0.159375 0.172917
0 0.579688 0.885417 0.246875 0.225000
1 0.712500 0.569792 0.181250 0.189583
1 0.236719 0.033333 0.198437 0.066667
1 0.659375 0.046875 0.178125 0.089583
1 0.559375 0.053125 0.156250 0.106250
1 0.057813 0.589583 0.115625 0.237500
1 0.945312 0.488542 0.109375 0.239583
1 0.947656 0.739583 0.101562 0.212500
1 0.035156 0.944792 0.070312 0.110417
2 0.425000 0.838542 0.078125 0.097917
1 0.147656 0.537500 0.157813 0.270833
2 0.670313 0.226042 0.068750 0.081250
1 0.823438 0.072917 0.206250 0.145833
1 0.914062 0.251042 0.146875 0.239583
1 0.897656 0.595833 0.173438 0.225000
1 0.164844 0.828125 0.179688 0.243750
1 0.144531 0.091667 0.176563 0.183333
1 0.153906 0.229167 0.142188 0.204167
0 0.307813 0.448958 0.196875 0.243750
1 0.610938 0.423958 0.165625 0.197917
1 0.312500 0.891667 0.168750 0.216667
1 0.873438 0.488542 0.146875 0.181250
1 0.060938 0.227083 0.121875 0.233333
1 0.898438 0.913542 0.159375 0.172917
0 0.579688 0.885417 0.246875 0.225000
1 0.712500 0.569792 0.181250 0.189583
1 0.236719 0.033333 0.198437 0.066667
1 0.659375 0.046875 0.178125 0.089583
1 0.559375 0.053125 0.156250 0.106250
1 0.057813 0.589583 0.115625 0.237500
1 0.945312 0.488542 0.109375 0.239583
1 0.947656 0.739583 0.101562 0.212500
1 0.035156 0.944792 0.070312 0.110417
2 0.425000 0.838542 0.078125 0.097917
1 0.147656 0.537500 0.157813 0.270833
2 0.670313 0.226042 0.068750 0.081250
1 0.823438 0.072917 0.206250 0.145833
1 0.914062 0.251042 0.146875 0.239583
1 0.897656 0.595833 0.173438 0.225000
1 0.164844 0.828125 0.179688 0.243750
1 0.144531 0.091667 0.176563 0.183333
1 0.153906 0.229167 0.142188 0.204167
0 0.307813 0.448958 0.196875 0.243750
1 0.610938 0.423958 0.165625 0.197917
1 0.312500 0.891667 0.168750 0.216667
1 0.873438 0.488542 0.146875 0.181250
1 0.060938 0.227083 0.121875 0.233333
1 0.898438 0.913542 0.159375 0.172917
0 0.579688 0.885417 0.246875 0.225000
1 0.712500 0.569792 0.181250 0.189583
1 0.236719 0.033333 0.198437 0.066667
1 0.659375 0.046875 0.178125 0.089583
1 0.559375 0.053125 0.156250 0.106250
1 0.057813 0.589583 0.115625 0.237500
1 0.945312 0.488542 0.109375 0.239583
1 0.947656 0.739583 0.101562 0.212500
1 0.035156 0.944792 0.070312 0.110417
2 0.425000 0.838542 0.078125 0.097917
1 0.147656 0.537500 0.157813 0.270833
2 0.670313 0.226042 0.068750 0.081250
1 0.823438 0.072917 0.206250 0.145833
1 0.914062 0.251042 0.146875 0.239583
1 0.897656 0.595833 0.173438 0.225000
1 0.164844 0.828125 0.179688 0.243750
1 0.144531 0.091667 0.176563 0.183333
1 0.153906 0.229167 0.142188 0.204167
0 0.307813 0.448958 0.196875 0.243750
1 0.610938 0.423958 0.165625 0.197917
1 0.312500 0.891667 0.168750 0.216667
1 0.873438 0.488542 0.146875 0.181250
1 0.060938 0.227083 0.121875 0.233333
1 0.898438 0.913542 0.159375 0.172917
0 0.579688 0.885417 0.246875 0.225000
1 0.712500 0.569792 0.181250 0.189583
1 0.236719 0.033333 0.198437 0.066667
1 0.659375 0.046875 0.178125 0.089583
1 0.559375 0.053125 0.156250 0.106250
1 0.057813 0.589583 0.115625 0.237500
1 0.945312 0.488542 0.109375 0.239583
1 0.947656 0.739583 0.101562 0.212500
1 0.035156 0.944792 0.070312 0.110417
2 0.425000 0.838542 0.078125 0.097917
1 0.147656 0.537500 0.157813 0.270833
2 0.670313 0.226042 0.068750 0.081250
1 0.823438 0.072917 0.206250 0.145833
1 0.914062 0.251042 0.146875 0.239583
1 0.897656 0.595833 0.173438 0.225000
1 0.164844 0.828125 0.179688 0.243750
1 0.144531 0.091667 0.176563 0.183333
1 0.153906 0.229167 0.142188 0.204167
0 0.307813 0.448958 0.196875 0.243750
1 0.610938 0.423958 0.165625 0.197917
1 0.312500 0.891667 0.168750 0.216667
1 0.873438 0.488542 0.146875 0.181250
1 0.060938 0.227083 0.121875 0.233333
1 0.898438 0.913542 0.159375 0.172917
0 0.579688 0.885417 0.246875 0.225000
1 0.712500 0.569792 0.181250 0.189583
1 0.236719 0.033333 0.198437 0.066667
1 0.659375 0.046875 0.178125 0.089583
1 0.559375 0.053125 0.156250 0.106250
1 0.057813 0.589583 0.115625 0.237500
1 0.945312 0.488542 0.109375 0.239583
1 0.947656 0.739583 0.101562 0.212500
1 0.035156 0.944792 0.070312 0.110417
2 0.425000 0.838542 0.078125 0.097917
1 0.147656 0.537500 0.157813 0.270833
2 0.670313 0.226042 0.068750 0.081250
1 0.823438 0.072917 0.206250 0.145833
1 0.914062 0.251042 0.146875 0.239583
1 0.897656 0.595833 0.173438 0.225000
1 0.164844 0.828125 0.179688 0.243750
1 0.144531 0.091667 0.176563 0.183333
1 0.153906 0.229167 0.142188 0.204167
0 0.307813 0.448958 0.196875 0.243750
1 0.610938 0.423958 0.165625 0.197917
1 0.312500 0.891667 0.168750 0.216667
1 0.873438 0.488542 0.146875 0.181250
1 0.060938 0.227083 0.121875 0.233333
1 0.898438 0.913542 0.159375 0.172917
0 0.579688 0.885417 0.246875 0.225000
1 0.712500 0.569792 0.181250 0.189583
1 0.236719 0.033333 0.198437 0.066667
1 0.659375 0.046875 0.178125 0.089583
1 0.559375 0.053125 0.156250 0.106250
1 0.057813 0.589583 0.115625 0.237500
1 0.945312 0.488542 0.109375 0.239583
1 0.947656 0.739583 0.101562 0.212500
1 0.035156 0.944792 0.070312 0.110417
2 0.425000 0.838542 0.078125 0.097917
1 0.147656 0.537500 0.157813 0.270833
2 0.670313 0.226042 0.068750 0.081250
1 0.823438 0.072917 0.206250 0.145833
1 0.914062 0.251042 0.146875 0.239583
1 0.897656 0.595833 0.173438 0.225000
1 0.164844 0.828125 0.179688 0.243750
1 0.144531 0.091667 0.176563 0.183333
1 0.153906 0.229167 0.142188 0.204167
0 0.307813 0.448958 0.196875 0.243750
1 0.610938 0.423958 0.165625 0.197917
1 0.312500 0.891667 0.168750 0.216667
1 0.873438 0.488542 0.146875 0.181250
1 0.060938 0.227083 0.121875 0.233333
1 0.898438 0.913542 0.159375 0.172917
0 0.579688 0.885417 0.246875 0.225000
1 0.712500 0.569792 0.181250 0.189583
1 0.236719 0.033333 0.198437 0.066667
1 0.659375 0.046875 0.178125 0.089583
1 0.559375 0.053125 0.156250 0.106250
1 0.057813 0.589583 0.115625 0.237500
1 0.945312 0.488542 0.109375 0.239583
1 0.947656 0.739583 0.101562 0.212500
1 0.035156 0.944792 0.070312 0.110417
2 0.425000 0.838542 0.078125 0.097917
1 0.147656 0.537500 0.157813 0.270833
2 0.670313 0.226042 0.068750 0.081250
1 0.823438 0.072917 0.206250 0.145833
1 0.914062 0.251042 0.146875 0.239583
1 0.897656 0.595833 0.173438 0.225000
1 0.164844 0.828125 0.179688 0.243750
1 0.144531 0.091667 0.176563 0.183333
1 0.153906 0.229167 0.142188 0.204167
0 0.307813 0.448958 0.196875 0.243750
1 0.610938 0.423958 0.165625 0.197917
1 0.312500 0.891667 0.168750 0.216667
1 0.873438 0.488542 0.146875 0.181250
1 0.060938 0.227083 0.121875 0.233333
1 0.898438 0.913542 0.159375 0.172917
0 0.579688 0.885417 0.246875 0.225000
1 0.712500 0.569792 0.181250 0.189583
1 0.236719 0.033333 0.198437 0.066667
1 0.659375 0.046875 0.178125 0.089583
1 0.559375 0.053125 0.156250 0.106250
1 0.057813 0.589583 0.115625 0.237500
1 0.945312 0.488542 0.109375 0.239583
1 0.947656 0.739583 0.101562 0.212500
1 0.035156 0.944792 0.070312 0.110417
2 0.425000 0.838542 0.078125 0.097917
1 0.147656 0.537500 0.157813 0.270833
2 0.670313 0.226042 0.068750 0.081250
1 0.823438 0.072917 0.206250 0.145833
1 0.914062 0.251042 0.146875 0.239583
1 0.897656 0.595833 0.173438 0.225000
1 0.164844 0.828125 0.179688 0.243750
1 0.144531 0.091667 0.176563 0.183333
1 0.153906 0.229167 0.142188 0.204167
0 0.307813 0.448958 0.196875 0.243750
1 0.610938 0.423958 0.165625 0.197917
1 0.312500 0.891667 0.168750 0.216667
1 0.873438 0.488542 0.146875 0.181250
1 0.060938 0.227083 0.121875 0.233333
1 0.898438 0.913542 0.159375 0.172917
0 0.579688 0.885417 0.246875 0.225000
1 0.712500 0.569792 0.181250 0.189583
