1 0.444531 0.211458 0.170313 0.243750
1 0.014844 0.836458 0.029687 0.189583
1 0.128125 0.891667 0.203125 0.216667
1 0.054688 0.309375 0.109375 0.260417
1 0.367188 0.889583 0.175000 0.204167
1 0.482812 0.951042 0.162500 0.097917
1 0.864062 0.428125 0.153125 0.193750
1 0.321875 0.854167 0.156250 0.191667
1 0.236719 0.805208 0.164062 0.214583
1 0.939063 0.418750 0.121875 0.220833
1 0.252344 0.594792 0.170313 0.197917
1 0.648438 0.232292 0.162500 0.172917
2 0.664844 0.859375 0.067188 0.081250
1 0.913281 0.868750 0.164062 0.212500
1 0.892188 0.145833 0.168750 0.216667
1 0.762500 0.435417 0.171875 0.229167
1 0.116406 0.092708 0.173438 0.185417
1 0.592188 0.479167 0.156250 0.208333
0 0.209375 0.282292 0.228125 0.314583
1 0.444531 0.211458 0.170313 0.243750
1 0.014844 0.836458 0.029687 0.189583
1 0.128125 0.891667 0.203125 0.216667
1 0.054688 0.309375 0.109375 0.260417
1 0.367188 0.889583 0.175000 0.204167
1 0.482812 0.951042 0.162500 0.097917
1 0.864062 0.428125 0.153125 0.193750
1 0.321875 0.854167 0.156250 0.191667
1 0.236719 0.805208 0.164062 0.214583
1 0.939063 0.418750 0.121875 0.220833
1 0.252344 0.594792 0.170313 0.197917
1 0.648438 0.232292 0.162500 0.172917
2 0.664844 0.859375 0.067188 0.081250
1 0.913281 0.868750 0.164062 0.212500
1 0.892188 0.145833 0.168750 0.216667
1 0.762500 0.435417 0.171875 0.229167
1 0.116406 0.092708 0.173438 0.185417
1 0.592188 0.479167 0.156250 0.208333
0 0.209375 0.282292 0.228125 0.314583
1 0.444531 0.211458 0.170313 0.243750
1 0.014844 0.836458 0.029687 0.189583
1 0.128125 0.891667 0.203125 0.216667
1 0.054688 0.309375 0.109375 0.260417
1 0.367188 0.889583 0.175000 0.204167
1 0.482812 0.951042 0.162500 0.097917
1 0.864062 0.428125 0.153125 0.193750
1 0.321875 0.854167 0.156250 0.191667
1 0.236719 0.805208 0.164062 0.214583
1 0.939063 0.418750 0.121875 0.220833
1 0.252344 0.594792 0.170313 0.197917
1 0.648438 0.232292 0.162500 0.172917
2 0.664844 0.859375 0.067188 0.081250
1 0.913281 0.868750 0.164062 0.212500
1 0.892188 0.145833 0.168750 0.216667
1 0.762500 0.435417 0.171875 0.229167
1 0.116406 0.092708 0.173438 0.185417
1 0.592188 0.479167 0.156250 0.208333
0 0.209375 0.282292 0.228125 0.314583
1 0.444531 0.211458 0.170313 0.243750
1 0.014844 0.836458 0.029687 0.189583
1 0.128125 0.891667 0.203125 0.216667
1 0.054688 0.309375 0.109375 0.260417
1 0.367188 0.889583 0.175000 0.204167
1 0.482812 0.951042 0.162500 0.097917
1 0.864062 0.428125 0.153125 0.193750
1 0.321875 0.854167 0.156250 0.191667
1 0.236719 0.805208 0.164062 0.214583
1 0.939063 0.418750 0.121875 0.220833
1 0.252344 0.594792 0.170313 0.197917
1 0.648438 0.232292 0.162500 0.172917
2 0.664844 0.859375 0.067188 0.081250
1 0.913281 0.868750 0.164062 0.212500
1 0.892188 0.145833 0.168750 0.216667
1 0.762500 0.435417 0.171875 0.229167
1 0.116406 0.092708 0.173438 0.185417
1 0.592188 0.479167 0.156250 0.208333
0 0.209375 0.282292 0.228125 0.314583
1 0.444531 0.211458 0.170313 0.243750
1 0.014844 0.836458 0.029687 0.189583
1 0.128125 0.891667 0.203125 0.216667
1 0.054688 0.309375 0.109375 0.260417
1 0.367188 0.889583 0.175000 0.204167
1 0.482812 0.951042 0.162500 0.097917
1 0.864062 0.428125 0.153125 0.193750
1 0.321875 0.854167 0.156250 0.191667
1 0.236719 0.805208 0.164062 0.214583
1 0.939063 0.418750 0.121875 0.220833
1 0.252344 0.594792 0.170313 0.197917
1 0.648438 0.232292 0.162500 0.172917
2 0.664844 0.859375 0.067188 0.081250
1 0.913281 0.868750 0.164062 0.212500
1 0.892188 0.145833 0.168750 0.216667
1 0.762500 0.435417 0.171875 0.229167
1 0.116406 0.092708 0.173438 0.185417
1 0.592188 0.479167 0.156250 0.208333
0 0.209375 0.282292 0.228125 0.314583
1 0.444531 0.211458 0.170313 0.243750
1 0.014844 0.836458 0.029687 0.189583
1 0.128125 0.891667 0.203125 0.216667
1 0.054688 0.309375 0.109375 0.260417
1 0.367188 0.889583 0.175000 0.204167
1 0.482812 0.951042 0.162500 0.097917
1 0.864062 0.428125 0.153125 0.193750
1 0.321875 0.854167 0.156250 0.191667
1 0.236719 0.805208 0.164062 0.214583
1 0.939063 0.418750 0.121875 0.220833
1 0.252344 0.594792 0.170313 0.197917
1 0.648438 0.232292 0.162500 0.172917
2 0.664844 0.859375 0.067188 0.081250
1 0.913281 0.868750 0.164062 0.212500
1 0.892188 0.145833 0.168750 0.216667
1 0.762500 0.435417 0.171875 0.229167
1 0.116406 0.092708 0.173438 0.185417
1 0.592188 0.479167 0.156250 0.208333
0 0.209375 0.282292 0.228125 0.314583
1 0.444531 0.211458 0.170313 0.243750
1 0.014844 0.836458 0.029687 0.189583
1 0.128125 0.891667 0.203125 0.216667
1 0.054688 0.309375 0.109375 0.260417
1 0.367188 0.889583 0.175000 0.204167
1 0.482812 0.951042 0.162500 0.097917
1 0.864062 0.428125 0.153125 0.193750
1 0.321875 0.854167 0.156250 0.191667
1 0.236719 0.805208 0.164062 0.214583
1 0.939063 0.418750 0.121875 0.220833
1 0.252344 0.594792 0.170313 0.197917
1 0.648438 0.232292 0.162500 0.172917
2 0.664844 0.859375 0.067188 0.081250
1 0.913281 0.868750 0.164062 0.212500
1 0.892188 0.145833 0.168750 0.216667
1 0.762500 0.435417 0.171875 0.229167
1 0.116406 0.092708 0.173438 0.185417
1 0.592188 0.479167 0.156250 0.208333
0 0.209375 0.282292 0.228125 0.314583
1 0.444531 0.211458 0.170313 0.243750
1 0.014844 0.836458 0.029687 0.189583
1 0.128125 0.891667 0.203125 0.216667
1 0.054688 0.309375 0.109375 0.260417
1 0.367188 0.889583 0.175000 0.204167
1 0.482812 0.951042 0.162500 0.097917
1 0.864062 0.428125 0.153125 0.193750
1 0.321875 0.854167 0.156250 0.191667
1 0.236719 0.805208 0.164062 0.214583
1 0.939063 0.418750 0.121875 0.220833
1 0.252344 0.594792 0.170313 0.197917
1 0.648438 0.232292 0.162500 0.172917
2 0.664844 0.859375 0.067188 0.081250
1 0.913281 0.868750 0.164062 0.212500
1 0.892188 0.145833 0.168750 0.216667
1 0.762500 0.435417 0.171875 0.229167
1 0.116406 0.092708 0.173438 0.185417
1 0.592188 0.479167 0.156250 0.208333
0 0.209375 0.282292 0.228125 0.314583
1 0.444531 0.211458 0.170313 0.243750
1 0.014844 0.836458 0.029687 0.189583
1 0.128125 0.891667 0.203125 0.216667
1 0.054688 0.309375 0.109375 0.260417
1 0.367188 0.889583 0.175000 0.204167
1 0.482812 0.951042 0.162500 0.097917
1 0.864062 0.428125 0.153125 0.193750
1 0.321875 0.854167 0.156250 0.191667
1 0.236719 0.805208 0.164062 0.214583
1 0.939063 0.418750 0.121875 0.220833
1 0.252344 0.594792 0.170313 0.197917
1 0.648438 0.232292 0.162500 0.172917
2 0.664844 0.859375 0.067188 0.081250
1 0.913281 0.868750 0.164062 0.212500
1 0.892188 0.145833 0.168750 0.216667
1 0.762500 0.435417 0.171875 0.229167
1 0.116406 0.092708 0.173438 0.185417
1 0.592188 0.479167 0.156250 0.208333
0 0.209375 0.282292 0.228125 0.314583
1 0.444531 0.211458 0.170313 0.243750
1 0.014844 0.836458 0.029687 0.189583
1 0.128125 0.891667 0.203125 0.216667
1 0.054688 0.309375 0.109375 0.260417
1 0.367188 0.889583 0.175000 0.204167
1 0.482812 0.951042 0.162500 0.097917
1 0.864062 0.428125 0.153125 0.193750
1 0.321875 0.854167 0.156250 0.191667
1 0.236719 0.805208 0.164062 0.214583
1 0.939063 0.418750 0.121875 0.220833
1 0.252344 0.594792 0.170313 0.197917
1 0.648438 0.232292 0.162500 0.172917
2 0.664844 0.859375 0.067188 0.081250
1 0.913281 0.868750 0.164062 0.212500
1 0.892188 0.145833 0.168750 0.216667
1 0.762500 0.435417 0.171875 0.229167
1 0.116406 0.092708 0.173438 0.185417
1 0.592188 0.479167 0.156250 0.208333
0 0.209375 0.282292 0.228125 0.314583
1 0.444531 0.211458 0.170313 0.243750
1 0.014844 0.836458 0.029687 0.189583
1 0.128125 0.891667 0.203125 0.216667
1 0.054688 0.309375 0.109375 0.260417
1 0.367188 0.889583 0.175000 0.204167
1 0.482812 0.951042 0.162500 0.097917
1 0.864062 0.428125 0.153125 0.193750
1 0.321875 0.854167 0.156250 0.191667
1 0.236719 0.805208 0.164062 0.214583
1 0.939063 0.418750 0.121875 0.220833
1 0.252344 0.594792 0.170313 0.197917
1 0.648438 0.232292 0.162500 0.172917
2 0.664844 0.859375 0.067188 0.081250
1 0.913281 0.868750 0.164062 0.212500
1 0.892188 0.145833 0.168750 0.216667
1 0.762500 0.435417 0.171875 0.229167
1 0.116406 0.092708 0.173438 0.185417
1 0.592188 0.479167 0.156250 0.208333
0 0.209375 0.282292 0.228125 0.314583
1 0.444531 0.211458 0.170313 0.243750
1 0.014844 0.836458 0.029687 0.189583
1 0.128125 0.891667 0.203125 0.216667
1 0.054688 0.309375 0.109375 0.260417
1 0.367188 0.889583 0.175000 0.204167
1 0.482812 0.951042 0.162500 0.097917
1 0.864062 0.428125 0.153125 0.193750
1 0.321875 0.854167 0.156250 0.191667
1 0.236719 0.805208 0.164062 0.214583
1 0.939063 0.418750 0.121875 0.220833
1 0.252344 0.594792 0.170313 0.197917
1 0.648438 0.232292 0.162500 0.172917
2 0.664844 0.859375 0.067188 0.081250
1 0.913281 0.868750 0.164062 0.212500
1 0.892188 0.145833 0.168750 0.216667
1 0.762500 0.435417 0.171875 0.229167
1 0.116406 0.092708 0.173438 0.185417
1 0.592188 0.479167 0.156250 0.208333
0 0.209375 0.282292 0.228125 0.314583
1 0.444531 0.211458 0.170313 0.243750
1 0.014844 0.836458 0.029687 0.189583
1 0.128125 0.891667 0.203125 0.216667
1 0.054688 0.309375 0.109375 0.260417
1 0.367188 0.889583 0.175000 0.204167
1 0.482812 0.951042 0.162500 0.097917
1 0.864062 0.428125 0.153125 0.193750
1 0.321875 0.854167 0.156250 0.191667
1 0.236719 0.805208 0.164062 0.214583
1 0.939063 0.418750 0.121875 0.220833
1 0.252344 0.594792 0.170313 0.197917
1 0.648438 0.232292 0.162500 0.172917
2 0.664844 0.859375 0.067188 0.081250
1 0.913281 0.868750 0.164062 0.212500
1 0.892188 0.145833 0.168750 0.216667
1 0.762500 0.435417 0.171875 0.229167
1 0.116406 0.092708 0.173438 0.185417
1 0.592188 0.479167 0.156250 0.208333
0 0.209375 0.282292 0.228125 0.314583
1 0.444531 0.211458 0.170313 0.243750
1 0.014844 0.836458 0.029687 0.189583
1 0.128125 0.891667 0.203125 0.216667
1 0.054688 0.309375 0.109375 0.260417
1 0.367188 0.889583 0.175000 0.204167
1 0.482812 0.951042 0.162500 0.097917
1 0.864062 0.428125 0.153125 0.193750
1 0.321875 0.854167 0.156250 0.191667
1 0.236719 0.805208 0.164062 0.214583
1 0.939063 0.418750 0.121875 0.220833
1 0.252344 0.594792 0.170313 0.197917
1 0.648438 0.232292 0.162500 0.172917
2 0.664844 0.859375 0.067188 0.081250
1 0.913281 0.868750 0.164062 0.212500
1 0.892188 0.145833 0.168750 0.216667
1 0.762500 0.435417 0.171875 0.229167
1 0.116406 0.092708 0.173438 0.185417
1 0.592188 0.479167 0.156250 0.208333
0 0.209375 0.282292 0.228125 0.314583
1 0.444531 0.211458 0.170313 0.243750
1 0.014844 0.836458 0.029687 0.189583
1 0.128125 0.891667 0.203125 0.216667
1 0.054688 0.309375 0.109375 0.260417
1 0.367188 0.889583 0.175000 0.204167
1 0.482812 0.951042 0.162500 0.097917
1 0.864062 0.428125 0.153125 0.193750
1 0.321875 0.854167 0.156250 0.191667
1 0.236719 0.805208 0.164062 0.214583
1 0.939063 0.418750 0.121875 0.220833
1 0.252344 0.594792 0.170313 0.197917
1 0.648438 0.232292 0.162500 0.172917
2 0.664844 0.859375 0.067188 0.081250
1 0.913281 0.868750 0.164062 0.212500
1 0.892188 0.145833 0.168750 0.216667
1 0.762500 0.435417 0.171875 0.229167
1 0.116406 0.092708 0.173438 0.185417
1 0.592188 0.479167 0.156250 0.208333
0 0.209375 0.282292 0.228125 0.314583
1 0.444531 0.211458 0.170313 0.243750
1 0.014844 0.836458 0.029687 0.189583
1 0.128125 0.891667 0.203125 0.216667
1 0.054688 0.309375 0.109375 0.260417
1 0.367188 0.889583 0.175000 0.204167
1 0.482812 0.951042 0.162500 0.097917
1 0.864062 0.428125 0.153125 0.193750
1 0.321875 0.854167 0.156250 0.191667
1 0.236719 0.805208 0.164062 0.214583
1 0.939063 0.418750 0.121875 0.220833
1 0.252344 0.594792 0.170313 0.197917
1 0.648438 0.232292 0.162500 0.172917
2 0.664844 0.859375 0.067188 0.081250
1 0.913281 0.868750 0.164062 0.212500
1 0.892188 0.145833 0.168750 0.216667
1 0.762500 0.435417 0.171875 0.229167
1 0.116406 0.092708 0.173438 0.185417
1 0.592188 0.479167 0.156250 0.208333
0 0.209375 0.282292 0.228125 0.314583
1 0.444531 0.211458 0.170313 0.243750
1 0.014844 0.836458 0.029687 0.189583
1 0.128125 0.891667 0.203125 0.216667
1 0.054688 0.309375 0.109375 0.260417
1 0.367188 0.889583 0.175000 0.204167
1 0.482812 0.951042 0.162500 0.097917
1 0.864062 0.428125 0.153125 0.193750
1 0.321875 0.854167 0.156250 0.191667
1 0.236719 0.805208 0.164062 0.214583
1 0.939063 0.418750 0.121875 0.220833
1 0.252344 0.594792 0.170313 0.197917
1 0.648438 0.232292 0.162500 0.172917
2 0.664844 0.859375 0.067188 0.081250
1 0.913281 0.868750 0.164062 0.212500
1 0.892188 0.145833 0.168750 0.216667
1 0.762500 0.435417 0.171875 0.229167
1 0.116406 0.092708 0.173438 0.185417
1 0.592188 0.479167 0.156250 0.208333
0 0.209375 0.282292 0.228125 0.314583
1 0.444531 0.211458 0.170313 0.243750
1 0.014844 0.836458 0.029687 0.189583
1 0.128125 0.891667 0.203125 0.216667
1 0.054688 0.309375 0.109375 0.260417
1 0.367188 0.889583 0.175000 0.204167
1 0.482812 0.951042 0.162500 0.097917
1 0.864062 0.428125 0.153125 0.193750
1 0.321875 0.854167 0.156250 0.191667
1 0.236719 0.805208 0.164062 0.214583
1 0.939063 0.418750 0.121875 0.220833
1 0.252344 0.594792 0.170313 0.197917
1 0.648438 0.232292 0.162500 0.172917
2 0.664844 0.859375 0.067188 0.081250
1 0.913281 0.868750 0.164062 0.212500
1 0.892188 0.145833 0.168750 0.216667
1 0.762500 0.435417 0.171875 0.229167
1 0.116406 0.092708 0.173438 0.185417
1 0.592188 0.479167 0.156250 0.208333
0 0.209375 0.282292 0.228125 0.314583
1 0.444531 0.211458 0.170313 0.243750
1 0.014844 0.836458 0.029687 0.189583
1 0.128125 0.891667 0.203125 0.216667
1 0.054688 0.309375 0.109375 0.260417
1 0.367188 0.889583 0.175000 0.204167
1 0.482812 0.951042 0.162500 0.097917
1 0.864062 0.428125 0.153125 0.193750
1 0.321875 0.854167 0.156250 0.191667
1 0.236719 0.805208 0.164062 0.214583
1 0.939063 0.418750 0.121875 0.220833
1 0.252344 0.594792 0.170313 0.197917
1 0.648438 0.232292 0.162500 0.172917
2 0.664844 0.859375 0.067188 0.081250
1 0.913281 0.868750 0.164062 0.212500
1 0.892188 0.145833 0.168750 0.216667
1 0.762500 0.435417 0.171875 0.229167
1 0.116406 0.092708 0.173438 0.185417
1 0.592188 0.479167 0.156250 0.208333
0 0.209375 0.282292 0.228125 0.314583
