1 0.031250 0.568750 0.062500 0.191667
1 0.931250 0.197917 0.137500 0.220833
1 0.103125 0.653125 0.184375 0.210417
1 0.939063 0.333333 0.121875 0.262500
1 0.535156 0.058333 0.170313 0.116667
2 0.959375 0.857292 0.062500 0.081250
1 0.035937 0.450000 0.068750 0.195833
1 0.603125 0.940625 0.165625 0.114583
1 0.955469 0.690625 0.089063 0.247917
1 0.583594 0.244792 0.207813 0.231250
1 0.046094 0.855208 0.092188 0.177083
1 0.050000 0.218750 0.100000 0.220833
1 0.629687 0.413542 0.150000 0.214583
1 0.132031 0.936458 0.148438 0.127083
1 0.715625 0.628125 0.187500 0.243750
1 0.299219 0.904167 0.145313 0.183333
1 0.721094 0.890625 0.164062 0.218750
1 0.364063 0.680208 0.153125 0.210417
1 0.798438 0.297917 0.178125 0.229167
0 0.307813 0.222917 0.387500 0.445833
1 0.031250 0.568750 0.062500 0.191667
1 0.931250 0.197917 0.137500 0.220833
1 0.103125 0.653125 0.184375 0.210417
1 0.939063 0.333333 0.121875 0.262500
1 0.535156 0.058333 0.170313 0.116667
2 0.959375 0.857292 0.062500 0.081250
1 0.035937 0.450000 0.068750 0.195833
1 0.603125 0.940625 0.165625 0.114583
1 0.955469 0.690625 0.089063 0.247917
1 0.583594 0.244792 0.207813 0.231250
1 0.046094 0.855208 0.092188 0.177083
1 0.050000 0.218750 0.100000 0.220833
1 0.629687 0.413542 0.150000 0.214583
1 0.132031 0.936458 0.148438 0.127083
1 0.715625 0.628125 0.187500 0.243750
1 0.299219 0.904167 0.145313 0.183333
1 0.721094 0.890625 0.164062 0.218750
1 0.364063 0.680208 0.153125 0.210417
1 0.798438 0.297917 0.178125 0.229167
0 0.307813 0.222917 0.387500 0.445833
1 0.031250 0.568750 0.062500 0.191667
1 0.931250 0.197917 0.137500 0.220833
1 0.103125 0.653125 0.184375 0.210417
1 0.939063 0.333333 0.121875 0.262500
1 0.535156 0.058333 0.170313 0.116667
2 0.959375 0.857292 0.062500 0.081250
1 0.035937 0.450000 0.068750 0.195833
1 0.603125 0.940625 0.165625 0.114583
1 0.955469 0.690625 0.089063 0.247917
1 0.583594 0.244792 0.207813 0.231250
1 0.046094 0.855208 0.092188 0.177083
1 0.050000 0.218750 0.100000 0.220833
1 0.629687 0.413542 0.150000 0.214583
1 0.132031 0.936458 0.148438 0.127083
1 0.715625 0.628125 0.187500 0.243750
1 0.299219 0.904167 0.145313 0.183333
1 0.721094 0.890625 0.164062 0.218750
1 0.364063 0.680208 0.153125 0.210417
1 0.798438 0.297917 0.178125 0.229167
0 0.307813 0.222917 0.387500 0.445833
1 0.031250 0.568750 0.062500 0.191667
1 0.931250 0.197917 0.137500 0.220833
1 0.103125 0.653125 0.184375 0.210417
1 0.939063 0.333333 0.121875 0.262500
1 0.535156 0.058333 0.170313 0.116667
2 0.959375 0.857292 0.062500 0.081250
1 0.035937 0.450000 0.068750 0.195833
1 0.603125 0.940625 0.165625 0.114583
1 0.955469 0.690625 0.089063 0.247917
1 0.583594 0.244792 0.207813 0.231250
1 0.046094 0.855208 0.092188 0.177083
1 0.050000 0.218750 0.100000 0.220833
1 0.629687 0.413542 0.150000 0.214583
1 0.132031 0.936458 0.148438 0.127083
1 0.715625 0.628125 0.187500 0.243750
1 0.299219 0.904167 0.145313 0.183333
1 0.721094 0.890625 0.164062 0.218750
1 0.364063 0.680208 0.153125 0.210417
1 0.798438 0.297917 0.178125 0.229167
0 0.307813 0.222917 0.387500 0.445833
1 0.031250 0.568750 0.062500 0.191667
1 0.931250 0.197917 0.137500 0.220833
1 0.103125 0.653125 0.184375 0.210417
1 0.939063 0.333333 0.121875 0.262500
1 0.535156 0.058333 0.170313 0.116667
2 0.959375 0.857292 0.062500 0.081250
1 0.035937 0.450000 0.068750 0.195833
1 0.603125 0.940625 0.165625 0.114583
1 0.955469 0.690625 0.089063 0.247917
1 0.583594 0.244792 0.207813 0.231250
1 0.046094 0.855208 0.092188 0.177083
1 0.050000 0.218750 0.100000 0.220833
1 0.629687 0.413542 0.150000 0.214583
1 0.132031 0.936458 0.148438 0.127083
1 0.715625 0.628125 0.187500 0.243750
1 0.299219 0.904167 0.145313 0.183333
1 0.721094 0.890625 0.164062 0.218750
1 0.364063 0.680208 0.153125 0.210417
1 0.798438 0.297917 0.178125 0.229167
0 0.307813 0.222917 0.387500 0.445833
1 0.031250 0.568750 0.062500 0.191667
1 0.931250 0.197917 0.137500 0.220833
1 0.103125 0.653125 0.184375 0.210417
1 0.939063 0.333333 0.121875 0.262500
1 0.535156 0.058333 0.170313 0.116667
2 0.959375 0.857292 0.062500 0.081250
1 0.035937 0.450000 0.068750 0.195833
1 0.603125 0.940625 0.165625 0.114583
1 0.955469 0.690625 0.089063 0.247917
1 0.583594 0.244792 0.207813 0.231250
1 0.046094 0.855208 0.092188 0.177083
1 0.050000 0.218750 0.100000 0.220833
1 0.629687 0.413542 0.150000 0.214583
1 0.132031 0.936458 0.148438 0.127083
1 0.715625 0.628125 0.187500 0.243750
1 0.299219 0.904167 0.145313 0.183333
1 0.721094 0.890625 0.164062 0.218750
1 0.364063 0.680208 0.153125 0.210417
1 0.798438 0.297917 0.178125 0.229167
0 0.307813 0.222917 0.387500 0.445833
1 0.031250 0.568750 0.062500 0.191667
1 0.931250 0.197917 0.137500 0.220833
1 0.103125 0.653125 0.184375 0.210417
1 0.939063 0.333333 0.121875 0.262500
1 0.535156 0.058333 0.170313 0.116667
2 0.959375 0.857292 0.062500 0.081250
1 0.035937 0.450000 0.068750 0.195833
1 0.603125 0.940625 0.165625 0.114583
1 0.955469 0.690625 0.089063 0.247917
1 0.583594 0.244792 0.207813 0.231250
1 0.046094 0.855208 0.092188 0.177083
1 0.050000 0.218750 0.100000 0.220833
1 0.629687 0.413542 0.150000 0.214583
1 0.132031 0.936458 0.148438 0.127083
1 0.715625 0.628125 0.187500 0.243750
1 0.299219 0.904167 0.145313 0.183333
1 0.721094 0.890625 0.164062 0.218750
1 0.364063 0.680208 0.153125 0.210417
1 0.798438 0.297917 0.178125 0.229167
0 0.307813 0.222917 0.387500 0.445833
1 0.031250 0.568750 0.062500 0.191667
1 0.931250 0.197917 0.137500 0.220833
1 0.103125 0.653125 0.184375 0.210417
1 0.939063 0.333333 0.121875 0.262500
1 0.535156 0.058333 0.170313 0.116667
2 0.959375 0.857292 0.062500 0.081250
1 0.035937 0.450000 0.068750 0.195833
1 0.603125 0.940625 0.165625 0.114583
1 0.955469 0.690625 0.089063 0.247917
1 0.583594 0.244792 0.207813 0.231250
1 0.046094 0.855208 0.092188 0.177083
1 0.050000 0.218750 0.100000 0.220833
1 0.629687 0.413542 0.150000 0.214583
1 0.132031 0.936458 0.148438 0.127083
1 0.715625 0.628125 0.187500 0.243750
1 0.299219 0.904167 0.145313 0.183333
1 0.721094 0.890625 0.164062 0.218750
1 0.364063 0.680208 0.153125 0.210417
1 0.798438 0.297917 0.178125 0.229167
0 0.307813 0.222917 0.387500 0.445833
1 0.031250 0.568750 0.062500 0.191667
1 0.931250 0.197917 0.137500 0.220833
1 0.103125 0.653125 0.184375 0.210417
1 0.939063 0.333333 0.121875 0.262500
1 0.535156 0.058333 0.170313 0.116667
2 0.959375 0.857292 0.062500 0.081250
1 0.035937 0.450000 0.068750 0.195833
1 0.603125 0.940625 0.165625 0.114583
1 0.955469 0.690625 0.089063 0.247917
1 0.583594 0.244792 0.207813 0.231250
1 0.046094 0.855208 0.092188 0.177083
1 0.050000 0.218750 0.100000 0.220833
1 0.629687 0.413542 0.150000 0.214583
1 0.132031 0.936458 0.148438 0.127083
1 0.715625 0.628125 0.187500 0.243750
1 0.299219 0.904167 0.145313 0.183333
1 0.721094 0.890625 0.164062 0.218750
1 0.364063 0.680208 0.153125 0.210417
1 0.798438 0.297917 0.178125 0.229167
0 0.307813 0.222917 0.387500 0.445833
1 0.031250 0.568750 0.062500 0.191667
1 0.931250 0.197917 0.137500 0.220833
1 0.103125 0.653125 0.184375 0.210417
1 0.939063 0.333333 0.121875 0.262500
1 0.535156 0.058333 0.170313 0.116667
2 0.959375 0.857292 0.062500 0.081250
1 0.035937 0.450000 0.068750 0.195833
1 0.603125 0.940625 0.165625 0.114583
1 0.955469 0.690625 0.089063 0.247917
1 0.583594 0.244792 0.207813 0.231250
1 0.046094 0.855208 0.092188 0.177083
1 0.050000 0.218750 0.100000 0.220833
1 0.629687 0.413542 0.150000 0.214583
1 0.132031 0.936458 0.148438 0.127083
1 0.715625 0.628125 0.187500 0.243750
1 0.299219 0.904167 0.145313 0.183333
1 0.721094 0.890625 0.164062 0.218750
1 0.364063 0.680208 0.153125 0.210417
1 0.798438 0.297917 0.178125 0.229167
0 0.307813 0.222917 0.387500 0.445833
1 0.031250 0.568750 0.062500 0.191667
1 0.931250 0.197917 0.137500 0.220833
1 0.103125 0.653125 0.184375 0.210417
1 0.939063 0.333333 0.121875 0.262500
1 0.535156 0.058333 0.170313 0.116667
2 0.959375 0.857292 0.062500 0.081250
1 0.035937 0.450000 0.068750 0.195833
1 0.603125 0.940625 0.165625 0.114583
1 0.955469 0.690625 0.089063 0.247917
1 0.583594 0.244792 0.207813 0.231250
1 0.046094 0.855208 0.092188 0.177083
1 0.050000 0.218750 0.100000 0.220833
1 0.629687 0.413542 0.150000 0.214583
1 0.132031 0.936458 0.148438 0.127083
1 0.715625 0.628125 0.187500 0.243750
1 0.299219 0.904167 0.145313 0.183333
1 0.721094 0.890625 0.164062 0.218750
1 0.364063 0.680208 0.153125 0.210417
1 0.798438 0.297917 0.178125 0.229167
0 0.307813 0.222917 0.387500 0.445833
1 0.031250 0.568750 0.062500 0.191667
1 0.931250 0.197917 0.137500 0.220833
1 0.103125 0.653125 0.184375 0.210417
1 0.939063 0.333333 0.121875 0.262500
1 0.535156 0.058333 0.170313 0.116667
2 0.959375 0.857292 0.062500 0.081250
1 0.035937 0.450000 0.068750 0.195833
1 0.603125 0.940625 0.165625 0.114583
1 0.955469 0.690625 0.089063 0.247917
1 0.583594 0.244792 0.207813 0.231250
1 0.046094 0.855208 0.092188 0.177083
1 0.050000 0.218750 0.100000 0.220833
1 0.629687 0.413542 0.150000 0.214583
1 0.132031 0.936458 0.148438 0.127083
1 0.715625 0.628125 0.187500 0.243750
1 0.299219 0.904167 0.145313 0.183333
1 0.721094 0.890625 0.164062 0.218750
1 0.364063 0.680208 0.153125 0.210417
1 0.798438 0.297917 0.178125 0.229167
0 0.307813 0.222917 0.387500 0.445833
1 0.031250 0.568750 0.062500 0.191667
1 0.931250 0.197917 0.137500 0.220833
1 0.103125 0.653125 0.184375 0.210417
1 0.939063 0.333333 0.121875 0.262500
1 0.535156 0.058333 0.170313 0.116667
2 0.959375 0.857292 0.062500 0.081250
1 0.035937 0.450000 0.068750 0.195833
1 0.603125 0.940625 0.165625 0.114583
1 0.955469 0.690625 0.089063 0.247917
1 0.583594 0.244792 0.207813 0.231250
1 0.046094 0.855208 0.092188 0.177083
1 0.050000 0.218750 0.100000 0.220833
1 0.629687 0.413542 0.150000 0.214583
1 0.132031 0.936458 0.148438 0.127083
1 0.715625 0.628125 0.187500 0.243750
1 0.299219 0.904167 0.145313 0.183333
1 0.721094 0.890625 0.164062 0.218750
1 0.364063 0.680208 0.153125 0.210417
1 0.798438 0.297917 0.178125 0.229167
0 0.307813 0.222917 0.387500 0.445833
1 0.031250 0.568750 0.062500 0.191667
1 0.931250 0.197917 0.137500 0.220833
1 0.103125 0.653125 0.184375 0.210417
1 0.939063 0.333333 0.121875 0.262500
1 0.535156 0.058333 0.170313 0.116667
2 0.959375 0.857292 0.062500 0.081250
1 0.035937 0.450000 0.068750 0.195833
1 0.603125 0.940625 0.165625 0.114583
1 0.955469 0.690625 0.089063 0.247917
1 0.583594 0.244792 0.207813 0.231250
1 0.046094 0.855208 0.092188 0.177083
1 0.050000 0.218750 0.100000 0.220833
1 0.629687 0.413542 0.150000 0.214583
1 0.132031 0.936458 0.148438 0.127083
1 0.715625 0.628125 0.187500 0.243750
1 0.299219 0.904167 0.145313 0.183333
1 0.721094 0.890625 0.164062 0.218750
1 0.364063 0.680208 0.153125 0.210417
1 0.798438 0.297917 0.178125 0.229167
0 0.307813 0.222917 0.387500 0.445833
1 0.031250 0.568750 0.062500 0.191667
1 0.931250 0.197917 0.137500 0.220833
1 0.103125 0.653125 0.184375 0.210417
1 0.939063 0.333333 0.121875 0.262500
1 0.535156 0.058333 0.170313 0.116667
2 0.959375 0.857292 0.062500 0.081250
1 0.035937 0.450000 0.068750 0.195833
1 0.603125 0.940625 0.165625 0.114583
1 0.955469 0.690625 0.089063 0.247917
1 0.583594 0.244792 0.207813 0.231250
1 0.046094 0.855208 0.092188 0.177083
1 0.050000 0.218750 0.100000 0.220833
1 0.629687 0.413542 0.150000 0.214583
1 0.132031 0.936458 0.148438 0.127083
1 0.715625 0.628125 0.187500 0.243750
1 0.299219 0.904167 0.145313 0.183333
1 0.721094 0.890625 0.164062 0.218750
1 0.364063 0.680208 0.153125 0.210417
1 0.798438 0.297917 0.178125 0.229167
0 0.307813 0.222917 0.387500 0.445833
1 0.031250 0.568750 0.062500 0.191667
1 0.931250 0.197917 0.137500 0.220833
1 0.103125 0.653125 0.184375 0.210417
1 0.939063 0.333333 0.121875 0.262500
1 0.535156 0.058333 0.170313 0.116667
2 0.959375 0.857292 0.062500 0.081250
1 0.035937 0.450000 0.068750 0.195833
1 0.603125 0.940625 0.165625 0.114583
1 0.955469 0.690625 0.089063 0.247917
1 0.583594 0.244792 0.207813 0.231250
1 0.046094 0.855208 0.092188 0.177083
1 0.050000 0.218750 0.100000 0.220833
1 0.629687 0.413542 0.150000 0.214583
1 0.132031 0.936458 0.148438 0.127083
1 0.715625 0.628125 0.187500 0.243750
1 0.299219 0.904167 0.145313 0.183333
1 0.721094 0.890625 0.164062 0.218750
1 0.364063 0.680208 0.153125 0.210417
1 0.798438 0.297917 0.178125 0.229167
0 0.307813 0.222917 0.387500 0.445833
1 0.031250 0.568750 0.062500 0.191667
1 0.931250 0.197917 0.137500 0.220833
1 0.103125 0.653125 0.184375 0.210417
1 0.939063 0.333333 0.121875 0.262500
1 0.535156 0.058333 0.170313 0.116667
2 0.959375 0.857292 0.062500 0.081250
1 0.035937 0.450000 0.068750 0.195833
1 0.603125 0.940625 0.165625 0.114583
1 0.955469 0.690625 0.089063 0.247917
1 0.583594 0.244792 0.207813 0.231250
1 0.046094 0.855208 0.092188 0.177083
1 0.050000 0.218750 0.100000 0.220833
1 0.629687 0.413542 0.150000 0.214583
1 0.132031 0.936458 0.148438 0.127083
1 0.715625 0.628125 0.187500 0.243750
1 0.299219 0.904167 0.145313 0.183333
1 0.721094 0.890625 0.164062 0.218750
1 0.364063 0.680208 0.153125 0.210417
1 0.798438 0.297917 0.178125 0.229167
0 0.307813 0.222917 0.387500 0.445833
1 0.031250 0.568750 0.062500 0.191667
1 0.931250 0.197917 0.137500 0.220833
1 0.103125 0.653125 0.184375 0.210417
1 0.939063 0.333333 0.121875 0.262500
1 0.535156 0.058333 0.170313 0.116667
2 0.959375 0.857292 0.062500 0.081250
1 0.035937 0.450000 0.068750 0.195833
1 0.603125 0.940625 0.165625 0.114583
1 0.955469 0.690625 0.089063 0.247917
1 0.583594 0.244792 0.207813 0.231250
1 0.046094 0.855208 0.092188 0.177083
1 0.050000 0.218750 0.100000 0.220833
1 0.629687 0.413542 0.150000 0.214583
1 0.132031 0.936458 0.148438 0.127083
1 0.715625 0.628125 0.187500 0.243750
1 0.299219 0.904167 0.145313 0.183333
1 0.721094 0.890625 0.164062 0.218750
1 0.364063 0.680208 0.153125 0.210417
1 0.798438 0.297917 0.178125 0.229167
0 0.307813 0.222917 0.387500 0.445833
1 0.031250 0.568750 0.062500 0.191667
1 0.931250 0.197917 0.137500 0.220833
1 0.103125 0.653125 0.184375 0.210417
1 0.939063 0.333333 0.121875 0.262500
1 0.535156 0.058333 0.170313 0.116667
2 0.959375 0.857292 0.062500 0.081250
1 0.035937 0.450000 0.068750 0.195833
1 0.603125 0.940625 0.165625 0.114583
1 0.955469 0.690625 0.089063 0.247917
1 0.583594 0.244792 0.207813 0.231250
1 0.046094 0.855208 0.092188 0.177083
1 0.050000 0.218750 0.100000 0.220833
1 0.629687 0.413542 0.150000 0.214583
1 0.132031 0.936458 0.148438 0.127083
1 0.715625 0.628125 0.187500 0.243750
1 0.299219 0.904167 0.145313 0.183333
1 0.721094 0.890625 0.164062 0.218750
1 0.364063 0.680208 0.153125 0.210417
1 0.798438 0.297917 0.178125 0.229167
0 0.307813 0.222917 0.387500 0.445833
1 0.031250 0.568750 0.062500 0.191667
1 0.931250 0.197917 0.137500 0.220833
1 0.103125 0.653125 0.184375 0.210417
1 0.939063 0.333333 0.121875 0.262500
1 0.535156 0.058333 0.170313 0.116667
2 0.959375 0.857292 0.062500 0.081250
1 0.035937 0.450000 0.068750 0.195833
1 0.603125 0.940625 0.165625 0.114583
1 0.955469 0.690625 0.089063 0.247917
1 0.583594 0.244792 0.207813 0.231250
1 0.046094 0.855208 0.092188 0.177083
1 0.050000 0.218750 0.100000 0.220833
1 0.629687 0.413542 0.150000 0.214583
1 0.132031 0.936458 0.148438 0.127083
1 0.715625 0.628125 0.187500 0.243750
1 0.299219 0.904167 0.145313 0.183333
1 0.721094 0.890625 0.164062 0.218750
1 0.364063 0.680208 0.153125 0.210417
1 0.798438 0.297917 0.178125 0.229167
0 0.307813 0.222917 0.387500 0.445833
