1 0.973437 0.685417 0.053125 0.220833
1 0.494531 0.946875 0.195312 0.106250
1 0.095312 0.968750 0.175000 0.062500
2 0.763281 0.956250 0.054688 0.070833
1 0.971094 0.045833 0.054688 0.091667
1 0.196094 0.035417 0.185938 0.070833
1 0.110156 0.817708 0.179688 0.260417
1 0.569531 0.032292 0.170313 0.064583
2 0.478125 0.221875 0.053125 0.064583
1 0.032031 0.491667 0.064062 0.195833
1 0.079687 0.285417 0.156250 0.216667
1 0.962500 0.905208 0.075000 0.189583
1 0.082813 0.070833 0.150000 0.141667
1 0.385156 0.060417 0.164062 0.120833
1 0.914844 0.172917 0.170313 0.237500
1 0.942187 0.526042 0.115625 0.218750
1 0.858594 0.653125 0.164062 0.218750
1 0.348438 0.451042 0.128125 0.285417
1 0.411719 0.767708 0.179688 0.231250
0 0.646875 0.766667 0.346875 0.429167
1 0.293750 0.195833 0.184375 0.195833
1 0.617188 0.412500 0.175000 0.212500
1 0.167187 0.579167 0.168750 0.208333
1 0.485156 0.534375 0.160938 0.214583
1 0.210938 0.402083 0.146875 0.191667
1 0.973437 0.685417 0.053125 0.220833
1 0.494531 0.946875 0.195312 0.106250
1 0.095312 0.968750 0.175000 0.062500
2 0.763281 0.956250 0.054688 0.070833
1 0.971094 0.045833 0.054688 0.091667
1 0.196094 0.035417 0.185938 0.070833
1 0.110156 0.817708 0.179688 0.260417
1 0.569531 0.032292 0.170313 0.064583
2 0.478125 0.221875 0.053125 0.064583
1 0.032031 0.491667 0.064062 0.195833
1 0.079687 0.285417 0.156250 0.216667
1 0.962500 0.905208 0.075000 0.189583
1 0.082813 0.070833 0.150000 0.141667
1 0.385156 0.060417 0.164062 0.120833
1 0.914844 0.172917 0.170313 0.237500
1 0.942187 0.526042 0.115625 0.218750
1 0.858594 0.653125 0.164062 0.218750
1 0.348438 0.451042 0.128125 0.285417
1 0.411719 0.767708 0.179688 0.231250
0 0.646875 0.766667 0.346875 0.429167
1 0.293750 0.195833 0.184375 0.195833
1 0.617188 0.412500 0.175000 0.212500
1 0.167187 0.579167 0.168750 0.208333
1 0.485156 0.534375 0.160938 0.214583
1 0.210938 0.402083 0.146875 0.191667
1 0.973437 0.685417 0.053125 0.220833
1 0.494531 0.946875 0.195312 0.106250
1 0.095312 0.968750 0.175000 0.062500
2 0.763281 0.956250 0.054688 0.070833
1 0.971094 0.045833 0.054688 0.091667
1 0.196094 0.035417 0.185938 0.070833
1 0.110156 0.817708 0.179688 0.260417
1 0.569531 0.032292 0.170313 0.064583
2 0.478125 0.221875 0.053125 0.064583
1 0.032031 0.491667 0.064062 0.195833
1 0.079687 0.285417 0.156250 0.216667
1 0.962500 0.905208 0.075000 0.189583
1 0.082813 0.070833 0.150000 0.141667
1 0.385156 0.060417 0.164062 0.120833
1 0.914844 0.172917 0.170313 0.237500
1 0.942187 0.526042 0.115625 0.218750
1 0.858594 0.653125 0.164062 0.218750
1 0.348438 0.451042 0.128125 0.285417
1 0.411719 0.767708 0.179688 0.231250
0 0.646875 0.766667 0.346875 0.429167
1 0.293750 0.195833 0.184375 0.195833
1 0.617188 0.412500 0.175000 0.212500
1 0.167187 0.579167 0.168750 0.208333
1 0.485156 0.534375 0.160938 0.214583
1 0.210938 0.402083 0.146875 0.191667
1 0.973437 0.685417 0.053125 0.220833
1 0.494531 0.946875 0.195312 0.106250
1 0.095312 0.968750 0.175000 0.062500
2 0.763281 0.956250 0.054688 0.070833
1 0.971094 0.045833 0.054688 0.091667
1 0.196094 0.035417 0.185938 0.070833
1 0.110156 0.817708 0.179688 0.260417
1 0.569531 0.032292 0.170313 0.064583
2 0.478125 0.221875 0.053125 0.064583
1 0.032031 0.491667 0.064062 0.195833
1 0.079687 0.285417 0.156250 0.216667
1 0.962500 0.905208 0.075000 0.189583
1 0.082813 0.070833 0.150000 0.141667
1 0.385156 0.060417 0.164062 0.120833
1 0.914844 0.172917 0.170313 0.237500
1 0.942187 0.526042 0.115625 0.218750
1 0.858594 0.653125 0.164062 0.218750
1 0.348438 0.451042 0.128125 0.285417
1 0.411719 0.767708 0.179688 0.231250
0 0.646875 0.766667 0.346875 0.429167
1 0.293750 0.195833 0.184375 0.195833
1 0.617188 0.412500 0.175000 0.212500
1 0.167187 0.579167 0.168750 0.208333
1 0.485156 0.534375 0.160938 0.214583
1 0.210938 0.402083 0.146875 0.191667
1 0.973437 0.685417 0.053125 0.220833
1 0.494531 0.946875 0.195312 0.106250
1 0.095312 0.968750 0.175000 0.062500
2 0.763281 0.956250 0.054688 0.070833
1 0.971094 0.045833 0.054688 0.091667
1 0.196094 0.035417 0.185938 0.070833
1 0.110156 0.817708 0.179688 0.260417
1 0.569531 0.032292 0.170313 0.064583
2 0.478125 0.221875 0.053125 0.064583
1 0.032031 0.491667 0.064062 0.195833
1 0.079687 0.285417 0.156250 0.216667
1 0.962500 0.905208 0.075000 0.189583
1 0.082813 0.070833 0.150000 0.141667
1 0.385156 0.060417 0.164062 0.120833
1 0.914844 0.172917 0.170313 0.237500
1 0.942187 0.526042 0.115625 0.218750
1 0.858594 0.653125 0.164062 0.218750
1 0.348438 0.451042 0.128125 0.285417
1 0.411719 0.767708 0.179688 0.231250
0 0.646875 0.766667 0.346875 0.429167
1 0.293750 0.195833 0.184375 0.195833
1 0.617188 0.412500 0.175000 0.212500
1 0.167187 0.579167 0.168750 0.208333
1 0.485156 0.534375 0.160938 0.214583
1 0.210938 0.402083 0.146875 0.191667
1 0.973437 0.685417 0.053125 0.220833
1 0.494531 0.946875 0.195312 0.106250
1 0.095312 0.968750 0.175000 0.062500
2 0.763281 0.956250 0.054688 0.070833
1 0.971094 0.045833 0.054688 0.091667
1 0.196094 0.035417 0.185938 0.070833
1 0.110156 0.817708 0.179688 0.260417
1 0.569531 0.032292 0.170313 0.064583
2 0.478125 0.221875 0.053125 0.064583
1 0.032031 0.491667 0.064062 0.195833
1 0.079687 0.285417 0.156250 0.216667
1 0.962500 0.905208 0.075000 0.189583
1 0.082813 0.070833 0.150000 0.141667
1 0.385156 0.060417 0.164062 0.120833
1 0.914844 0.172917 0.170313 0.237500
1 0.942187 0.526042 0.115625 0.218750
1 0.858594 0.653125 0.164062 0.218750
1 0.348438 0.451042 0.128125 0.285417
1 0.411719 0.767708 0.179688 0.231250
0 0.646875 0.766667 0.346875 0.429167
1 0.293750 0.195833 0.184375 0.195833
1 0.617188 0.412500 0.175000 0.212500
1 0.167187 0.579167 0.168750 0.208333
1 0.485156 0.534375 0.160938 0.214583
1 0.210938 0.402083 0.146875 0.191667
1 0.973437 0.685417 0.053125 0.220833
1 0.494531 0.946875 0.195312 0.106250
1 0.095312 0.968750 0.175000 0.062500
2 0.763281 0.956250 0.054688 0.070833
1 0.971094 0.045833 0.054688 0.091667
1 0.196094 0.035417 0.185938 0.070833
1 0.110156 0.817708 0.179688 0.260417
1 0.569531 0.032292 0.170313 0.064583
2 0.478125 0.221875 0.053125 0.064583
1 0.032031 0.491667 0.064062 0.195833
1 0.079687 0.285417 0.156250 0.216667
1 0.962500 0.905208 0.075000 0.189583
1 0.082813 0.070833 0.150000 0.141667
1 0.385156 0.060417 0.164062 0.120833
1 0.914844 0.172917 0.170313 0.237500
1 0.942187 0.526042 0.115625 0.218750
1 0.858594 0.653125 0.164062 0.218750
1 0.348438 0.451042 0.128125 0.285417
1 0.411719 0.767708 0.179688 0.231250
0 0.646875 0.766667 0.346875 0.429167
1 0.293750 0.195833 0.184375 0.195833
1 0.617188 0.412500 0.175000 0.212500
1 0.167187 0.579167 0.168750 0.208333
1 0.485156 0.534375 0.160938 0.214583
1 0.210938 0.402083 0.146875 0.191667
1 0.973437 0.685417 0.053125 0.220833
1 0.494531 0.946875 0.195312 0.106250
1 0.095312 0.968750 0.175000 0.062500
2 0.763281 0.956250 0.054688 0.070833
1 0.971094 0.045833 0.054688 0.091667
1 0.196094 0.035417 0.185938 0.070833
1 0.110156 0.817708 0.179688 0.260417
1 0.569531 0.032292 0.170313 0.064583
2 0.478125 0.221875 0.053125 0.064583
1 0.032031 0.491667 0.064062 0.195833
1 0.079687 0.285417 0.156250 0.216667
1 0.962500 0.905208 0.075000 0.189583
1 0.082813 0.070833 0.150000 0.141667
1 0.385156 0.060417 0.164062 0.120833
1 0.914844 0.172917 0.170313 0.237500
1 0.942187 0.526042 0.115625 0.218750
1 0.858594 0.653125 0.164062 0.218750
1 0.348438 0.451042 0.128125 0.285417
1 0.411719 0.767708 0.179688 0.231250
0 0.646875 0.766667 0.346875 0.429167
1 0.293750 0.195833 0.184375 0.195833
1 0.617188 0.412500 0.175000 0.212500
1 0.167187 0.579167 0.168750 0.208333
1 0.485156 0.534375 0.160938 0.214583
1 0.210938 0.402083 0.146875 0.191667
1 0.973437 0.685417 0.053125 0.220833
1 0.494531 0.946875 0.195312 0.106250
1 0.095312 0.968750 0.175000 0.062500
2 0.763281 0.956250 0.054688 0.070833
1 0.971094 0.045833 0.054688 0.091667
1 0.196094 0.035417 0.185938 0.070833
1 0.110156 0.817708 0.179688 0.260417
1 0.569531 0.032292 0.170313 0.064583
2 0.478125 0.221875 0.053125 0.064583
1 0.032031 0.491667 0.064062 0.195833
1 0.079687 0.285417 0.156250 0.216667
1 0.962500 0.905208 0.075000 0.189583
1 0.082813 0.070833 0.150000 0.141667
1 0.385156 0.060417 0.164062 0.120833
1 0.914844 0.172917 0.170313 0.237500
1 0.942187 0.526042 0.115625 0.218750
1 0.858594 0.653125 0.164062 0.218750
1 0.348438 0.451042 0.128125 0.285417
1 0.411719 0.767708 0.179688 0.231250
0 0.646875 0.766667 0.346875 0.429167
1 0.293750 0.195833 0.184375 0.195833
1 0.617188 0.412500 0.175000 0.212500
1 0.167187 0.579167 0.168750 0.208333
1 0.485156 0.534375 0.160938 0.214583
1 0.210938 0.402083 0.146875 0.191667
1 0.973437 0.685417 0.053125 0.220833
1 0.494531 0.946875 0.195312 0.106250
1 0.095312 0.968750 0.175000 0.062500
2 0.763281 0.956250 0.054688 0.070833
1 0.971094 0.045833 0.054688 0.091667
1 0.196094 0.035417 0.185938 0.070833
1 0.110156 0.817708 0.179688 0.260417
1 0.569531 0.032292 0.170313 0.064583
2 0.478125 0.221875 0.053125 0.064583
1 0.032031 0.491667 0.064062 0.195833
1 0.079687 0.285417 0.156250 0.216667
1 0.962500 0.905208 0.075000 0.189583
1 0.082813 0.070833 0.150000 0.141667
1 0.385156 0.060417 0.164062 0.120833
1 0.914844 0.172917 0.170313 0.237500
1 0.942187 0.526042 0.115625 0.218750
1 0.858594 0.653125 0.164062 0.218750
1 0.348438 0.451042 0.128125 0.285417
1 0.411719 0.767708 0.179688 0.231250
0 0.646875 0.766667 0.346875 0.429167
1 0.293750 0.195833 0.184375 0.195833
1 0.617188 0.412500 0.175000 0.212500
1 0.167187 0.579167 0.168750 0.208333
1 0.485156 0.534375 0.160938 0.214583
1 0.210938 0.402083 0.146875 0.191667
1 0.973437 0.685417 0.053125 0.220833
1 0.494531 0.946875 0.195312 0.106250
1 0.095312 0.968750 0.175000 0.062500
2 0.763281 0.956250 0.054688 0.070833
1 0.971094 0.045833 0.054688 0.091667
1 0.196094 0.035417 0.185938 0.070833
1 0.110156 0.817708 0.179688 0.260417
1 0.569531 0.032292 0.170313 0.064583
2 0.478125 0.221875 0.053125 0.064583
1 0.032031 0.491667 0.064062 0.195833
1 0.079687 0.285417 0.156250 0.216667
1 0.962500 0.905208 0.075000 0.189583
1 0.082813 0.070833 0.150000 0.141667
1 0.385156 0.060417 0.164062 0.120833
1 0.914844 0.172917 0.170313 0.237500
1 0.942187 0.526042 0.115625 0.218750
1 0.858594 0.653125 0.164062 0.218750
1 0.348438 0.451042 0.128125 0.285417
1 0.411719 0.767708 0.179688 0.231250
0 0.646875 0.766667 0.346875 0.429167
1 0.293750 0.195833 0.184375 0.195833
1 0.617188 0.412500 0.175000 0.212500
1 0.167187 0.579167 0.168750 0.208333
1 0.485156 0.534375 0.160938 0.214583
1 0.210938 0.402083 0.146875 0.191667
1 0.973437 0.685417 0.053125 0.220833
1 0.494531 0.946875 0.195312 0.106250
1 0.095312 0.968750 0.175000 0.062500
2 0.763281 0.956250 0.054688 0.070833
1 0.971094 0.045833 0.054688 0.091667
1 0.196094 0.035417 0.185938 0.070833
1 0.110156 0.817708 0.179688 0.260417
1 0.569531 0.032292 0.170313 0.064583
2 0.478125 0.221875 0.053125 0.064583
1 0.032031 0.491667 0.064062 0.195833
1 0.079687 0.285417 0.156250 0.216667
1 0.962500 0.905208 0.075000 0.189583
1 0.082813 0.070833 0.150000 0.141667
1 0.385156 0.060417 0.164062 0.120833
1 0.914844 0.172917 0.170313 0.237500
1 0.942187 0.526042 0.115625 0.218750
1 0.858594 0.653125 0.164062 0.218750
1 0.348438 0.451042 0.128125 0.285417
1 0.411719 0.767708 0.179688 0.231250
0 0.646875 0.766667 0.346875 0.429167
1 0.293750 0.195833 0.184375 0.195833
1 0.617188 0.412500 0.175000 0.212500
1 0.167187 0.579167 0.168750 0.208333
1 0.485156 0.534375 0.160938 0.214583
1 0.210938 0.402083 0.146875 0.191667
1 0.973437 0.685417 0.053125 0.220833
1 0.494531 0.946875 0.195312 0.106250
1 0.095312 0.968750 0.175000 0.062500
2 0.763281 0.956250 0.054688 0.070833
1 0.971094 0.045833 0.054688 0.091667
1 0.196094 0.035417 0.185938 0.070833
1 0.110156 0.817708 0.179688 0.260417
1 0.569531 0.032292 0.170313 0.064583
2 0.478125 0.221875 0.053125 0.064583
1 0.032031 0.491667 0.064062 0.195833
1 0.079687 0.285417 0.156250 0.216667
1 0.962500 0.905208 0.075000 0.189583
1 0.082813 0.070833 0.150000 0.141667
1 0.385156 0.060417 0.164062 0.120833
1 0.914844 0.172917 0.170313 0.237500
1 0.942187 0.526042 0.115625 0.218750
1 0.858594 0.653125 0.164062 0.218750
1 0.348438 0.451042 0.128125 0.285417
1 0.411719 0.767708 0.179688 0.231250
0 0.646875 0.766667 0.346875 0.429167
1 0.293750 0.195833 0.184375 0.195833
1 0.617188 0.412500 0.175000 0.212500
1 0.167187 0.579167 0.168750 0.208333
1 0.485156 0.534375 0.160938 0.214583
1 0.210938 0.402083 0.146875 0.191667
1 0.973437 0.685417 0.053125 0.220833
1 0.494531 0.946875 0.195312 0.106250
1 0.095312 0.968750 0.175000 0.062500
2 0.763281 0.956250 0.054688 0.070833
1 0.971094 0.045833 0.054688 0.091667
1 0.196094 0.035417 0.185938 0.070833
1 0.110156 0.817708 0.179688 0.260417
1 0.569531 0.032292 0.170313 0.064583
2 0.478125 0.221875 0.053125 0.064583
1 0.032031 0.491667 0.064062 0.195833
1 0.079687 0.285417 0.156250 0.216667
1 0.962500 0.905208 0.075000 0.189583
1 0.082813 0.070833 0.150000 0.141667
1 0.385156 0.060417 0.164062 0.120833
1 0.914844 0.172917 0.170313 0.237500
1 0.942187 0.526042 0.115625 0.218750
1 0.858594 0.653125 0.164062 0.218750
1 0.348438 0.451042 0.128125 0.285417
1 0.411719 0.767708 0.179688 0.231250
0 0.646875 0.766667 0.346875 0.429167
1 0.293750 0.195833 0.184375 0.195833
1 0.617188 0.412500 0.175000 0.212500
1 0.167187 0.579167 0.168750 0.208333
1 0.485156 0.534375 0.160938 0.214583
1 0.210938 0.402083 0.146875 0.191667
1 0.973437 0.685417 0.053125 0.220833
1 0.494531 0.946875 0.195312 0.106250
1 0.095312 0.968750 0.175000 0.062500
2 0.763281 0.956250 0.054688 0.070833
1 0.971094 0.045833 0.054688 0.091667
1 0.196094 0.035417 0.185938 0.070833
1 0.110156 0.817708 0.179688 0.260417
1 0.569531 0.032292 0.170313 0.064583
2 0.478125 0.221875 0.053125 0.064583
1 0.032031 0.491667 0.064062 0.195833
1 0.079687 0.285417 0.156250 0.216667
1 0.962500 0.905208 0.075000 0.189583
1 0.082813 0.070833 0.150000 0.141667
1 0.385156 0.060417 0.164062 0.120833
1 0.914844 0.172917 0.170313 0.237500
1 0.942187 0.526042 0.115625 0.218750
1 0.858594 0.653125 0.164062 0.218750
1 0.348438 0.451042 0.128125 0.285417
1 0.411719 0.767708 0.179688 0.231250
0 0.646875 0.766667 0.346875 0.429167
1 0.293750 0.195833 0.184375 0.195833
1 0.617188 0.412500 0.175000 0.212500
1 0.167187 0.579167 0.168750 0.208333
1 0.485156 0.534375 0.160938 0.214583
1 0.210938 0.402083 0.146875 0.191667
1 0.973437 0.685417 0.053125 0.220833
1 0.494531 0.946875 0.195312 0.106250
1 0.095312 0.968750 0.175000 0.062500
2 0.763281 0.956250 0.054688 0.070833
1 0.971094 0.045833 0.054688 0.091667
1 0.196094 0.035417 0.185938 0.070833
1 0.110156 0.817708 0.179688 0.260417
1 0.569531 0.032292 0.170313 0.064583
2 0.478125 0.221875 0.053125 0.064583
1 0.032031 0.491667 0.064062 0.195833
1 0.079687 0.285417 0.156250 0.216667
1 0.962500 0.905208 0.075000 0.189583
1 0.082813 0.070833 0.150000 0.141667
1 0.385156 0.060417 0.164062 0.120833
1 0.914844 0.172917 0.170313 0.237500
1 0.942187 0.526042 0.115625 0.218750
1 0.858594 0.653125 0.164062 0.218750
1 0.348438 0.451042 0.128125 0.285417
1 0.411719 0.767708 0.179688 0.231250
0 0.646875 0.766667 0.346875 0.429167
1 0.293750 0.195833 0.184375 0.195833
1 0.617188 0.412500 0.175000 0.212500
1 0.167187 0.579167 0.168750 0.208333
1 0.485156 0.534375 0.160938 0.214583
1 0.210938 0.402083 0.146875 0.191667
1 0.973437 0.685417 0.053125 0.220833
1 0.494531 0.946875 0.195312 0.106250
1 0.095312 0.968750 0.175000 0.062500
2 0.763281 0.956250 0.054688 0.070833
1 0.971094 0.045833 0.054688 0.091667
1 0.196094 0.035417 0.185938 0.070833
1 0.110156 0.817708 0.179688 0.260417
1 0.569531 0.032292 0.170313 0.064583
2 0.478125 0.221875 0.053125 0.064583
1 0.032031 0.491667 0.064062 0.195833
1 0.079687 0.285417 0.156250 0.216667
1 0.962500 0.905208 0.075000 0.189583
1 0.082813 0.070833 0.150000 0.141667
1 0.385156 0.060417 0.164062 0.120833
1 0.914844 0.172917 0.170313 0.237500
1 0.942187 0.526042 0.115625 0.218750
1 0.858594 0.653125 0.164062 0.218750
1 0.348438 0.451042 0.128125 0.285417
1 0.411719 0.767708 0.179688 0.231250
0 0.646875 0.766667 0.346875 0.429167
1 0.293750 0.195833 0.184375 0.195833
1 0.617188 0.412500 0.175000 0.212500
1 0.167187 0.579167 0.168750 0.208333
1 0.485156 0.534375 0.160938 0.214583
1 0.210938 0.402083 0.146875 0.191667
1 0.973437 0.685417 0.053125 0.220833
1 0.494531 0.946875 0.195312 0.106250
1 0.095312 0.968750 0.175000 0.062500
2 0.763281 0.956250 0.054688 0.070833
1 0.971094 0.045833 0.054688 0.091667
1 0.196094 0.035417 0.185938 0.070833
1 0.110156 0.817708 0.179688 0.260417
1 0.569531 0.032292 0.170313 0.064583
2 0.478125 0.221875 0.053125 0.064583
1 0.032031 0.491667 0.064062 0.195833
1 0.079687 0.285417 0.156250 0.216667
1 0.962500 0.905208 0.075000 0.189583
1 0.082813 0.070833 0.150000 0.141667
1 0.385156 0.060417 0.164062 0.120833
1 0.914844 0.172917 0.170313 0.237500
1 0.942187 0.526042 0.115625 0.218750
1 0.858594 0.653125 0.164062 0.218750
1 0.348438 0.451042 0.128125 0.285417
1 0.411719 0.767708 0.179688 0.231250
0 0.646875 0.766667 0.346875 0.429167
1 0.293750 0.195833 0.184375 0.195833
1 0.617188 0.412500 0.175000 0.212500
1 0.167187 0.579167 0.168750 0.208333
1 0.485156 0.534375 0.160938 0.214583
1 0.210938 0.402083 0.146875 0.191667
1 0.973437 0.685417 0.053125 0.220833
1 0.494531 0.946875 0.195312 0.106250
1 0.095312 0.968750 0.175000 0.062500
2 0.763281 0.956250 0.054688 0.070833
1 0.971094 0.045833 0.054688 0.091667
1 0.196094 0.035417 0.185938 0.070833
1 0.110156 0.817708 0.179688 0.260417
1 0.569531 0.032292 0.170313 0.064583
2 0.478125 0.221875 0.053125 0.064583
1 0.032031 0.491667 0.064062 0.195833
1 0.079687 0.285417 0.156250 0.216667
1 0.962500 0.905208 0.075000 0.189583
1 0.082813 0.070833 0.150000 0.141667
1 0.385156 0.060417 0.164062 0.120833
1 0.914844 0.172917 0.170313 0.237500
1 0.942187 0.526042 0.115625 0.218750
1 0.858594 0.653125 0.164062 0.218750
1 0.348438 0.451042 0.128125 0.285417
1 0.411719 0.767708 0.179688 0.231250
0 0.646875 0.766667 0.346875 0.429167
1 0.293750 0.195833 0.184375 0.195833
1 0.617188 0.412500 0.175000 0.212500
1 0.167187 0.579167 0.168750 0.208333
1 0.485156 0.534375 0.160938 0.214583
1 0.210938 0.402083 0.146875 0.191667
1 0.973437 0.685417 0.053125 0.220833
1 0.494531 0.946875 0.195312 0.106250
1 0.095312 0.968750 0.175000 0.062500
2 0.763281 0.956250 0.054688 0.070833
1 0.971094 0.045833 0.054688 0.091667
1 0.196094 0.035417 0.185938 0.070833
1 0.110156 0.817708 0.179688 0.260417
1 0.569531 0.032292 0.170313 0.064583
2 0.478125 0.221875 0.053125 0.064583
1 0.032031 0.491667 0.064062 0.195833
1 0.079687 0.285417 0.156250 0.216667
1 0.962500 0.905208 0.075000 0.189583
1 0.082813 0.070833 0.150000 0.141667
1 0.385156 0.060417 0.164062 0.120833
1 0.914844 0.172917 0.170313 0.237500
1 0.942187 0.526042 0.115625 0.218750
1 0.858594 0.653125 0.164062 0.218750
1 0.348438 0.451042 0.128125 0.285417
1 0.411719 0.767708 0.179688 0.231250
0 0.646875 0.766667 0.346875 0.429167
1 0.293750 0.195833 0.184375 0.195833
1 0.617188 0.412500 0.175000 0.212500
1 0.167187 0.579167 0.168750 0.208333
1 0.485156 0.534375 0.160938 0.214583
1 0.210938 0.402083 0.146875 0.191667
1 0.973437 0.685417 0.053125 0.220833
1 0.494531 0.946875 0.195312 0.106250
1 0.095312 0.968750 0.175000 0.062500
2 0.763281 0.956250 0.054688 0.070833
1 0.971094 0.045833 0.054688 0.091667
1 0.196094 0.035417 0.185938 0.070833
1 0.110156 0.817708 0.179688 0.260417
1 0.569531 0.032292 0.170313 0.064583
2 0.478125 0.221875 0.053125 0.064583
1 0.032031 0.491667 0.064062 0.195833
1 0.079687 0.285417 0.156250 0.216667
1 0.962500 0.905208 0.075000 0.189583
1 0.082813 0.070833 0.150000 0.141667
1 0.385156 0.060417 0.164062 0.120833
1 0.914844 0.172917 0.170313 0.237500
1 0.942187 0.526042 0.115625 0.218750
1 0.858594 0.653125 0.164062 0.218750
1 0.348438 0.451042 0.128125 0.285417
1 0.411719 0.767708 0.179688 0.231250
0 0.646875 0.766667 0.346875 0.429167
1 0.293750 0.195833 0.184375 0.195833
1 0.617188 0.412500 0.175000 0.212500
1 0.167187 0.579167 0.168750 0.208333
1 0.485156 0.534375 0.160938 0.214583
1 0.210938 0.402083 0.146875 0.191667
1 0.973437 0.685417 0.053125 0.220833
1 0.494531 0.946875 0.195312 0.106250
1 0.095312 0.968750 0.175000 0.062500
2 0.763281 0.956250 0.054688 0.070833
1 0.971094 0.045833 0.054688 0.091667
1 0.196094 0.035417 0.185938 0.070833
1 0.110156 0.817708 0.179688 0.260417
1 0.569531 0.032292 0.170313 0.064583
2 0.478125 0.221875 0.053125 0.064583
1 0.032031 0.491667 0.064062 0.195833
1 0.079687 0.285417 0.156250 0.216667
1 0.962500 0.905208 0.075000 0.189583
1 0.082813 0.070833 0.150000 0.141667
1 0.385156 0.060417 0.164062 0.120833
1 0.914844 0.172917 0.170313 0.237500
1 0.942187 0.526042 0.115625 0.218750
1 0.858594 0.653125 0.164062 0.218750
1 0.348438 0.451042 0.128125 0.285417
1 0.411719 0.767708 0.179688 0.231250
0 0.646875 0.766667 0.346875 0.429167
1 0.293750 0.195833 0.184375 0.195833
1 0.617188 0.412500 0.175000 0.212500
1 0.167187 0.579167 0.168750 0.208333
1 0.485156 0.534375 0.160938 0.214583
1 0.210938 0.402083 0.146875 0.191667
1 0.973437 0.685417 0.053125 0.220833
1 0.494531 0.946875 0.195312 0.106250
1 0.095312 0.968750 0.175000 0.062500
2 0.763281 0.956250 0.054688 0.070833
1 0.971094 0.045833 0.054688 0.091667
1 0.196094 0.035417 0.185938 0.070833
1 0.110156 0.817708 0.179688 0.260417
1 0.569531 0.032292 0.170313 0.064583
2 0.478125 0.221875 0.053125 0.064583
1 0.032031 0.491667 0.064062 0.195833
1 0.079687 0.285417 0.156250 0.216667
1 0.962500 0.905208 0.075000 0.189583
1 0.082813 0.070833 0.150000 0.141667
1 0.385156 0.060417 0.164062 0.120833
1 0.914844 0.172917 0.170313 0.237500
1 0.942187 0.526042 0.115625 0.218750
1 0.858594 0.653125 0.164062 0.218750
1 0.348438 0.451042 0.128125 0.285417
1 0.411719 0.767708 0.179688 0.231250
0 0.646875 0.766667 0.346875 0.429167
1 0.293750 0.195833 0.184375 0.195833
1 0.617188 0.412500 0.175000 0.212500
1 0.167187 0.579167 0.168750 0.208333
1 0.485156 0.534375 0.160938 0.214583
1 0.210938 0.402083 0.146875 0.191667
1 0.973437 0.685417 0.053125 0.220833
1 0.494531 0.946875 0.195312 0.106250
1 0.095312 0.968750 0.175000 0.062500
2 0.763281 0.956250 0.054688 0.070833
1 0.971094 0.045833 0.054688 0.091667
1 0.196094 0.035417 0.185938 0.070833
1 0.110156 0.817708 0.179688 0.260417
1 0.569531 0.032292 0.170313 0.064583
2 0.478125 0.221875 0.053125 0.064583
1 0.032031 0.491667 0.064062 0.195833
1 0.079687 0.285417 0.156250 0.216667
1 0.962500 0.905208 0.075000 0.189583
1 0.082813 0.070833 0.150000 0.141667
1 0.385156 0.060417 0.164062 0.120833
1 0.914844 0.172917 0.170313 0.237500
1 0.942187 0.526042 0.115625 0.218750
1 0.858594 0.653125 0.164062 0.218750
1 0.348438 0.451042 0.128125 0.285417
1 0.411719 0.767708 0.179688 0.231250
0 0.646875 0.766667 0.346875 0.429167
1 0.293750 0.195833 0.184375 0.195833
1 0.617188 0.412500 0.175000 0.212500
1 0.167187 0.579167 0.168750 0.208333
1 0.485156 0.534375 0.160938 0.214583
1 0.210938 0.402083 0.146875 0.191667
1 0.973437 0.685417 0.053125 0.220833
1 0.494531 0.946875 0.195312 0.106250
1 0.095312 0.968750 0.175000 0.062500
2 0.763281 0.956250 0.054688 0.070833
1 0.971094 0.045833 0.054688 0.091667
1 0.196094 0.035417 0.185938 0.070833
1 0.110156 0.817708 0.179688 0.260417
1 0.569531 0.032292 0.170313 0.064583
2 0.478125 0.221875 0.053125 0.064583
1 0.032031 0.491667 0.064062 0.195833
1 0.079687 0.285417 0.156250 0.216667
1 0.962500 0.905208 0.075000 0.189583
1 0.082813 0.070833 0.150000 0.141667
1 0.385156 0.060417 0.164062 0.120833
1 0.914844 0.172917 0.170313 0.237500
1 0.942187 0.526042 0.115625 0.218750
1 0.858594 0.653125 0.164062 0.218750
1 0.348438 0.451042 0.128125 0.285417
1 0.411719 0.767708 0.179688 0.231250
0 0.646875 0.766667 0.346875 0.429167
1 0.293750 0.195833 0.184375 0.195833
1 0.617188 0.412500 0.175000 0.212500
1 0.167187 0.579167 0.168750 0.208333
1 0.485156 0.534375 0.160938 0.214583
1 0.210938 0.402083 0.146875 0.191667
