1 0.110937 0.398958 0.131250 0.181250
1 0.839844 0.956250 0.192188 0.087500
1 0.412500 0.806250 0.150000 0.204167
1 0.363281 0.046875 0.154688 0.093750
1 0.032031 0.858333 0.064062 0.187500
1 0.723437 0.931250 0.190625 0.137500
1 0.172656 0.213542 0.157813 0.252083
1 0.061719 0.650000 0.123438 0.208333
1 0.685156 0.053125 0.173438 0.106250
1 0.875781 0.091667 0.179688 0.183333
1 0.738281 0.237500 0.176563 0.220833
1 0.171094 0.647917 0.145313 0.187500
1 0.858594 0.226042 0.176563 0.222917
1 0.234375 0.566667 0.140625 0.220833
1 0.660156 0.430208 0.157813 0.222917
1 0.669531 0.686458 0.173438 0.227083
1 0.071875 0.076042 0.143750 0.152083
1 0.500000 0.175000 0.196875 0.208333
1 0.914062 0.447917 0.165625 0.212500
0 0.421875 0.468750 0.300000 0.383333
1 0.110937 0.398958 0.131250 0.181250
1 0.839844 0.956250 0.192188 0.087500
1 0.412500 0.806250 0.150000 0.204167
1 0.363281 0.046875 0.154688 0.093750
1 0.032031 0.858333 0.064062 0.187500
1 0.723437 0.931250 0.190625 0.137500
1 0.172656 0.213542 0.157813 0.252083
1 0.061719 0.650000 0.123438 0.208333
1 0.685156 0.053125 0.173438 0.106250
1 0.875781 0.091667 0.179688 0.183333
1 0.738281 0.237500 0.176563 0.220833
1 0.171094 0.647917 0.145313 0.187500
1 0.858594 0.226042 0.176563 0.222917
1 0.234375 0.566667 0.140625 0.220833
1 0.660156 0.430208 0.157813 0.222917
1 0.669531 0.686458 0.173438 0.227083
1 0.071875 0.076042 0.143750 0.152083
1 0.500000 0.175000 0.196875 0.208333
1 0.914062 0.447917 0.165625 0.212500
0 0.421875 0.468750 0.300000 0.383333
1 0.110937 0.398958 0.131250 0.181250
1 0.839844 0.956250 0.192188 0.087500
1 0.412500 0.806250 0.150000 0.204167
1 0.363281 0.046875 0.154688 0.093750
1 0.032031 0.858333 0.064062 0.187500
1 0.723437 0.931250 0.190625 0.137500
1 0.172656 0.213542 0.157813 0.252083
1 0.061719 0.650000 0.123438 0.208333
1 0.685156 0.053125 0.173438 0.106250
1 0.875781 0.091667 0.179688 0.183333
1 0.738281 0.237500 0.176563 0.220833
1 0.171094 0.647917 0.145313 0.187500
1 0.858594 0.226042 0.176563 0.222917
1 0.234375 0.566667 0.140625 0.220833
1 0.660156 0.430208 0.157813 0.222917
1 0.669531 0.686458 0.173438 0.227083
1 0.071875 0.076042 0.143750 0.152083
1 0.500000 0.175000 0.196875 0.208333
1 0.914062 0.447917 0.165625 0.212500
0 0.421875 0.468750 0.300000 0.383333
1 0.110937 0.398958 0.131250 0.181250
1 0.839844 0.956250 0.192188 0.087500
1 0.412500 0.806250 0.150000 0.204167
1 0.363281 0.046875 0.154688 0.093750
1 0.032031 0.858333 0.064062 0.187500
1 0.723437 0.931250 0.190625 0.137500
1 0.172656 0.213542 0.157813 0.252083
1 0.061719 0.650000 0.123438 0.208333
1 0.685156 0.053125 0.173438 0.106250
1 0.875781 0.091667 0.179688 0.183333
1 0.738281 0.237500 0.176563 0.220833
1 0.171094 0.647917 0.145313 0.187500
1 0.858594 0.226042 0.176563 0.222917
1 0.234375 0.566667 0.140625 0.220833
1 0.660156 0.430208 0.157813 0.222917
1 0.669531 0.686458 0.173438 0.227083
1 0.071875 0.076042 0.143750 0.152083
1 0.500000 0.175000 0.196875 0.208333
1 0.914062 0.447917 0.165625 0.212500
0 0.421875 0.468750 0.300000 0.383333
1 0.110937 0.398958 0.131250 0.181250
1 0.839844 0.956250 0.192188 0.087500
1 0.412500 0.806250 0.150000 0.204167
1 0.363281 0.046875 0.154688 0.093750
1 0.032031 0.858333 0.064062 0.187500
1 0.723437 0.931250 0.190625 0.137500
1 0.172656 0.213542 0.157813 0.252083
1 0.061719 0.650000 0.123438 0.208333
1 0.685156 0.053125 0.173438 0.106250
1 0.875781 0.091667 0.179688 0.183333
1 0.738281 0.237500 0.176563 0.220833
1 0.171094 0.647917 0.145313 0.187500
1 0.858594 0.226042 0.176563 0.222917
1 0.234375 0.566667 0.140625 0.220833
1 0.660156 0.430208 0.157813 0.222917
1 0.669531 0.686458 0.173438 0.227083
1 0.071875 0.076042 0.143750 0.152083
1 0.500000 0.175000 0.196875 0.208333
1 0.914062 0.447917 0.165625 0.212500
0 0.421875 0.468750 0.300000 0.383333
1 0.110937 0.398958 0.131250 0.181250
1 0.839844 0.956250 0.192188 0.087500
1 0.412500 0.806250 0.150000 0.204167
1 0.363281 0.046875 0.154688 0.093750
1 0.032031 0.858333 0.064062 0.187500
1 0.723437 0.931250 0.190625 0.137500
1 0.172656 0.213542 0.157813 0.252083
1 0.061719 0.650000 0.123438 0.208333
1 0.685156 0.053125 0.173438 0.106250
1 0.875781 0.091667 0.179688 0.183333
1 0.738281 0.237500 0.176563 0.220833
1 0.171094 0.647917 0.145313 0.187500
1 0.858594 0.226042 0.176563 0.222917
1 0.234375 0.566667 0.140625 0.220833
1 0.660156 0.430208 0.157813 0.222917
1 0.669531 0.686458 0.173438 0.227083
1 0.071875 0.076042 0.143750 0.152083
1 0.500000 0.175000 0.196875 0.208333
1 0.914062 0.447917 0.165625 0.212500
0 0.421875 0.468750 0.300000 0.383333
1 0.110937 0.398958 0.131250 0.181250
1 0.839844 0.956250 0.192188 0.087500
1 0.412500 0.806250 0.150000 0.204167
1 0.363281 0.046875 0.154688 0.093750
1 0.032031 0.858333 0.064062 0.187500
1 0.723437 0.931250 0.190625 0.137500
1 0.172656 0.213542 0.157813 0.252083
1 0.061719 0.650000 0.123438 0.208333
1 0.685156 0.053125 0.173438 0.106250
1 0.875781 0.091667 0.179688 0.183333
1 0.738281 0.237500 0.176563 0.220833
1 0.171094 0.647917 0.145313 0.187500
1 0.858594 0.226042 0.176563 0.222917
1 0.234375 0.566667 0.140625 0.220833
1 0.660156 0.430208 0.157813 0.222917
1 0.669531 0.686458 0.173438 0.227083
1 0.071875 0.076042 0.143750 0.152083
1 0.500000 0.175000 0.196875 0.208333
1 0.914062 0.447917 0.165625 0.212500
0 0.421875 0.468750 0.300000 0.383333
1 0.110937 0.398958 0.131250 0.181250
1 0.839844 0.956250 0.192188 0.087500
1 0.412500 0.806250 0.150000 0.204167
1 0.363281 0.046875 0.154688 0.093750
1 0.032031 0.858333 0.064062 0.187500
1 0.723437 0.931250 0.190625 0.137500
1 0.172656 0.213542 0.157813 0.252083
1 0.061719 0.650000 0.123438 0.208333
1 0.685156 0.053125 0.173438 0.106250
1 0.875781 0.091667 0.179688 0.183333
1 0.738281 0.237500 0.176563 0.220833
1 0.171094 0.647917 0.145313 0.187500
1 0.858594 0.226042 0.176563 0.222917
1 0.234375 0.566667 0.140625 0.220833
1 0.660156 0.430208 0.157813 0.222917
1 0.669531 0.686458 0.173438 0.227083
1 0.071875 0.076042 0.143750 0.152083
1 0.500000 0.175000 0.196875 0.208333
1 0.914062 0.447917 0.165625 0.212500
0 0.421875 0.468750 0.300000 0.383333
1 0.110937 0.398958 0.131250 0.181250
1 0.839844 0.956250 0.192188 0.087500
1 0.412500 0.806250 0.150000 0.204167
1 0.363281 0.046875 0.154688 0.093750
1 0.032031 0.858333 0.064062 0.187500
1 0.723437 0.931250 0.190625 0.137500
1 0.172656 0.213542 0.157813 0.252083
1 0.061719 0.650000 0.123438 0.208333
1 0.685156 0.053125 0.173438 0.106250
1 0.875781 0.091667 0.179688 0.183333
1 0.738281 0.237500 0.176563 0.220833
1 0.171094 0.647917 0.145313 0.187500
1 0.858594 0.226042 0.176563 0.222917
1 0.234375 0.566667 0.140625 0.220833
1 0.660156 0.430208 0.157813 0.222917
1 0.669531 0.686458 0.173438 0.227083
1 0.071875 0.076042 0.143750 0.152083
1 0.500000 0.175000 0.196875 0.208333
1 0.914062 0.447917 0.165625 0.212500
0 0.421875 0.468750 0.300000 0.383333
1 0.110937 0.398958 0.131250 0.181250
1 0.839844 0.956250 0.192188 0.087500
1 0.412500 0.806250 0.150000 0.204167
1 0.363281 0.046875 0.154688 0.093750
1 0.032031 0.858333 0.064062 0.187500
1 0.723437 0.931250 0.190625 0.137500
1 0.172656 0.213542 0.157813 0.252083
1 0.061719 0.650000 0.123438 0.208333
1 0.685156 0.053125 0.173438 0.106250
1 0.875781 0.091667 0.179688 0.183333
1 0.738281 0.237500 0.176563 0.220833
1 0.171094 0.647917 0.145313 0.187500
1 0.858594 0.226042 0.176563 0.222917
1 0.234375 0.566667 0.140625 0.220833
1 0.660156 0.430208 0.157813 0.222917
1 0.669531 0.686458 0.173438 0.227083
1 0.071875 0.076042 0.143750 0.152083
1 0.500000 0.175000 0.196875 0.208333
1 0.914062 0.447917 0.165625 0.212500
0 0.421875 0.468750 0.300000 0.383333
1 0.110937 0.398958 0.131250 0.181250
1 0.839844 0.956250 0.192188 0.087500
1 0.412500 0.806250 0.150000 0.204167
1 0.363281 0.046875 0.154688 0.093750
1 0.032031 0.858333 0.064062 0.187500
1 0.723437 0.931250 0.190625 0.137500
1 0.172656 0.213542 0.157813 0.252083
1 0.061719 0.650000 0.123438 0.208333
1 0.685156 0.053125 0.173438 0.106250
1 0.875781 0.091667 0.179688 0.183333
1 0.738281 0.237500 0.176563 0.220833
1 0.171094 0.647917 0.145313 0.187500
1 0.858594 0.226042 0.176563 0.222917
1 0.234375 0.566667 0.140625 0.220833
1 0.660156 0.430208 0.157813 0.222917
1 0.669531 0.686458 0.173438 0.227083
1 0.071875 0.076042 0.143750 0.152083
1 0.500000 0.175000 0.196875 0.208333
1 0.914062 0.447917 0.165625 0.212500
0 0.421875 0.468750 0.300000 0.383333
1 0.110937 0.398958 0.131250 0.181250
1 0.839844 0.956250 0.192188 0.087500
1 0.412500 0.806250 0.150000 0.204167
1 0.363281 0.046875 0.154688 0.093750
1 0.032031 0.858333 0.064062 0.187500
1 0.723437 0.931250 0.190625 0.137500
1 0.172656 0.213542 0.157813 0.252083
1 0.061719 0.650000 0.123438 0.208333
1 0.685156 0.053125 0.173438 0.106250
1 0.875781 0.091667 0.179688 0.183333
1 0.738281 0.237500 0.176563 0.220833
1 0.171094 0.647917 0.145313 0.187500
1 0.858594 0.226042 0.176563 0.222917
1 0.234375 0.566667 0.140625 0.220833
1 0.660156 0.430208 0.157813 0.222917
1 0.669531 0.686458 0.173438 0.227083
1 0.071875 0.076042 0.143750 0.152083
1 0.500000 0.175000 0.196875 0.208333
1 0.914062 0.447917 0.165625 0.212500
0 0.421875 0.468750 0.300000 0.383333
1 0.110937 0.398958 0.131250 0.181250
1 0.839844 0.956250 0.192188 0.087500
1 0.412500 0.806250 0.150000 0.204167
1 0.363281 0.046875 0.154688 0.093750
1 0.032031 0.858333 0.064062 0.187500
1 0.723437 0.931250 0.190625 0.137500
1 0.172656 0.213542 0.157813 0.252083
1 0.061719 0.650000 0.123438 0.208333
1 0.685156 0.053125 0.173438 0.106250
1 0.875781 0.091667 0.179688 0.183333
1 0.738281 0.237500 0.176563 0.220833
1 0.171094 0.647917 0.145313 0.187500
1 0.858594 0.226042 0.176563 0.222917
1 0.234375 0.566667 0.140625 0.220833
1 0.660156 0.430208 0.157813 0.222917
1 0.669531 0.686458 0.173438 0.227083
1 0.071875 0.076042 0.143750 0.152083
1 0.500000 0.175000 0.196875 0.208333
1 0.914062 0.447917 0.165625 0.212500
0 0.421875 0.468750 0.300000 0.383333
1 0.110937 0.398958 0.131250 0.181250
1 0.839844 0.956250 0.192188 0.087500
1 0.412500 0.806250 0.150000 0.204167
1 0.363281 0.046875 0.154688 0.093750
1 0.032031 0.858333 0.064062 0.187500
1 0.723437 0.931250 0.190625 0.137500
1 0.172656 0.213542 0.157813 0.252083
1 0.061719 0.650000 0.123438 0.208333
1 0.685156 0.053125 0.173438 0.106250
1 0.875781 0.091667 0.179688 0.183333
1 0.738281 0.237500 0.176563 0.220833
1 0.171094 0.647917 0.145313 0.187500
1 0.858594 0.226042 0.176563 0.222917
1 0.234375 0.566667 0.140625 0.220833
1 0.660156 0.430208 0.157813 0.222917
1 0.669531 0.686458 0.173438 0.227083
1 0.071875 0.076042 0.143750 0.152083
1 0.500000 0.175000 0.196875 0.208333
1 0.914062 0.447917 0.165625 0.212500
0 0.421875 0.468750 0.300000 0.383333
1 0.110937 0.398958 0.131250 0.181250
1 0.839844 0.956250 0.192188 0.087500
1 0.412500 0.806250 0.150000 0.204167
1 0.363281 0.046875 0.154688 0.093750
1 0.032031 0.858333 0.064062 0.187500
1 0.723437 0.931250 0.190625 0.137500
1 0.172656 0.213542 0.157813 0.252083
1 0.061719 0.650000 0.123438 0.208333
1 0.685156 0.053125 0.173438 0.106250
1 0.875781 0.091667 0.179688 0.183333
1 0.738281 0.237500 0.176563 0.220833
1 0.171094 0.647917 0.145313 0.187500
1 0.858594 0.226042 0.176563 0.222917
1 0.234375 0.566667 0.140625 0.220833
1 0.660156 0.430208 0.157813 0.222917
1 0.669531 0.686458 0.173438 0.227083
1 0.071875 0.076042 0.143750 0.152083
1 0.500000 0.175000 0.196875 0.208333
1 0.914062 0.447917 0.165625 0.212500
0 0.421875 0.468750 0.300000 0.383333
1 0.110937 0.398958 0.131250 0.181250
1 0.839844 0.956250 0.192188 0.087500
1 0.412500 0.806250 0.150000 0.204167
1 0.363281 0.046875 0.154688 0.093750
1 0.032031 0.858333 0.064062 0.187500
1 0.723437 0.931250 0.190625 0.137500
1 0.172656 0.213542 0.157813 0.252083
1 0.061719 0.650000 0.123438 0.208333
1 0.685156 0.053125 0.173438 0.106250
1 0.875781 0.091667 0.179688 0.183333
1 0.738281 0.237500 0.176563 0.220833
1 0.171094 0.647917 0.145313 0.187500
1 0.858594 0.226042 0.176563 0.222917
1 0.234375 0.566667 0.140625 0.220833
1 0.660156 0.430208 0.157813 0.222917
1 0.669531 0.686458 0.173438 0.227083
1 0.071875 0.076042 0.143750 0.152083
1 0.500000 0.175000 0.196875 0.208333
1 0.914062 0.447917 0.165625 0.212500
0 0.421875 0.468750 0.300000 0.383333
1 0.110937 0.398958 0.131250 0.181250
1 0.839844 0.956250 0.192188 0.087500
1 0.412500 0.806250 0.150000 0.204167
1 0.363281 0.046875 0.154688 0.093750
1 0.032031 0.858333 0.064062 0.187500
1 0.723437 0.931250 0.190625 0.137500
1 0.172656 0.213542 0.157813 0.252083
1 0.061719 0.650000 0.123438 0.208333
1 0.685156 0.053125 0.173438 0.106250
1 0.875781 0.091667 0.179688 0.183333
1 0.738281 0.237500 0.176563 0.220833
1 0.171094 0.647917 0.145313 0.187500
1 0.858594 0.226042 0.176563 0.222917
1 0.234375 0.566667 0.140625 0.220833
1 0.660156 0.430208 0.157813 0.222917
1 0.669531 0.686458 0.173438 0.227083
1 0.071875 0.076042 0.143750 0.152083
1 0.500000 0.175000 0.196875 0.208333
1 0.914062 0.447917 0.165625 0.212500
0 0.421875 0.468750 0.300000 0.383333
1 0.110937 0.398958 0.131250 0.181250
1 0.839844 0.956250 0.192188 0.087500
1 0.412500 0.806250 0.150000 0.204167
1 0.363281 0.046875 0.154688 0.093750
1 0.032031 0.858333 0.064062 0.187500
1 0.723437 0.931250 0.190625 0.137500
1 0.172656 0.213542 0.157813 0.252083
1 0.061719 0.650000 0.123438 0.208333
1 0.685156 0.053125 0.173438 0.106250
1 0.875781 0.091667 0.179688 0.183333
1 0.738281 0.237500 0.176563 0.220833
1 0.171094 0.647917 0.145313 0.187500
1 0.858594 0.226042 0.176563 0.222917
1 0.234375 0.566667 0.140625 0.220833
1 0.660156 0.430208 0.157813 0.222917
1 0.669531 0.686458 0.173438 0.227083
1 0.071875 0.076042 0.143750 0.152083
1 0.500000 0.175000 0.196875 0.208333
1 0.914062 0.447917 0.165625 0.212500
0 0.421875 0.468750 0.300000 0.383333
1 0.110937 0.398958 0.131250 0.181250
1 0.839844 0.956250 0.192188 0.087500
1 0.412500 0.806250 0.150000 0.204167
1 0.363281 0.046875 0.154688 0.093750
1 0.032031 0.858333 0.064062 0.187500
1 0.723437 0.931250 0.190625 0.137500
1 0.172656 0.213542 0.157813 0.252083
1 0.061719 0.650000 0.123438 0.208333
1 0.685156 0.053125 0.173438 0.106250
1 0.875781 0.091667 0.179688 0.183333
1 0.738281 0.237500 0.176563 0.220833
1 0.171094 0.647917 0.145313 0.187500
1 0.858594 0.226042 0.176563 0.222917
1 0.234375 0.566667 0.140625 0.220833
1 0.660156 0.430208 0.157813 0.222917
1 0.669531 0.686458 0.173438 0.227083
1 0.071875 0.076042 0.143750 0.152083
1 0.500000 0.175000 0.196875 0.208333
1 0.914062 0.447917 0.165625 0.212500
0 0.421875 0.468750 0.300000 0.383333
1 0.110937 0.398958 0.131250 0.181250
1 0.839844 0.956250 0.192188 0.087500
1 0.412500 0.806250 0.150000 0.204167
1 0.363281 0.046875 0.154688 0.093750
1 0.032031 0.858333 0.064062 0.187500
1 0.723437 0.931250 0.190625 0.137500
1 0.172656 0.213542 0.157813 0.252083
1 0.061719 0.650000 0.123438 0.208333
1 0.685156 0.053125 0.173438 0.106250
1 0.875781 0.091667 0.179688 0.183333
1 0.738281 0.237500 0.176563 0.220833
1 0.171094 0.647917 0.145313 0.187500
1 0.858594 0.226042 0.176563 0.222917
1 0.234375 0.566667 0.140625 0.220833
1 0.660156 0.430208 0.157813 0.222917
1 0.669531 0.686458 0.173438 0.227083
1 0.071875 0.076042 0.143750 0.152083
1 0.500000 0.175000 0.196875 0.208333
1 0.914062 0.447917 0.165625 0.212500
0 0.421875 0.468750 0.300000 0.383333
