1 0.125000 0.365625 0.178125 0.239583
1 0.190625 0.889583 0.184375 0.220833
1 0.424219 0.762500 0.139063 0.195833
2 0.341406 0.056250 0.082813 0.108333
1 0.539844 0.069792 0.157813 0.139583
1 0.467969 0.944792 0.160938 0.110417
1 0.918750 0.885417 0.162500 0.212500
1 0.892969 0.203125 0.192188 0.222917
1 0.873438 0.483333 0.190625 0.283333
1 0.121875 0.719792 0.184375 0.218750
0 0.466406 0.392708 0.326562 0.414583
1 0.858594 0.729167 0.164062 0.204167
1 0.344531 0.685417 0.173438 0.254167
1 0.125000 0.365625 0.178125 0.239583
1 0.190625 0.889583 0.184375 0.220833
1 0.424219 0.762500 0.139063 0.195833
2 0.341406 0.056250 0.082813 0.108333
1 0.539844 0.069792 0.157813 0.139583
1 0.467969 0.944792 0.160938 0.110417
1 0.918750 0.885417 0.162500 0.212500
1 0.892969 0.203125 0.192188 0.222917
1 0.873438 0.483333 0.190625 0.283333
1 0.121875 0.719792 0.184375 0.218750
0 0.466406 0.392708 0.326562 0.414583
1 0.858594 0.729167 0.164062 0.204167
1 0.344531 0.685417 0.173438 0.254167
1 0.125000 0.365625 0.178125 0.239583
1 0.190625 0.889583 0.184375 0.220833
1 0.424219 0.762500 0.139063 0.195833
2 0.341406 0.056250 0.082813 0.108333
1 0.539844 0.069792 0.157813 0.139583
1 0.467969 0.944792 0.160938 0.110417
1 0.918750 0.885417 0.162500 0.212500
1 0.892969 0.203125 0.192188 0.222917
1 0.873438 0.483333 0.190625 0.283333
1 0.121875 0.719792 0.184375 0.218750
0 0.466406 0.392708 0.326562 0.414583
1 0.858594 0.729167 0.164062 0.204167
1 0.344531 0.685417 0.173438 0.254167
1 0.125000 0.365625 0.178125 0.239583
1 0.190625 0.889583 0.184375 0.220833
1 0.424219 0.762500 0.139063 0.195833
2 0.341406 0.056250 0.082813 0.108333
1 0.539844 0.069792 0.157813 0.139583
1 0.467969 0.944792 0.160938 0.110417
1 0.918750 0.885417 0.162500 0.212500
1 0.892969 0.203125 0.192188 0.222917
1 0.873438 0.483333 0.190625 0.283333
1 0.121875 0.719792 0.184375 0.218750
0 0.466406 0.392708 0.326562 0.414583
1 0.858594 0.729167 0.164062 0.204167
1 0.344531 0.685417 0.173438 0.254167
1 0.125000 0.365625 0.178125 0.239583
1 0.190625 0.889583 0.184375 0.220833
1 0.424219 0.762500 0.139063 0.195833
2 0.341406 0.056250 0.082813 0.108333
1 0.539844 0.069792 0.157813 0.139583
1 0.467969 0.944792 0.160938 0.110417
1 0.918750 0.885417 0.162500 0.212500
1 0.892969 0.203125 0.192188 0.222917
1 0.873438 0.483333 0.190625 0.283333
1 0.121875 0.719792 0.184375 0.218750
0 0.466406 0.392708 0.326562 0.414583
1 0.858594 0.729167 0.164062 0.204167
1 0.344531 0.685417 0.173438 0.254167
1 0.125000 0.365625 0.178125 0.239583
1 0.190625 0.889583 0.184375 0.220833
1 0.424219 0.762500 0.139063 0.195833
2 0.341406 0.056250 0.082813 0.108333
1 0.539844 0.069792 0.157813 0.139583
1 0.467969 0.944792 0.160938 0.110417
1 0.918750 0.885417 0.162500 0.212500
1 0.892969 0.203125 0.192188 0.222917
1 0.873438 0.483333 0.190625 0.283333
1 0.121875 0.719792 0.184375 0.218750
0 0.466406 0.392708 0.326562 0.414583
1 0.858594 0.729167 0.164062 0.204167
1 0.344531 0.685417 0.173438 0.254167
1 0.125000 0.365625 0.178125 0.239583
1 0.190625 0.889583 0.184375 0.220833
1 0.424219 0.762500 0.139063 0.195833
2 0.341406 0.056250 0.082813 0.108333
1 0.539844 0.069792 0.157813 0.139583
1 0.467969 0.944792 0.160938 0.110417
1 0.918750 0.885417 0.162500 0.212500
1 0.892969 0.203125 0.192188 0.222917
1 0.873438 0.483333 0.190625 0.283333
1 0.121875 0.719792 0.184375 0.218750
0 0.466406 0.392708 0.326562 0.414583
1 0.858594 0.729167 0.164062 0.204167
1 0.344531 0.685417 0.173438 0.254167
1 0.125000 0.365625 0.178125 0.239583
1 0.190625 0.889583 0.184375 0.220833
1 0.424219 0.762500 0.139063 0.195833
2 0.341406 0.056250 0.082813 0.108333
1 0.539844 0.069792 0.157813 0.139583
1 0.467969 0.944792 0.160938 0.110417
1 0.918750 0.885417 0.162500 0.212500
1 0.892969 0.203125 0.192188 0.222917
1 0.873438 0.483333 0.190625 0.283333
1 0.121875 0.719792 0.184375 0.218750
0 0.466406 0.392708 0.326562 0.414583
1 0.858594 0.729167 0.164062 0.204167
1 0.344531 0.685417 0.173438 0.254167
1 0.125000 0.365625 0.178125 0.239583
1 0.190625 0.889583 0.184375 0.220833
1 0.424219 0.762500 0.139063 0.195833
2 0.341406 0.056250 0.082813 0.108333
1 0.539844 0.069792 0.157813 0.139583
1 0.467969 0.944792 0.160938 0.110417
1 0.918750 0.885417 0.162500 0.212500
1 0.892969 0.203125 0.192188 0.222917
1 0.873438 0.483333 0.190625 0.283333
1 0.121875 0.719792 0.184375 0.218750
0 0.466406 0.392708 0.326562 0.414583
1 0.858594 0.729167 0.164062 0.204167
1 0.344531 0.685417 0.173438 0.254167
1 0.125000 0.365625 0.178125 0.239583
1 0.190625 0.889583 0.184375 0.220833
1 0.424219 0.762500 0.139063 0.195833
2 0.341406 0.056250 0.082813 0.108333
1 0.539844 0.069792 0.157813 0.139583
1 0.467969 0.944792 0.160938 0.110417
1 0.918750 0.885417 0.162500 0.212500
1 0.892969 0.203125 0.192188 0.222917
1 0.873438 0.483333 0.190625 0.283333
1 0.121875 0.719792 0.184375 0.218750
0 0.466406 0.392708 0.326562 0.414583
1 0.858594 0.729167 0.164062 0.204167
1 0.344531 0.685417 0.173438 0.254167
1 0.125000 0.365625 0.178125 0.239583
1 0.190625 0.889583 0.184375 0.220833
1 0.424219 0.762500 0.139063 0.195833
2 0.341406 0.056250 0.082813 0.108333
1 0.539844 0.069792 0.157813 0.139583
1 0.467969 0.944792 0.160938 0.110417
1 0.918750 0.885417 0.162500 0.212500
1 0.892969 0.203125 0.192188 0.222917
1 0.873438 0.483333 0.190625 0.283333
1 0.121875 0.719792 0.184375 0.218750
0 0.466406 0.392708 0.326562 0.414583
1 0.858594 0.729167 0.164062 0.204167
1 0.344531 0.685417 0.173438 0.254167
1 0.125000 0.365625 0.178125 0.239583
1 0.190625 0.889583 0.184375 0.220833
1 0.424219 0.762500 0.139063 0.195833
2 0.341406 0.056250 0.082813 0.108333
1 0.539844 0.069792 0.157813 0.139583
1 0.467969 0.944792 0.160938 0.110417
1 0.918750 0.885417 0.162500 0.212500
1 0.892969 0.203125 0.192188 0.222917
1 0.873438 0.483333 0.190625 0.283333
1 0.121875 0.719792 0.184375 0.218750
0 0.466406 0.392708 0.326562 0.414583
1 0.858594 0.729167 0.164062 0.204167
1 0.344531 0.685417 0.173438 0.254167
1 0.125000 0.365625 0.178125 0.239583
1 0.190625 0.889583 0.184375 0.220833
1 0.424219 0.762500 0.139063 0.195833
2 0.341406 0.056250 0.082813 0.108333
1 0.539844 0.069792 0.157813 0.139583
1 0.467969 0.944792 0.160938 0.110417
1 0.918750 0.885417 0.162500 0.212500
1 0.892969 0.203125 0.192188 0.222917
1 0.873438 0.483333 0.190625 0.283333
1 0.121875 0.719792 0.184375 0.218750
0 0.466406 0.392708 0.326562 0.414583
1 0.858594 0.729167 0.164062 0.204167
1 0.344531 0.685417 0.173438 0.254167
