1 0.030469 0.337500 0.060938 0.254167
2 0.375781 0.055208 0.082813 0.093750
2 0.027344 0.746875 0.051562 0.093750
1 0.535156 0.168750 0.176563 0.204167
1 0.953125 0.271875 0.093750 0.214583
2 0.334375 0.236458 0.081250 0.102083
1 0.272656 0.939583 0.154688 0.120833
1 0.511719 0.330208 0.198437 0.256250
1 0.278125 0.768750 0.159375 0.195833
1 0.943750 0.738542 0.112500 0.227083
1 0.763281 0.801042 0.151562 0.210417
1 0.540625 0.560417 0.187500 0.195833
1 0.196875 0.393750 0.143750 0.200000
1 0.082031 0.883333 0.164062 0.220833
1 0.236719 0.159375 0.167187 0.256250
1 0.667188 0.082292 0.178125 0.164583
1 0.316406 0.540625 0.164062 0.227083
1 0.081250 0.107292 0.159375 0.214583
1 0.849219 0.109375 0.179688 0.214583
0 0.503906 0.814583 0.342187 0.370833
1 0.739062 0.505208 0.175000 0.218750
1 0.110937 0.643750 0.184375 0.229167
1 0.030469 0.337500 0.060938 0.254167
2 0.375781 0.055208 0.082813 0.093750
2 0.027344 0.746875 0.051562 0.093750
1 0.535156 0.168750 0.176563 0.204167
1 0.953125 0.271875 0.093750 0.214583
2 0.334375 0.236458 0.081250 0.102083
1 0.272656 0.939583 0.154688 0.120833
1 0.511719 0.330208 0.198437 0.256250
1 0.278125 0.768750 0.159375 0.195833
1 0.943750 0.738542 0.112500 0.227083
1 0.763281 0.801042 0.151562 0.210417
1 0.540625 0.560417 0.187500 0.195833
1 0.196875 0.393750 0.143750 0.200000
1 0.082031 0.883333 0.164062 0.220833
1 0.236719 0.159375 0.167187 0.256250
1 0.667188 0.082292 0.178125 0.164583
1 0.316406 0.540625 0.164062 0.227083
1 0.081250 0.107292 0.159375 0.214583
1 0.849219 0.109375 0.179688 0.214583
0 0.503906 0.814583 0.342187 0.370833
1 0.739062 0.505208 0.175000 0.218750
1 0.110937 0.643750 0.184375 0.229167
1 0.030469 0.337500 0.060938 0.254167
2 0.375781 0.055208 0.082813 0.093750
2 0.027344 0.746875 0.051562 0.093750
1 0.535156 0.168750 0.176563 0.204167
1 0.953125 0.271875 0.093750 0.214583
2 0.334375 0.236458 0.081250 0.102083
1 0.272656 0.939583 0.154688 0.120833
1 0.511719 0.330208 0.198437 0.256250
1 0.278125 0.768750 0.159375 0.195833
1 0.943750 0.738542 0.112500 0.227083
1 0.763281 0.801042 0.151562 0.210417
1 0.540625 0.560417 0.187500 0.195833
1 0.196875 0.393750 0.143750 0.200000
1 0.082031 0.883333 0.164062 0.220833
1 0.236719 0.159375 0.167187 0.256250
1 0.667188 0.082292 0.178125 0.164583
1 0.316406 0.540625 0.164062 0.227083
1 0.081250 0.107292 0.159375 0.214583
1 0.849219 0.109375 0.179688 0.214583
0 0.503906 0.814583 0.342187 0.370833
1 0.739062 0.505208 0.175000 0.218750
1 0.110937 0.643750 0.184375 0.229167
1 0.030469 0.337500 0.060938 0.254167
2 0.375781 0.055208 0.082813 0.093750
2 0.027344 0.746875 0.051562 0.093750
1 0.535156 0.168750 0.176563 0.204167
1 0.953125 0.271875 0.093750 0.214583
2 0.334375 0.236458 0.081250 0.102083
1 0.272656 0.939583 0.154688 0.120833
1 0.511719 0.330208 0.198437 0.256250
1 0.278125 0.768750 0.159375 0.195833
1 0.943750 0.738542 0.112500 0.227083
1 0.763281 0.801042 0.151562 0.210417
1 0.540625 0.560417 0.187500 0.195833
1 0.196875 0.393750 0.143750 0.200000
1 0.082031 0.883333 0.164062 0.220833
1 0.236719 0.159375 0.167187 0.256250
1 0.667188 0.082292 0.178125 0.164583
1 0.316406 0.540625 0.164062 0.227083
1 0.081250 0.107292 0.159375 0.214583
1 0.849219 0.109375 0.179688 0.214583
0 0.503906 0.814583 0.342187 0.370833
1 0.739062 0.505208 0.175000 0.218750
1 0.110937 0.643750 0.184375 0.229167
1 0.030469 0.337500 0.060938 0.254167
2 0.375781 0.055208 0.082813 0.093750
2 0.027344 0.746875 0.051562 0.093750
1 0.535156 0.168750 0.176563 0.204167
1 0.953125 0.271875 0.093750 0.214583
2 0.334375 0.236458 0.081250 0.102083
1 0.272656 0.939583 0.154688 0.120833
1 0.511719 0.330208 0.198437 0.256250
1 0.278125 0.768750 0.159375 0.195833
1 0.943750 0.738542 0.112500 0.227083
1 0.763281 0.801042 0.151562 0.210417
1 0.540625 0.560417 0.187500 0.195833
1 0.196875 0.393750 0.143750 0.200000
1 0.082031 0.883333 0.164062 0.220833
1 0.236719 0.159375 0.167187 0.256250
1 0.667188 0.082292 0.178125 0.164583
1 0.316406 0.540625 0.164062 0.227083
1 0.081250 0.107292 0.159375 0.214583
1 0.849219 0.109375 0.179688 0.214583
0 0.503906 0.814583 0.342187 0.370833
1 0.739062 0.505208 0.175000 0.218750
1 0.110937 0.643750 0.184375 0.229167
1 0.030469 0.337500 0.060938 0.254167
2 0.375781 0.055208 0.082813 0.093750
2 0.027344 0.746875 0.051562 0.093750
1 0.535156 0.168750 0.176563 0.204167
1 0.953125 0.271875 0.093750 0.214583
2 0.334375 0.236458 0.081250 0.102083
1 0.272656 0.939583 0.154688 0.120833
1 0.511719 0.330208 0.198437 0.256250
1 0.278125 0.768750 0.159375 0.195833
1 0.943750 0.738542 0.112500 0.227083
1 0.763281 0.801042 0.151562 0.210417
1 0.540625 0.560417 0.187500 0.195833
1 0.196875 0.393750 0.143750 0.200000
1 0.082031 0.883333 0.164062 0.220833
1 0.236719 0.159375 0.167187 0.256250
1 0.667188 0.082292 0.178125 0.164583
1 0.316406 0.540625 0.164062 0.227083
1 0.081250 0.107292 0.159375 0.214583
1 0.849219 0.109375 0.179688 0.214583
0 0.503906 0.814583 0.342187 0.370833
1 0.739062 0.505208 0.175000 0.218750
1 0.110937 0.643750 0.184375 0.229167
1 0.030469 0.337500 0.060938 0.254167
2 0.375781 0.055208 0.082813 0.093750
2 0.027344 0.746875 0.051562 0.093750
1 0.535156 0.168750 0.176563 0.204167
1 0.953125 0.271875 0.093750 0.214583
2 0.334375 0.236458 0.081250 0.102083
1 0.272656 0.939583 0.154688 0.120833
1 0.511719 0.330208 0.198437 0.256250
1 0.278125 0.768750 0.159375 0.195833
1 0.943750 0.738542 0.112500 0.227083
1 0.763281 0.801042 0.151562 0.210417
1 0.540625 0.560417 0.187500 0.195833
1 0.196875 0.393750 0.143750 0.200000
1 0.082031 0.883333 0.164062 0.220833
1 0.236719 0.159375 0.167187 0.256250
1 0.667188 0.082292 0.178125 0.164583
1 0.316406 0.540625 0.164062 0.227083
1 0.081250 0.107292 0.159375 0.214583
1 0.849219 0.109375 0.179688 0.214583
0 0.503906 0.814583 0.342187 0.370833
1 0.739062 0.505208 0.175000 0.218750
1 0.110937 0.643750 0.184375 0.229167
1 0.030469 0.337500 0.060938 0.254167
2 0.375781 0.055208 0.082813 0.093750
2 0.027344 0.746875 0.051562 0.093750
1 0.535156 0.168750 0.176563 0.204167
1 0.953125 0.271875 0.093750 0.214583
2 0.334375 0.236458 0.081250 0.102083
1 0.272656 0.939583 0.154688 0.120833
1 0.511719 0.330208 0.198437 0.256250
1 0.278125 0.768750 0.159375 0.195833
1 0.943750 0.738542 0.112500 0.227083
1 0.763281 0.801042 0.151562 0.210417
1 0.540625 0.560417 0.187500 0.195833
1 0.196875 0.393750 0.143750 0.200000
1 0.082031 0.883333 0.164062 0.220833
1 0.236719 0.159375 0.167187 0.256250
1 0.667188 0.082292 0.178125 0.164583
1 0.316406 0.540625 0.164062 0.227083
1 0.081250 0.107292 0.159375 0.214583
1 0.849219 0.109375 0.179688 0.214583
0 0.503906 0.814583 0.342187 0.370833
1 0.739062 0.505208 0.175000 0.218750
1 0.110937 0.643750 0.184375 0.229167
1 0.030469 0.337500 0.060938 0.254167
2 0.375781 0.055208 0.082813 0.093750
2 0.027344 0.746875 0.051562 0.093750
1 0.535156 0.168750 0.176563 0.204167
1 0.953125 0.271875 0.093750 0.214583
2 0.334375 0.236458 0.081250 0.102083
1 0.272656 0.939583 0.154688 0.120833
1 0.511719 0.330208 0.198437 0.256250
1 0.278125 0.768750 0.159375 0.195833
1 0.943750 0.738542 0.112500 0.227083
1 0.763281 0.801042 0.151562 0.210417
1 0.540625 0.560417 0.187500 0.195833
1 0.196875 0.393750 0.143750 0.200000
1 0.082031 0.883333 0.164062 0.220833
1 0.236719 0.159375 0.167187 0.256250
1 0.667188 0.082292 0.178125 0.164583
1 0.316406 0.540625 0.164062 0.227083
1 0.081250 0.107292 0.159375 0.214583
1 0.849219 0.109375 0.179688 0.214583
0 0.503906 0.814583 0.342187 0.370833
1 0.739062 0.505208 0.175000 0.218750
1 0.110937 0.643750 0.184375 0.229167
1 0.030469 0.337500 0.060938 0.254167
2 0.375781 0.055208 0.082813 0.093750
2 0.027344 0.746875 0.051562 0.093750
1 0.535156 0.168750 0.176563 0.204167
1 0.953125 0.271875 0.093750 0.214583
2 0.334375 0.236458 0.081250 0.102083
1 0.272656 0.939583 0.154688 0.120833
1 0.511719 0.330208 0.198437 0.256250
1 0.278125 0.768750 0.159375 0.195833
1 0.943750 0.738542 0.112500 0.227083
1 0.763281 0.801042 0.151562 0.210417
1 0.540625 0.560417 0.187500 0.195833
1 0.196875 0.393750 0.143750 0.200000
1 0.082031 0.883333 0.164062 0.220833
1 0.236719 0.159375 0.167187 0.256250
1 0.667188 0.082292 0.178125 0.164583
1 0.316406 0.540625 0.164062 0.227083
1 0.081250 0.107292 0.159375 0.214583
1 0.849219 0.109375 0.179688 0.214583
0 0.503906 0.814583 0.342187 0.370833
1 0.739062 0.505208 0.175000 0.218750
1 0.110937 0.643750 0.184375 0.229167
1 0.030469 0.337500 0.060938 0.254167
2 0.375781 0.055208 0.082813 0.093750
2 0.027344 0.746875 0.051562 0.093750
1 0.535156 0.168750 0.176563 0.204167
1 0.953125 0.271875 0.093750 0.214583
2 0.334375 0.236458 0.081250 0.102083
1 0.272656 0.939583 0.154688 0.120833
1 0.511719 0.330208 0.198437 0.256250
1 0.278125 0.768750 0.159375 0.195833
1 0.943750 0.738542 0.112500 0.227083
1 0.763281 0.801042 0.151562 0.210417
1 0.540625 0.560417 0.187500 0.195833
1 0.196875 0.393750 0.143750 0.200000
1 0.082031 0.883333 0.164062 0.220833
1 0.236719 0.159375 0.167187 0.256250
1 0.667188 0.082292 0.178125 0.164583
1 0.316406 0.540625 0.164062 0.227083
1 0.081250 0.107292 0.159375 0.214583
1 0.849219 0.109375 0.179688 0.214583
0 0.503906 0.814583 0.342187 0.370833
1 0.739062 0.505208 0.175000 0.218750
1 0.110937 0.643750 0.184375 0.229167
1 0.030469 0.337500 0.060938 0.254167
2 0.375781 0.055208 0.082813 0.093750
2 0.027344 0.746875 0.051562 0.093750
1 0.535156 0.168750 0.176563 0.204167
1 0.953125 0.271875 0.093750 0.214583
2 0.334375 0.236458 0.081250 0.102083
1 0.272656 0.939583 0.154688 0.120833
1 0.511719 0.330208 0.198437 0.256250
1 0.278125 0.768750 0.159375 0.195833
1 0.943750 0.738542 0.112500 0.227083
1 0.763281 0.801042 0.151562 0.210417
1 0.540625 0.560417 0.187500 0.195833
1 0.196875 0.393750 0.143750 0.200000
1 0.082031 0.883333 0.164062 0.220833
1 0.236719 0.159375 0.167187 0.256250
1 0.667188 0.082292 0.178125 0.164583
1 0.316406 0.540625 0.164062 0.227083
1 0.081250 0.107292 0.159375 0.214583
1 0.849219 0.109375 0.179688 0.214583
0 0.503906 0.814583 0.342187 0.370833
1 0.739062 0.505208 0.175000 0.218750
1 0.110937 0.643750 0.184375 0.229167
1 0.030469 0.337500 0.060938 0.254167
2 0.375781 0.055208 0.082813 0.093750
2 0.027344 0.746875 0.051562 0.093750
1 0.535156 0.168750 0.176563 0.204167
1 0.953125 0.271875 0.093750 0.214583
2 0.334375 0.236458 0.081250 0.102083
1 0.272656 0.939583 0.154688 0.120833
1 0.511719 0.330208 0.198437 0.256250
1 0.278125 0.768750 0.159375 0.195833
1 0.943750 0.738542 0.112500 0.227083
1 0.763281 0.801042 0.151562 0.210417
1 0.540625 0.560417 0.187500 0.195833
1 0.196875 0.393750 0.143750 0.200000
1 0.082031 0.883333 0.164062 0.220833
1 0.236719 0.159375 0.167187 0.256250
1 0.667188 0.082292 0.178125 0.164583
1 0.316406 0.540625 0.164062 0.227083
1 0.081250 0.107292 0.159375 0.214583
1 0.849219 0.109375 0.179688 0.214583
0 0.503906 0.814583 0.342187 0.370833
1 0.739062 0.505208 0.175000 0.218750
1 0.110937 0.643750 0.184375 0.229167
1 0.030469 0.337500 0.060938 0.254167
2 0.375781 0.055208 0.082813 0.093750
2 0.027344 0.746875 0.051562 0.093750
1 0.535156 0.168750 0.176563 0.204167
1 0.953125 0.271875 0.093750 0.214583
2 0.334375 0.236458 0.081250 0.102083
1 0.272656 0.939583 0.154688 0.120833
1 0.511719 0.330208 0.198437 0.256250
1 0.278125 0.768750 0.159375 0.195833
1 0.943750 0.738542 0.112500 0.227083
1 0.763281 0.801042 0.151562 0.210417
1 0.540625 0.560417 0.187500 0.195833
1 0.196875 0.393750 0.143750 0.200000
1 0.082031 0.883333 0.164062 0.220833
1 0.236719 0.159375 0.167187 0.256250
1 0.667188 0.082292 0.178125 0.164583
1 0.316406 0.540625 0.164062 0.227083
1 0.081250 0.107292 0.159375 0.214583
1 0.849219 0.109375 0.179688 0.214583
0 0.503906 0.814583 0.342187 0.370833
1 0.739062 0.505208 0.175000 0.218750
1 0.110937 0.643750 0.184375 0.229167
1 0.030469 0.337500 0.060938 0.254167
2 0.375781 0.055208 0.082813 0.093750
2 0.027344 0.746875 0.051562 0.093750
1 0.535156 0.168750 0.176563 0.204167
1 0.953125 0.271875 0.093750 0.214583
2 0.334375 0.236458 0.081250 0.102083
1 0.272656 0.939583 0.154688 0.120833
1 0.511719 0.330208 0.198437 0.256250
1 0.278125 0.768750 0.159375 0.195833
1 0.943750 0.738542 0.112500 0.227083
1 0.763281 0.801042 0.151562 0.210417
1 0.540625 0.560417 0.187500 0.195833
1 0.196875 0.393750 0.143750 0.200000
1 0.082031 0.883333 0.164062 0.220833
1 0.236719 0.159375 0.167187 0.256250
1 0.667188 0.082292 0.178125 0.164583
1 0.316406 0.540625 0.164062 0.227083
1 0.081250 0.107292 0.159375 0.214583
1 0.849219 0.109375 0.179688 0.214583
0 0.503906 0.814583 0.342187 0.370833
1 0.739062 0.505208 0.175000 0.218750
1 0.110937 0.643750 0.184375 0.229167
1 0.030469 0.337500 0.060938 0.254167
2 0.375781 0.055208 0.082813 0.093750
2 0.027344 0.746875 0.051562 0.093750
1 0.535156 0.168750 0.176563 0.204167
1 0.953125 0.271875 0.093750 0.214583
2 0.334375 0.236458 0.081250 0.102083
1 0.272656 0.939583 0.154688 0.120833
1 0.511719 0.330208 0.198437 0.256250
1 0.278125 0.768750 0.159375 0.195833
1 0.943750 0.738542 0.112500 0.227083
1 0.763281 0.801042 0.151562 0.210417
1 0.540625 0.560417 0.187500 0.195833
1 0.196875 0.393750 0.143750 0.200000
1 0.082031 0.883333 0.164062 0.220833
1 0.236719 0.159375 0.167187 0.256250
1 0.667188 0.082292 0.178125 0.164583
1 0.316406 0.540625 0.164062 0.227083
1 0.081250 0.107292 0.159375 0.214583
1 0.849219 0.109375 0.179688 0.214583
0 0.503906 0.814583 0.342187 0.370833
1 0.739062 0.505208 0.175000 0.218750
1 0.110937 0.643750 0.184375 0.229167
1 0.030469 0.337500 0.060938 0.254167
2 0.375781 0.055208 0.082813 0.093750
2 0.027344 0.746875 0.051562 0.093750
1 0.535156 0.168750 0.176563 0.204167
1 0.953125 0.271875 0.093750 0.214583
2 0.334375 0.236458 0.081250 0.102083
1 0.272656 0.939583 0.154688 0.120833
1 0.511719 0.330208 0.198437 0.256250
1 0.278125 0.768750 0.159375 0.195833
1 0.943750 0.738542 0.112500 0.227083
1 0.763281 0.801042 0.151562 0.210417
1 0.540625 0.560417 0.187500 0.195833
1 0.196875 0.393750 0.143750 0.200000
1 0.082031 0.883333 0.164062 0.220833
1 0.236719 0.159375 0.167187 0.256250
1 0.667188 0.082292 0.178125 0.164583
1 0.316406 0.540625 0.164062 0.227083
1 0.081250 0.107292 0.159375 0.214583
1 0.849219 0.109375 0.179688 0.214583
0 0.503906 0.814583 0.342187 0.370833
1 0.739062 0.505208 0.175000 0.218750
1 0.110937 0.643750 0.184375 0.229167
1 0.030469 0.337500 0.060938 0.254167
2 0.375781 0.055208 0.082813 0.093750
2 0.027344 0.746875 0.051562 0.093750
1 0.535156 0.168750 0.176563 0.204167
1 0.953125 0.271875 0.093750 0.214583
2 0.334375 0.236458 0.081250 0.102083
1 0.272656 0.939583 0.154688 0.120833
1 0.511719 0.330208 0.198437 0.256250
1 0.278125 0.768750 0.159375 0.195833
1 0.943750 0.738542 0.112500 0.227083
1 0.763281 0.801042 0.151562 0.210417
1 0.540625 0.560417 0.187500 0.195833
1 0.196875 0.393750 0.143750 0.200000
1 0.082031 0.883333 0.164062 0.220833
1 0.236719 0.159375 0.167187 0.256250
1 0.667188 0.082292 0.178125 0.164583
1 0.316406 0.540625 0.164062 0.227083
1 0.081250 0.107292 0.159375 0.214583
1 0.849219 0.109375 0.179688 0.214583
0 0.503906 0.814583 0.342187 0.370833
1 0.739062 0.505208 0.175000 0.218750
1 0.110937 0.643750 0.184375 0.229167
1 0.030469 0.337500 0.060938 0.254167
2 0.375781 0.055208 0.082813 0.093750
2 0.027344 0.746875 0.051562 0.093750
1 0.535156 0.168750 0.176563 0.204167
1 0.953125 0.271875 0.093750 0.214583
2 0.334375 0.236458 0.081250 0.102083
1 0.272656 0.939583 0.154688 0.120833
1 0.511719 0.330208 0.198437 0.256250
1 0.278125 0.768750 0.159375 0.195833
1 0.943750 0.738542 0.112500 0.227083
1 0.763281 0.801042 0.151562 0.210417
1 0.540625 0.560417 0.187500 0.195833
1 0.196875 0.393750 0.143750 0.200000
1 0.082031 0.883333 0.164062 0.220833
1 0.236719 0.159375 0.167187 0.256250
1 0.667188 0.082292 0.178125 0.164583
1 0.316406 0.540625 0.164062 0.227083
1 0.081250 0.107292 0.159375 0.214583
1 0.849219 0.109375 0.179688 0.214583
0 0.503906 0.814583 0.342187 0.370833
1 0.739062 0.505208 0.175000 0.218750
1 0.110937 0.643750 0.184375 0.229167
1 0.030469 0.337500 0.060938 0.254167
2 0.375781 0.055208 0.082813 0.093750
2 0.027344 0.746875 0.051562 0.093750
1 0.535156 0.168750 0.176563 0.204167
1 0.953125 0.271875 0.093750 0.214583
2 0.334375 0.236458 0.081250 0.102083
1 0.272656 0.939583 0.154688 0.120833
1 0.511719 0.330208 0.198437 0.256250
1 0.278125 0.768750 0.159375 0.195833
1 0.943750 0.738542 0.112500 0.227083
1 0.763281 0.801042 0.151562 0.210417
1 0.540625 0.560417 0.187500 0.195833
1 0.196875 0.393750 0.143750 0.200000
1 0.082031 0.883333 0.164062 0.220833
1 0.236719 0.159375 0.167187 0.256250
1 0.667188 0.082292 0.178125 0.164583
1 0.316406 0.540625 0.164062 0.227083
1 0.081250 0.107292 0.159375 0.214583
1 0.849219 0.109375 0.179688 0.214583
0 0.503906 0.814583 0.342187 0.370833
1 0.739062 0.505208 0.175000 0.218750
1 0.110937 0.643750 0.184375 0.229167
1 0.030469 0.337500 0.060938 0.254167
2 0.375781 0.055208 0.082813 0.093750
2 0.027344 0.746875 0.051562 0.093750
1 0.535156 0.168750 0.176563 0.204167
1 0.953125 0.271875 0.093750 0.214583
2 0.334375 0.236458 0.081250 0.102083
1 0.272656 0.939583 0.154688 0.120833
1 0.511719 0.330208 0.198437 0.256250
1 0.278125 0.768750 0.159375 0.195833
1 0.943750 0.738542 0.112500 0.227083
1 0.763281 0.801042 0.151562 0.210417
1 0.540625 0.560417 0.187500 0.195833
1 0.196875 0.393750 0.143750 0.200000
1 0.082031 0.883333 0.164062 0.220833
1 0.236719 0.159375 0.167187 0.256250
1 0.667188 0.082292 0.178125 0.164583
1 0.316406 0.540625 0.164062 0.227083
1 0.081250 0.107292 0.159375 0.214583
1 0.849219 0.109375 0.179688 0.214583
0 0.503906 0.814583 0.342187 0.370833
1 0.739062 0.505208 0.175000 0.218750
1 0.110937 0.643750 0.184375 0.229167
1 0.030469 0.337500 0.060938 0.254167
2 0.375781 0.055208 0.082813 0.093750
2 0.027344 0.746875 0.051562 0.093750
1 0.535156 0.168750 0.176563 0.204167
1 0.953125 0.271875 0.093750 0.214583
2 0.334375 0.236458 0.081250 0.102083
1 0.272656 0.939583 0.154688 0.120833
1 0.511719 0.330208 0.198437 0.256250
1 0.278125 0.768750 0.159375 0.195833
1 0.943750 0.738542 0.112500 0.227083
1 0.763281 0.801042 0.151562 0.210417
1 0.540625 0.560417 0.187500 0.195833
1 0.196875 0.393750 0.143750 0.200000
1 0.082031 0.883333 0.164062 0.220833
1 0.236719 0.159375 0.167187 0.256250
1 0.667188 0.082292 0.178125 0.164583
1 0.316406 0.540625 0.164062 0.227083
1 0.081250 0.107292 0.159375 0.214583
1 0.849219 0.109375 0.179688 0.214583
0 0.503906 0.814583 0.342187 0.370833
1 0.739062 0.505208 0.175000 0.218750
1 0.110937 0.643750 0.184375 0.229167
