1 0.139063 0.944792 0.131250 0.110417
1 0.805469 0.539583 0.173438 0.233333
1 0.363281 0.807292 0.148438 0.177083
1 0.373437 0.302083 0.168750 0.208333
1 0.952344 0.478125 0.095312 0.243750
1 0.352344 0.511458 0.189063 0.247917
1 0.950781 0.843750 0.098438 0.216667
1 0.511719 0.942708 0.139063 0.110417
1 0.810938 0.320833 0.165625 0.204167
1 0.555469 0.432292 0.164062 0.189583
1 0.721094 0.923958 0.160938 0.152083
1 0.199219 0.807292 0.176563 0.239583
1 0.712500 0.720833 0.168750 0.237500
1 0.944531 0.258333 0.110937 0.216667
1 0.900000 0.688542 0.181250 0.235417
1 0.062500 0.575000 0.125000 0.266667
1 0.186719 0.476042 0.151562 0.172917
0 0.621094 0.172917 0.267188 0.320833
1 0.139063 0.944792 0.131250 0.110417
1 0.805469 0.539583 0.173438 0.233333
1 0.363281 0.807292 0.148438 0.177083
1 0.373437 0.302083 0.168750 0.208333
1 0.952344 0.478125 0.095312 0.243750
1 0.352344 0.511458 0.189063 0.247917
1 0.950781 0.843750 0.098438 0.216667
1 0.511719 0.942708 0.139063 0.110417
1 0.810938 0.320833 0.165625 0.204167
1 0.555469 0.432292 0.164062 0.189583
1 0.721094 0.923958 0.160938 0.152083
1 0.199219 0.807292 0.176563 0.239583
1 0.712500 0.720833 0.168750 0.237500
1 0.944531 0.258333 0.110937 0.216667
1 0.900000 0.688542 0.181250 0.235417
1 0.062500 0.575000 0.125000 0.266667
1 0.186719 0.476042 0.151562 0.172917
0 0.621094 0.172917 0.267188 0.320833
1 0.139063 0.944792 0.131250 0.110417
1 0.805469 0.539583 0.173438 0.233333
1 0.363281 0.807292 0.148438 0.177083
1 0.373437 0.302083 0.168750 0.208333
1 0.952344 0.478125 0.095312 0.243750
1 0.352344 0.511458 0.189063 0.247917
1 0.950781 0.843750 0.098438 0.216667
1 0.511719 0.942708 0.139063 0.110417
1 0.810938 0.320833 0.165625 0.204167
1 0.555469 0.432292 0.164062 0.189583
1 0.721094 0.923958 0.160938 0.152083
1 0.199219 0.807292 0.176563 0.239583
1 0.712500 0.720833 0.168750 0.237500
1 0.944531 0.258333 0.110937 0.216667
1 0.900000 0.688542 0.181250 0.235417
1 0.062500 0.575000 0.125000 0.266667
1 0.186719 0.476042 0.151562 0.172917
0 0.621094 0.172917 0.267188 0.320833
1 0.139063 0.944792 0.131250 0.110417
1 0.805469 0.539583 0.173438 0.233333
1 0.363281 0.807292 0.148438 0.177083
1 0.373437 0.302083 0.168750 0.208333
1 0.952344 0.478125 0.095312 0.243750
1 0.352344 0.511458 0.189063 0.247917
1 0.950781 0.843750 0.098438 0.216667
1 0.511719 0.942708 0.139063 0.110417
1 0.810938 0.320833 0.165625 0.204167
1 0.555469 0.432292 0.164062 0.189583
1 0.721094 0.923958 0.160938 0.152083
1 0.199219 0.807292 0.176563 0.239583
1 0.712500 0.720833 0.168750 0.237500
1 0.944531 0.258333 0.110937 0.216667
1 0.900000 0.688542 0.181250 0.235417
1 0.062500 0.575000 0.125000 0.266667
1 0.186719 0.476042 0.151562 0.172917
0 0.621094 0.172917 0.267188 0.320833
1 0.139063 0.944792 0.131250 0.110417
1 0.805469 0.539583 0.173438 0.233333
1 0.363281 0.807292 0.148438 0.177083
1 0.373437 0.302083 0.168750 0.208333
1 0.952344 0.478125 0.095312 0.243750
1 0.352344 0.511458 0.189063 0.247917
1 0.950781 0.843750 0.098438 0.216667
1 0.511719 0.942708 0.139063 0.110417
1 0.810938 0.320833 0.165625 0.204167
1 0.555469 0.432292 0.164062 0.189583
1 0.721094 0.923958 0.160938 0.152083
1 0.199219 0.807292 0.176563 0.239583
1 0.712500 0.720833 0.168750 0.237500
1 0.944531 0.258333 0.110937 0.216667
1 0.900000 0.688542 0.181250 0.235417
1 0.062500 0.575000 0.125000 0.266667
1 0.186719 0.476042 0.151562 0.172917
0 0.621094 0.172917 0.267188 0.320833
1 0.139063 0.944792 0.131250 0.110417
1 0.805469 0.539583 0.173438 0.233333
1 0.363281 0.807292 0.148438 0.177083
1 0.373437 0.302083 0.168750 0.208333
1 0.952344 0.478125 0.095312 0.243750
1 0.352344 0.511458 0.189063 0.247917
1 0.950781 0.843750 0.098438 0.216667
1 0.511719 0.942708 0.139063 0.110417
1 0.810938 0.320833 0.165625 0.204167
1 0.555469 0.432292 0.164062 0.189583
1 0.721094 0.923958 0.160938 0.152083
1 0.199219 0.807292 0.176563 0.239583
1 0.712500 0.720833 0.168750 0.237500
1 0.944531 0.258333 0.110937 0.216667
1 0.900000 0.688542 0.181250 0.235417
1 0.062500 0.575000 0.125000 0.266667
1 0.186719 0.476042 0.151562 0.172917
0 0.621094 0.172917 0.267188 0.320833
1 0.139063 0.944792 0.131250 0.110417
1 0.805469 0.539583 0.173438 0.233333
1 0.363281 0.807292 0.148438 0.177083
1 0.373437 0.302083 0.168750 0.208333
1 0.952344 0.478125 0.095312 0.243750
1 0.352344 0.511458 0.189063 0.247917
1 0.950781 0.843750 0.098438 0.216667
1 0.511719 0.942708 0.139063 0.110417
1 0.810938 0.320833 0.165625 0.204167
1 0.555469 0.432292 0.164062 0.189583
1 0.721094 0.923958 0.160938 0.152083
1 0.199219 0.807292 0.176563 0.239583
1 0.712500 0.720833 0.168750 0.237500
1 0.944531 0.258333 0.110937 0.216667
1 0.900000 0.688542 0.181250 0.235417
1 0.062500 0.575000 0.125000 0.266667
1 0.186719 0.476042 0.151562 0.172917
0 0.621094 0.172917 0.267188 0.320833
1 0.139063 0.944792 0.131250 0.110417
1 0.805469 0.539583 0.173438 0.233333
1 0.363281 0.807292 0.148438 0.177083
1 0.373437 0.302083 0.168750 0.208333
1 0.952344 0.478125 0.095312 0.243750
1 0.352344 0.511458 0.189063 0.247917
1 0.950781 0.843750 0.098438 0.216667
1 0.511719 0.942708 0.139063 0.110417
1 0.810938 0.320833 0.165625 0.204167
1 0.555469 0.432292 0.164062 0.189583
1 0.721094 0.923958 0.160938 0.152083
1 0.199219 0.807292 0.176563 0.239583
1 0.712500 0.720833 0.168750 0.237500
1 0.944531 0.258333 0.110937 0.216667
1 0.900000 0.688542 0.181250 0.235417
1 0.062500 0.575000 0.125000 0.266667
1 0.186719 0.476042 0.151562 0.172917
0 0.621094 0.172917 0.267188 0.320833
1 0.139063 0.944792 0.131250 0.110417
1 0.805469 0.539583 0.173438 0.233333
1 0.363281 0.807292 0.148438 0.177083
1 0.373437 0.302083 0.168750 0.208333
1 0.952344 0.478125 0.095312 0.243750
1 0.352344 0.511458 0.189063 0.247917
1 0.950781 0.843750 0.098438 0.216667
1 0.511719 0.942708 0.139063 0.110417
1 0.810938 0.320833 0.165625 0.204167
1 0.555469 0.432292 0.164062 0.189583
1 0.721094 0.923958 0.160938 0.152083
1 0.199219 0.807292 0.176563 0.239583
1 0.712500 0.720833 0.168750 0.237500
1 0.944531 0.258333 0.110937 0.216667
1 0.900000 0.688542 0.181250 0.235417
1 0.062500 0.575000 0.125000 0.266667
1 0.186719 0.476042 0.151562 0.172917
0 0.621094 0.172917 0.267188 0.320833
1 0.139063 0.944792 0.131250 0.110417
1 0.805469 0.539583 0.173438 0.233333
1 0.363281 0.807292 0.148438 0.177083
1 0.373437 0.302083 0.168750 0.208333
1 0.952344 0.478125 0.095312 0.243750
1 0.352344 0.511458 0.189063 0.247917
1 0.950781 0.843750 0.098438 0.216667
1 0.511719 0.942708 0.139063 0.110417
1 0.810938 0.320833 0.165625 0.204167
1 0.555469 0.432292 0.164062 0.189583
1 0.721094 0.923958 0.160938 0.152083
1 0.199219 0.807292 0.176563 0.239583
1 0.712500 0.720833 0.168750 0.237500
1 0.944531 0.258333 0.110937 0.216667
1 0.900000 0.688542 0.181250 0.235417
1 0.062500 0.575000 0.125000 0.266667
1 0.186719 0.476042 0.151562 0.172917
0 0.621094 0.172917 0.267188 0.320833
1 0.139063 0.944792 0.131250 0.110417
1 0.805469 0.539583 0.173438 0.233333
1 0.363281 0.807292 0.148438 0.177083
1 0.373437 0.302083 0.168750 0.208333
1 0.952344 0.478125 0.095312 0.243750
1 0.352344 0.511458 0.189063 0.247917
1 0.950781 0.843750 0.098438 0.216667
1 0.511719 0.942708 0.139063 0.110417
1 0.810938 0.320833 0.165625 0.204167
1 0.555469 0.432292 0.164062 0.189583
1 0.721094 0.923958 0.160938 0.152083
1 0.199219 0.807292 0.176563 0.239583
1 0.712500 0.720833 0.168750 0.237500
1 0.944531 0.258333 0.110937 0.216667
1 0.900000 0.688542 0.181250 0.235417
1 0.062500 0.575000 0.125000 0.266667
1 0.186719 0.476042 0.151562 0.172917
0 0.621094 0.172917 0.267188 0.320833
1 0.139063 0.944792 0.131250 0.110417
1 0.805469 0.539583 0.173438 0.233333
1 0.363281 0.807292 0.148438 0.177083
1 0.373437 0.302083 0.168750 0.208333
1 0.952344 0.478125 0.095312 0.243750
1 0.352344 0.511458 0.189063 0.247917
1 0.950781 0.843750 0.098438 0.216667
1 0.511719 0.942708 0.139063 0.110417
1 0.810938 0.320833 0.165625 0.204167
1 0.555469 0.432292 0.164062 0.189583
1 0.721094 0.923958 0.160938 0.152083
1 0.199219 0.807292 0.176563 0.239583
1 0.712500 0.720833 0.168750 0.237500
1 0.944531 0.258333 0.110937 0.216667
1 0.900000 0.688542 0.181250 0.235417
1 0.062500 0.575000 0.125000 0.266667
1 0.186719 0.476042 0.151562 0.172917
0 0.621094 0.172917 0.267188 0.320833
1 0.139063 0.944792 0.131250 0.110417
1 0.805469 0.539583 0.173438 0.233333
1 0.363281 0.807292 0.148438 0.177083
1 0.373437 0.302083 0.168750 0.208333
1 0.952344 0.478125 0.095312 0.243750
1 0.352344 0.511458 0.189063 0.247917
1 0.950781 0.843750 0.098438 0.216667
1 0.511719 0.942708 0.139063 0.110417
1 0.810938 0.320833 0.165625 0.204167
1 0.555469 0.432292 0.164062 0.189583
1 0.721094 0.923958 0.160938 0.152083
1 0.199219 0.807292 0.176563 0.239583
1 0.712500 0.720833 0.168750 0.237500
1 0.944531 0.258333 0.110937 0.216667
1 0.900000 0.688542 0.181250 0.235417
1 0.062500 0.575000 0.125000 0.266667
1 0.186719 0.476042 0.151562 0.172917
0 0.621094 0.172917 0.267188 0.320833
1 0.139063 0.944792 0.131250 0.110417
1 0.805469 0.539583 0.173438 0.233333
1 0.363281 0.807292 0.148438 0.177083
1 0.373437 0.302083 0.168750 0.208333
1 0.952344 0.478125 0.095312 0.243750
1 0.352344 0.511458 0.189063 0.247917
1 0.950781 0.843750 0.098438 0.216667
1 0.511719 0.942708 0.139063 0.110417
1 0.810938 0.320833 0.165625 0.204167
1 0.555469 0.432292 0.164062 0.189583
1 0.721094 0.923958 0.160938 0.152083
1 0.199219 0.807292 0.176563 0.239583
1 0.712500 0.720833 0.168750 0.237500
1 0.944531 0.258333 0.110937 0.216667
1 0.900000 0.688542 0.181250 0.235417
1 0.062500 0.575000 0.125000 0.266667
1 0.186719 0.476042 0.151562 0.172917
0 0.621094 0.172917 0.267188 0.320833
1 0.139063 0.944792 0.131250 0.110417
1 0.805469 0.539583 0.173438 0.233333
1 0.363281 0.807292 0.148438 0.177083
1 0.373437 0.302083 0.168750 0.208333
1 0.952344 0.478125 0.095312 0.243750
1 0.352344 0.511458 0.189063 0.247917
1 0.950781 0.843750 0.098438 0.216667
1 0.511719 0.942708 0.139063 0.110417
1 0.810938 0.320833 0.165625 0.204167
1 0.555469 0.432292 0.164062 0.189583
1 0.721094 0.923958 0.160938 0.152083
1 0.199219 0.807292 0.176563 0.239583
1 0.712500 0.720833 0.168750 0.237500
1 0.944531 0.258333 0.110937 0.216667
1 0.900000 0.688542 0.181250 0.235417
1 0.062500 0.575000 0.125000 0.266667
1 0.186719 0.476042 0.151562 0.172917
0 0.621094 0.172917 0.267188 0.320833
1 0.139063 0.944792 0.131250 0.110417
1 0.805469 0.539583 0.173438 0.233333
1 0.363281 0.807292 0.148438 0.177083
1 0.373437 0.302083 0.168750 0.208333
1 0.952344 0.478125 0.095312 0.243750
1 0.352344 0.511458 0.189063 0.247917
1 0.950781 0.843750 0.098438 0.216667
1 0.511719 0.942708 0.139063 0.110417
1 0.810938 0.320833 0.165625 0.204167
1 0.555469 0.432292 0.164062 0.189583
1 0.721094 0.923958 0.160938 0.152083
1 0.199219 0.807292 0.176563 0.239583
1 0.712500 0.720833 0.168750 0.237500
1 0.944531 0.258333 0.110937 0.216667
1 0.900000 0.688542 0.181250 0.235417
1 0.062500 0.575000 0.125000 0.266667
1 0.186719 0.476042 0.151562 0.172917
0 0.621094 0.172917 0.267188 0.320833
1 0.139063 0.944792 0.131250 0.110417
1 0.805469 0.539583 0.173438 0.233333
1 0.363281 0.807292 0.148438 0.177083
1 0.373437 0.302083 0.168750 0.208333
1 0.952344 0.478125 0.095312 0.243750
1 0.352344 0.511458 0.189063 0.247917
1 0.950781 0.843750 0.098438 0.216667
1 0.511719 0.942708 0.139063 0.110417
1 0.810938 0.320833 0.165625 0.204167
1 0.555469 0.432292 0.164062 0.189583
1 0.721094 0.923958 0.160938 0.152083
1 0.199219 0.807292 0.176563 0.239583
1 0.712500 0.720833 0.168750 0.237500
1 0.944531 0.258333 0.110937 0.216667
1 0.900000 0.688542 0.181250 0.235417
1 0.062500 0.575000 0.125000 0.266667
1 0.186719 0.476042 0.151562 0.172917
0 0.621094 0.172917 0.267188 0.320833
1 0.139063 0.944792 0.131250 0.110417
1 0.805469 0.539583 0.173438 0.233333
1 0.363281 0.807292 0.148438 0.177083
1 0.373437 0.302083 0.168750 0.208333
1 0.952344 0.478125 0.095312 0.243750
1 0.352344 0.511458 0.189063 0.247917
1 0.950781 0.843750 0.098438 0.216667
1 0.511719 0.942708 0.139063 0.110417
1 0.810938 0.320833 0.165625 0.204167
1 0.555469 0.432292 0.164062 0.189583
1 0.721094 0.923958 0.160938 0.152083
1 0.199219 0.807292 0.176563 0.239583
1 0.712500 0.720833 0.168750 0.237500
1 0.944531 0.258333 0.110937 0.216667
1 0.900000 0.688542 0.181250 0.235417
1 0.062500 0.575000 0.125000 0.266667
1 0.186719 0.476042 0.151562 0.172917
0 0.621094 0.172917 0.267188 0.320833
