1 0.237500 0.056250 0.190625 0.112500
1 0.918750 0.044792 0.162500 0.089583
1 0.971094 0.157292 0.054688 0.168750
1 0.103125 0.752083 0.159375 0.220833
1 0.048438 0.772917 0.096875 0.233333
1 0.710938 0.110417 0.153125 0.212500
1 0.922656 0.328125 0.145313 0.214583
1 0.042969 0.065625 0.085938 0.131250
1 0.712500 0.457292 0.140625 0.206250
1 0.754687 0.920833 0.196875 0.158333
1 0.200000 0.427083 0.156250 0.191667
1 0.203906 0.168750 0.195312 0.183333
1 0.580469 0.309375 0.192188 0.239583
0 0.420312 0.719792 0.393750 0.460417
1 0.078906 0.216667 0.157813 0.204167
1 0.158594 0.893750 0.164062 0.195833
1 0.882031 0.201042 0.154688 0.193750
1 0.237500 0.056250 0.190625 0.112500
1 0.918750 0.044792 0.162500 0.089583
1 0.971094 0.157292 0.054688 0.168750
1 0.103125 0.752083 0.159375 0.220833
1 0.048438 0.772917 0.096875 0.233333
1 0.710938 0.110417 0.153125 0.212500
1 0.922656 0.328125 0.145313 0.214583
1 0.042969 0.065625 0.085938 0.131250
1 0.712500 0.457292 0.140625 0.206250
1 0.754687 0.920833 0.196875 0.158333
1 0.200000 0.427083 0.156250 0.191667
1 0.203906 0.168750 0.195312 0.183333
1 0.580469 0.309375 0.192188 0.239583
0 0.420312 0.719792 0.393750 0.460417
1 0.078906 0.216667 0.157813 0.204167
1 0.158594 0.893750 0.164062 0.195833
1 0.882031 0.201042 0.154688 0.193750
1 0.237500 0.056250 0.190625 0.112500
1 0.918750 0.044792 0.162500 0.089583
1 0.971094 0.157292 0.054688 0.168750
1 0.103125 0.752083 0.159375 0.220833
1 0.048438 0.772917 0.096875 0.233333
1 0.710938 0.110417 0.153125 0.212500
1 0.922656 0.328125 0.145313 0.214583
1 0.042969 0.065625 0.085938 0.131250
1 0.712500 0.457292 0.140625 0.206250
1 0.754687 0.920833 0.196875 0.158333
1 0.200000 0.427083 0.156250 0.191667
1 0.203906 0.168750 0.195312 0.183333
1 0.580469 0.309375 0.192188 0.239583
0 0.420312 0.719792 0.393750 0.460417
1 0.078906 0.216667 0.157813 0.204167
1 0.158594 0.893750 0.164062 0.195833
1 0.882031 0.201042 0.154688 0.193750
1 0.237500 0.056250 0.190625 0.112500
1 0.918750 0.044792 0.162500 0.089583
1 0.971094 0.157292 0.054688 0.168750
1 0.103125 0.752083 0.159375 0.220833
1 0.048438 0.772917 0.096875 0.233333
1 0.710938 0.110417 0.153125 0.212500
1 0.922656 0.328125 0.145313 0.214583
1 0.042969 0.065625 0.085938 0.131250
1 0.712500 0.457292 0.140625 0.206250
1 0.754687 0.920833 0.196875 0.158333
1 0.200000 0.427083 0.156250 0.191667
1 0.203906 0.168750 0.195312 0.183333
1 0.580469 0.309375 0.192188 0.239583
0 0.420312 0.719792 0.393750 0.460417
1 0.078906 0.216667 0.157813 0.204167
1 0.158594 0.893750 0.164062 0.195833
1 0.882031 0.201042 0.154688 0.193750
1 0.237500 0.056250 0.190625 0.112500
1 0.918750 0.044792 0.162500 0.089583
1 0.971094 0.157292 0.054688 0.168750
1 0.103125 0.752083 0.159375 0.220833
1 0.048438 0.772917 0.096875 0.233333
1 0.710938 0.110417 0.153125 0.212500
1 0.922656 0.328125 0.145313 0.214583
1 0.042969 0.065625 0.085938 0.131250
1 0.712500 0.457292 0.140625 0.206250
1 0.754687 0.920833 0.196875 0.158333
1 0.200000 0.427083 0.156250 0.191667
1 0.203906 0.168750 0.195312 0.183333
1 0.580469 0.309375 0.192188 0.239583
0 0.420312 0.719792 0.393750 0.460417
1 0.078906 0.216667 0.157813 0.204167
1 0.158594 0.893750 0.164062 0.195833
1 0.882031 0.201042 0.154688 0.193750
1 0.237500 0.056250 0.190625 0.112500
1 0.918750 0.044792 0.162500 0.089583
1 0.971094 0.157292 0.054688 0.168750
1 0.103125 0.752083 0.159375 0.220833
1 0.048438 0.772917 0.096875 0.233333
1 0.710938 0.110417 0.153125 0.212500
1 0.922656 0.328125 0.145313 0.214583
1 0.042969 0.065625 0.085938 0.131250
1 0.712500 0.457292 0.140625 0.206250
1 0.754687 0.920833 0.196875 0.158333
1 0.200000 0.427083 0.156250 0.191667
1 0.203906 0.168750 0.195312 0.183333
1 0.580469 0.309375 0.192188 0.239583
0 0.420312 0.719792 0.393750 0.460417
1 0.078906 0.216667 0.157813 0.204167
1 0.158594 0.893750 0.164062 0.195833
1 0.882031 0.201042 0.154688 0.193750
1 0.237500 0.056250 0.190625 0.112500
1 0.918750 0.044792 0.162500 0.089583
1 0.971094 0.157292 0.054688 0.168750
1 0.103125 0.752083 0.159375 0.220833
1 0.048438 0.772917 0.096875 0.233333
1 0.710938 0.110417 0.153125 0.212500
1 0.922656 0.328125 0.145313 0.214583
1 0.042969 0.065625 0.085938 0.131250
1 0.712500 0.457292 0.140625 0.206250
1 0.754687 0.920833 0.196875 0.158333
1 0.200000 0.427083 0.156250 0.191667
1 0.203906 0.168750 0.195312 0.183333
1 0.580469 0.309375 0.192188 0.239583
0 0.420312 0.719792 0.393750 0.460417
1 0.078906 0.216667 0.157813 0.204167
1 0.158594 0.893750 0.164062 0.195833
1 0.882031 0.201042 0.154688 0.193750
1 0.237500 0.056250 0.190625 0.112500
1 0.918750 0.044792 0.162500 0.089583
1 0.971094 0.157292 0.054688 0.168750
1 0.103125 0.752083 0.159375 0.220833
1 0.048438 0.772917 0.096875 0.233333
1 0.710938 0.110417 0.153125 0.212500
1 0.922656 0.328125 0.145313 0.214583
1 0.042969 0.065625 0.085938 0.131250
1 0.712500 0.457292 0.140625 0.206250
1 0.754687 0.920833 0.196875 0.158333
1 0.200000 0.427083 0.156250 0.191667
1 0.203906 0.168750 0.195312 0.183333
1 0.580469 0.309375 0.192188 0.239583
0 0.420312 0.719792 0.393750 0.460417
1 0.078906 0.216667 0.157813 0.204167
1 0.158594 0.893750 0.164062 0.195833
1 0.882031 0.201042 0.154688 0.193750
1 0.237500 0.056250 0.190625 0.112500
1 0.918750 0.044792 0.162500 0.089583
1 0.971094 0.157292 0.054688 0.168750
1 0.103125 0.752083 0.159375 0.220833
1 0.048438 0.772917 0.096875 0.233333
1 0.710938 0.110417 0.153125 0.212500
1 0.922656 0.328125 0.145313 0.214583
1 0.042969 0.065625 0.085938 0.131250
1 0.712500 0.457292 0.140625 0.206250
1 0.754687 0.920833 0.196875 0.158333
1 0.200000 0.427083 0.156250 0.191667
1 0.203906 0.168750 0.195312 0.183333
1 0.580469 0.309375 0.192188 0.239583
0 0.420312 0.719792 0.393750 0.460417
1 0.078906 0.216667 0.157813 0.204167
1 0.158594 0.893750 0.164062 0.195833
1 0.882031 0.201042 0.154688 0.193750
1 0.237500 0.056250 0.190625 0.112500
1 0.918750 0.044792 0.162500 0.089583
1 0.971094 0.157292 0.054688 0.168750
1 0.103125 0.752083 0.159375 0.220833
1 0.048438 0.772917 0.096875 0.233333
1 0.710938 0.110417 0.153125 0.212500
1 0.922656 0.328125 0.145313 0.214583
1 0.042969 0.065625 0.085938 0.131250
1 0.712500 0.457292 0.140625 0.206250
1 0.754687 0.920833 0.196875 0.158333
1 0.200000 0.427083 0.156250 0.191667
1 0.203906 0.168750 0.195312 0.183333
1 0.580469 0.309375 0.192188 0.239583
0 0.420312 0.719792 0.393750 0.460417
1 0.078906 0.216667 0.157813 0.204167
1 0.158594 0.893750 0.164062 0.195833
1 0.882031 0.201042 0.154688 0.193750
1 0.237500 0.056250 0.190625 0.112500
1 0.918750 0.044792 0.162500 0.089583
1 0.971094 0.157292 0.054688 0.168750
1 0.103125 0.752083 0.159375 0.220833
1 0.048438 0.772917 0.096875 0.233333
1 0.710938 0.110417 0.153125 0.212500
1 0.922656 0.328125 0.145313 0.214583
1 0.042969 0.065625 0.085938 0.131250
1 0.712500 0.457292 0.140625 0.206250
1 0.754687 0.920833 0.196875 0.158333
1 0.200000 0.427083 0.156250 0.191667
1 0.203906 0.168750 0.195312 0.183333
1 0.580469 0.309375 0.192188 0.239583
0 0.420312 0.719792 0.393750 0.460417
1 0.078906 0.216667 0.157813 0.204167
1 0.158594 0.893750 0.164062 0.195833
1 0.882031 0.201042 0.154688 0.193750
1 0.237500 0.056250 0.190625 0.112500
1 0.918750 0.044792 0.162500 0.089583
1 0.971094 0.157292 0.054688 0.168750
1 0.103125 0.752083 0.159375 0.220833
1 0.048438 0.772917 0.096875 0.233333
1 0.710938 0.110417 0.153125 0.212500
1 0.922656 0.328125 0.145313 0.214583
1 0.042969 0.065625 0.085938 0.131250
1 0.712500 0.457292 0.140625 0.206250
1 0.754687 0.920833 0.196875 0.158333
1 0.200000 0.427083 0.156250 0.191667
1 0.203906 0.168750 0.195312 0.183333
1 0.580469 0.309375 0.192188 0.239583
0 0.420312 0.719792 0.393750 0.460417
1 0.078906 0.216667 0.157813 0.204167
1 0.158594 0.893750 0.164062 0.195833
1 0.882031 0.201042 0.154688 0.193750
1 0.237500 0.056250 0.190625 0.112500
1 0.918750 0.044792 0.162500 0.089583
1 0.971094 0.157292 0.054688 0.168750
1 0.103125 0.752083 0.159375 0.220833
1 0.048438 0.772917 0.096875 0.233333
1 0.710938 0.110417 0.153125 0.212500
1 0.922656 0.328125 0.145313 0.214583
1 0.042969 0.065625 0.085938 0.131250
1 0.712500 0.457292 0.140625 0.206250
1 0.754687 0.920833 0.196875 0.158333
1 0.200000 0.427083 0.156250 0.191667
1 0.203906 0.168750 0.195312 0.183333
1 0.580469 0.309375 0.192188 0.239583
0 0.420312 0.719792 0.393750 0.460417
1 0.078906 0.216667 0.157813 0.204167
1 0.158594 0.893750 0.164062 0.195833
1 0.882031 0.201042 0.154688 0.193750
1 0.237500 0.056250 0.190625 0.112500
1 0.918750 0.044792 0.162500 0.089583
1 0.971094 0.157292 0.054688 0.168750
1 0.103125 0.752083 0.159375 0.220833
1 0.048438 0.772917 0.096875 0.233333
1 0.710938 0.110417 0.153125 0.212500
1 0.922656 0.328125 0.145313 0.214583
1 0.042969 0.065625 0.085938 0.131250
1 0.712500 0.457292 0.140625 0.206250
1 0.754687 0.920833 0.196875 0.158333
1 0.200000 0.427083 0.156250 0.191667
1 0.203906 0.168750 0.195312 0.183333
1 0.580469 0.309375 0.192188 0.239583
0 0.420312 0.719792 0.393750 0.460417
1 0.078906 0.216667 0.157813 0.204167
1 0.158594 0.893750 0.164062 0.195833
1 0.882031 0.201042 0.154688 0.193750
1 0.237500 0.056250 0.190625 0.112500
1 0.918750 0.044792 0.162500 0.089583
1 0.971094 0.157292 0.054688 0.168750
1 0.103125 0.752083 0.159375 0.220833
1 0.048438 0.772917 0.096875 0.233333
1 0.710938 0.110417 0.153125 0.212500
1 0.922656 0.328125 0.145313 0.214583
1 0.042969 0.065625 0.085938 0.131250
1 0.712500 0.457292 0.140625 0.206250
1 0.754687 0.920833 0.196875 0.158333
1 0.200000 0.427083 0.156250 0.191667
1 0.203906 0.168750 0.195312 0.183333
1 0.580469 0.309375 0.192188 0.239583
0 0.420312 0.719792 0.393750 0.460417
1 0.078906 0.216667 0.157813 0.204167
1 0.158594 0.893750 0.164062 0.195833
1 0.882031 0.201042 0.154688 0.193750
1 0.237500 0.056250 0.190625 0.112500
1 0.918750 0.044792 0.162500 0.089583
1 0.971094 0.157292 0.054688 0.168750
1 0.103125 0.752083 0.159375 0.220833
1 0.048438 0.772917 0.096875 0.233333
1 0.710938 0.110417 0.153125 0.212500
1 0.922656 0.328125 0.145313 0.214583
1 0.042969 0.065625 0.085938 0.131250
1 0.712500 0.457292 0.140625 0.206250
1 0.754687 0.920833 0.196875 0.158333
1 0.200000 0.427083 0.156250 0.191667
1 0.203906 0.168750 0.195312 0.183333
1 0.580469 0.309375 0.192188 0.239583
0 0.420312 0.719792 0.393750 0.460417
1 0.078906 0.216667 0.157813 0.204167
1 0.158594 0.893750 0.164062 0.195833
1 0.882031 0.201042 0.154688 0.193750
1 0.237500 0.056250 0.190625 0.112500
1 0.918750 0.044792 0.162500 0.089583
1 0.971094 0.157292 0.054688 0.168750
1 0.103125 0.752083 0.159375 0.220833
1 0.048438 0.772917 0.096875 0.233333
1 0.710938 0.110417 0.153125 0.212500
1 0.922656 0.328125 0.145313 0.214583
1 0.042969 0.065625 0.085938 0.131250
1 0.712500 0.457292 0.140625 0.206250
1 0.754687 0.920833 0.196875 0.158333
1 0.200000 0.427083 0.156250 0.191667
1 0.203906 0.168750 0.195312 0.183333
1 0.580469 0.309375 0.192188 0.239583
0 0.420312 0.719792 0.393750 0.460417
1 0.078906 0.216667 0.157813 0.204167
1 0.158594 0.893750 0.164062 0.195833
1 0.882031 0.201042 0.154688 0.193750
