1 0.796875 0.845833 0.150000 0.216667
1 0.484375 0.925000 0.212500 0.150000
1 0.266406 0.109375 0.207813 0.218750
1 0.092188 0.107292 0.159375 0.214583
1 0.706250 0.886458 0.203125 0.210417
1 0.931250 0.441667 0.137500 0.241667
1 0.142969 0.359375 0.185938 0.231250
0 0.497656 0.700000 0.232813 0.241667
1 0.334375 0.479167 0.178125 0.266667
0 0.740625 0.362500 0.225000 0.275000
1 0.796875 0.845833 0.150000 0.216667
1 0.484375 0.925000 0.212500 0.150000
1 0.266406 0.109375 0.207813 0.218750
1 0.092188 0.107292 0.159375 0.214583
1 0.706250 0.886458 0.203125 0.210417
1 0.931250 0.441667 0.137500 0.241667
1 0.142969 0.359375 0.185938 0.231250
0 0.497656 0.700000 0.232813 0.241667
1 0.334375 0.479167 0.178125 0.266667
0 0.740625 0.362500 0.225000 0.275000
1 0.796875 0.845833 0.150000 0.216667
1 0.484375 0.925000 0.212500 0.150000
1 0.266406 0.109375 0.207813 0.218750
1 0.092188 0.107292 0.159375 0.214583
1 0.706250 0.886458 0.203125 0.210417
1 0.931250 0.441667 0.137500 0.241667
1 0.142969 0.359375 0.185938 0.231250
0 0.497656 0.700000 0.232813 0.241667
1 0.334375 0.479167 0.178125 0.266667
0 0.740625 0.362500 0.225000 0.275000
1 0.796875 0.845833 0.150000 0.216667
1 0.484375 0.925000 0.212500 0.150000
1 0.266406 0.109375 0.207813 0.218750
1 0.092188 0.107292 0.159375 0.214583
1 0.706250 0.886458 0.203125 0.210417
1 0.931250 0.441667 0.137500 0.241667
1 0.142969 0.359375 0.185938 0.231250
0 0.497656 0.700000 0.232813 0.241667
1 0.334375 0.479167 0.178125 0.266667
0 0.740625 0.362500 0.225000 0.275000
1 0.796875 0.845833 0.150000 0.216667
1 0.484375 0.925000 0.212500 0.150000
1 0.266406 0.109375 0.207813 0.218750
1 0.092188 0.107292 0.159375 0.214583
1 0.706250 0.886458 0.203125 0.210417
1 0.931250 0.441667 0.137500 0.241667
1 0.142969 0.359375 0.185938 0.231250
0 0.497656 0.700000 0.232813 0.241667
1 0.334375 0.479167 0.178125 0.266667
0 0.740625 0.362500 0.225000 0.275000
1 0.796875 0.845833 0.150000 0.216667
1 0.484375 0.925000 0.212500 0.150000
1 0.266406 0.109375 0.207813 0.218750
1 0.092188 0.107292 0.159375 0.214583
1 0.706250 0.886458 0.203125 0.210417
1 0.931250 0.441667 0.137500 0.241667
1 0.142969 0.359375 0.185938 0.231250
0 0.497656 0.700000 0.232813 0.241667
1 0.334375 0.479167 0.178125 0.266667
0 0.740625 0.362500 0.225000 0.275000
1 0.796875 0.845833 0.150000 0.216667
1 0.484375 0.925000 0.212500 0.150000
1 0.266406 0.109375 0.207813 0.218750
1 0.092188 0.107292 0.159375 0.214583
1 0.706250 0.886458 0.203125 0.210417
1 0.931250 0.441667 0.137500 0.241667
1 0.142969 0.359375 0.185938 0.231250
0 0.497656 0.700000 0.232813 0.241667
1 0.334375 0.479167 0.178125 0.266667
0 0.740625 0.362500 0.225000 0.275000
1 0.796875 0.845833 0.150000 0.216667
1 0.484375 0.925000 0.212500 0.150000
1 0.266406 0.109375 0.207813 0.218750
1 0.092188 0.107292 0.159375 0.214583
1 0.706250 0.886458 0.203125 0.210417
1 0.931250 0.441667 0.137500 0.241667
1 0.142969 0.359375 0.185938 0.231250
0 0.497656 0.700000 0.232813 0.241667
1 0.334375 0.479167 0.178125 0.266667
0 0.740625 0.362500 0.225000 0.275000
1 0.796875 0.845833 0.150000 0.216667
1 0.484375 0.925000 0.212500 0.150000
1 0.266406 0.109375 0.207813 0.218750
1 0.092188 0.107292 0.159375 0.214583
1 0.706250 0.886458 0.203125 0.210417
1 0.931250 0.441667 0.137500 0.241667
1 0.142969 0.359375 0.185938 0.231250
0 0.497656 0.700000 0.232813 0.241667
1 0.334375 0.479167 0.178125 0.266667
0 0.740625 0.362500 0.225000 0.275000
1 0.796875 0.845833 0.150000 0.216667
1 0.484375 0.925000 0.212500 0.150000
1 0.266406 0.109375 0.207813 0.218750
1 0.092188 0.107292 0.159375 0.214583
1 0.706250 0.886458 0.203125 0.210417
1 0.931250 0.441667 0.137500 0.241667
1 0.142969 0.359375 0.185938 0.231250
0 0.497656 0.700000 0.232813 0.241667
1 0.334375 0.479167 0.178125 0.266667
0 0.740625 0.362500 0.225000 0.275000
