1 0.976562 0.575000 0.046875 0.241667
1 0.325000 0.898958 0.190625 0.193750
1 0.202344 0.273958 0.185938 0.252083
1 0.775781 0.061458 0.157813 0.122917
1 0.110156 0.922917 0.192188 0.154167
1 0.102344 0.422917 0.192188 0.283333
1 0.055469 0.129167 0.110937 0.258333
1 0.313281 0.431250 0.176563 0.229167
1 0.611719 0.566667 0.164062 0.204167
1 0.474219 0.450000 0.167187 0.233333
1 0.922656 0.081250 0.154688 0.162500
1 0.471875 0.630208 0.159375 0.202083
0 0.383594 0.128125 0.245312 0.222917
1 0.782031 0.873958 0.182812 0.252083
1 0.976562 0.575000 0.046875 0.241667
1 0.325000 0.898958 0.190625 0.193750
1 0.202344 0.273958 0.185938 0.252083
1 0.775781 0.061458 0.157813 0.122917
1 0.110156 0.922917 0.192188 0.154167
1 0.102344 0.422917 0.192188 0.283333
1 0.055469 0.129167 0.110937 0.258333
1 0.313281 0.431250 0.176563 0.229167
1 0.611719 0.566667 0.164062 0.204167
1 0.474219 0.450000 0.167187 0.233333
1 0.922656 0.081250 0.154688 0.162500
1 0.471875 0.630208 0.159375 0.202083
0 0.383594 0.128125 0.245312 0.222917
1 0.782031 0.873958 0.182812 0.252083
1 0.976562 0.575000 0.046875 0.241667
1 0.325000 0.898958 0.190625 0.193750
1 0.202344 0.273958 0.185938 0.252083
1 0.775781 0.061458 0.157813 0.122917
1 0.110156 0.922917 0.192188 0.154167
1 0.102344 0.422917 0.192188 0.283333
1 0.055469 0.129167 0.110937 0.258333
1 0.313281 0.431250 0.176563 0.229167
1 0.611719 0.566667 0.164062 0.204167
1 0.474219 0.450000 0.167187 0.233333
1 0.922656 0.081250 0.154688 0.162500
1 0.471875 0.630208 0.159375 0.202083
0 0.383594 0.128125 0.245312 0.222917
1 0.782031 0.873958 0.182812 0.252083
1 0.976562 0.575000 0.046875 0.241667
1 0.325000 0.898958 0.190625 0.193750
1 0.202344 0.273958 0.185938 0.252083
1 0.775781 0.061458 0.157813 0.122917
1 0.110156 0.922917 0.192188 0.154167
1 0.102344 0.422917 0.192188 0.283333
1 0.055469 0.129167 0.110937 0.258333
1 0.313281 0.431250 0.176563 0.229167
1 0.611719 0.566667 0.164062 0.204167
1 0.474219 0.450000 0.167187 0.233333
1 0.922656 0.081250 0.154688 0.162500
1 0.471875 0.630208 0.159375 0.202083
0 0.383594 0.128125 0.245312 0.222917
1 0.782031 0.873958 0.182812 0.252083
1 0.976562 0.575000 0.046875 0.241667
1 0.325000 0.898958 0.190625 0.193750
1 0.202344 0.273958 0.185938 0.252083
1 0.775781 0.061458 0.157813 0.122917
1 0.110156 0.922917 0.192188 0.154167
1 0.102344 0.422917 0.192188 0.283333
1 0.055469 0.129167 0.110937 0.258333
1 0.313281 0.431250 0.176563 0.229167
1 0.611719 0.566667 0.164062 0.204167
1 0.474219 0.450000 0.167187 0.233333
1 0.922656 0.081250 0.154688 0.162500
1 0.471875 0.630208 0.159375 0.202083
0 0.383594 0.128125 0.245312 0.222917
1 0.782031 0.873958 0.182812 0.252083
1 0.976562 0.575000 0.046875 0.241667
1 0.325000 0.898958 0.190625 0.193750
1 0.202344 0.273958 0.185938 0.252083
1 0.775781 0.061458 0.157813 0.122917
1 0.110156 0.922917 0.192188 0.154167
1 0.102344 0.422917 0.192188 0.283333
1 0.055469 0.129167 0.110937 0.258333
1 0.313281 0.431250 0.176563 0.229167
1 0.611719 0.566667 0.164062 0.204167
1 0.474219 0.450000 0.167187 0.233333
1 0.922656 0.081250 0.154688 0.162500
1 0.471875 0.630208 0.159375 0.202083
0 0.383594 0.128125 0.245312 0.222917
1 0.782031 0.873958 0.182812 0.252083
1 0.976562 0.575000 0.046875 0.241667
1 0.325000 0.898958 0.190625 0.193750
1 0.202344 0.273958 0.185938 0.252083
1 0.775781 0.061458 0.157813 0.122917
1 0.110156 0.922917 0.192188 0.154167
1 0.102344 0.422917 0.192188 0.283333
1 0.055469 0.129167 0.110937 0.258333
1 0.313281 0.431250 0.176563 0.229167
1 0.611719 0.566667 0.164062 0.204167
1 0.474219 0.450000 0.167187 0.233333
1 0.922656 0.081250 0.154688 0.162500
1 0.471875 0.630208 0.159375 0.202083
0 0.383594 0.128125 0.245312 0.222917
1 0.782031 0.873958 0.182812 0.252083
1 0.976562 0.575000 0.046875 0.241667
1 0.325000 0.898958 0.190625 0.193750
1 0.202344 0.273958 0.185938 0.252083
1 0.775781 0.061458 0.157813 0.122917
1 0.110156 0.922917 0.192188 0.154167
1 0.102344 0.422917 0.192188 0.283333
1 0.055469 0.129167 0.110937 0.258333
1 0.313281 0.431250 0.176563 0.229167
1 0.611719 0.566667 0.164062 0.204167
1 0.474219 0.450000 0.167187 0.233333
1 0.922656 0.081250 0.154688 0.162500
1 0.471875 0.630208 0.159375 0.202083
0 0.383594 0.128125 0.245312 0.222917
1 0.782031 0.873958 0.182812 0.252083
1 0.976562 0.575000 0.046875 0.241667
1 0.325000 0.898958 0.190625 0.193750
1 0.202344 0.273958 0.185938 0.252083
1 0.775781 0.061458 0.157813 0.122917
1 0.110156 0.922917 0.192188 0.154167
1 0.102344 0.422917 0.192188 0.283333
1 0.055469 0.129167 0.110937 0.258333
1 0.313281 0.431250 0.176563 0.229167
1 0.611719 0.566667 0.164062 0.204167
1 0.474219 0.450000 0.167187 0.233333
1 0.922656 0.081250 0.154688 0.162500
1 0.471875 0.630208 0.159375 0.202083
0 0.383594 0.128125 0.245312 0.222917
1 0.782031 0.873958 0.182812 0.252083
1 0.976562 0.575000 0.046875 0.241667
1 0.325000 0.898958 0.190625 0.193750
1 0.202344 0.273958 0.185938 0.252083
1 0.775781 0.061458 0.157813 0.122917
1 0.110156 0.922917 0.192188 0.154167
1 0.102344 0.422917 0.192188 0.283333
1 0.055469 0.129167 0.110937 0.258333
1 0.313281 0.431250 0.176563 0.229167
1 0.611719 0.566667 0.164062 0.204167
1 0.474219 0.450000 0.167187 0.233333
1 0.922656 0.081250 0.154688 0.162500
1 0.471875 0.630208 0.159375 0.202083
0 0.383594 0.128125 0.245312 0.222917
1 0.782031 0.873958 0.182812 0.252083
1 0.976562 0.575000 0.046875 0.241667
1 0.325000 0.898958 0.190625 0.193750
1 0.202344 0.273958 0.185938 0.252083
1 0.775781 0.061458 0.157813 0.122917
1 0.110156 0.922917 0.192188 0.154167
1 0.102344 0.422917 0.192188 0.283333
1 0.055469 0.129167 0.110937 0.258333
1 0.313281 0.431250 0.176563 0.229167
1 0.611719 0.566667 0.164062 0.204167
1 0.474219 0.450000 0.167187 0.233333
1 0.922656 0.081250 0.154688 0.162500
1 0.471875 0.630208 0.159375 0.202083
0 0.383594 0.128125 0.245312 0.222917
1 0.782031 0.873958 0.182812 0.252083
1 0.976562 0.575000 0.046875 0.241667
1 0.325000 0.898958 0.190625 0.193750
1 0.202344 0.273958 0.185938 0.252083
1 0.775781 0.061458 0.157813 0.122917
1 0.110156 0.922917 0.192188 0.154167
1 0.102344 0.422917 0.192188 0.283333
1 0.055469 0.129167 0.110937 0.258333
1 0.313281 0.431250 0.176563 0.229167
1 0.611719 0.566667 0.164062 0.204167
1 0.474219 0.450000 0.167187 0.233333
1 0.922656 0.081250 0.154688 0.162500
1 0.471875 0.630208 0.159375 0.202083
0 0.383594 0.128125 0.245312 0.222917
1 0.782031 0.873958 0.182812 0.252083
1 0.976562 0.575000 0.046875 0.241667
1 0.325000 0.898958 0.190625 0.193750
1 0.202344 0.273958 0.185938 0.252083
1 0.775781 0.061458 0.157813 0.122917
1 0.110156 0.922917 0.192188 0.154167
1 0.102344 0.422917 0.192188 0.283333
1 0.055469 0.129167 0.110937 0.258333
1 0.313281 0.431250 0.176563 0.229167
1 0.611719 0.566667 0.164062 0.204167
1 0.474219 0.450000 0.167187 0.233333
1 0.922656 0.081250 0.154688 0.162500
1 0.471875 0.630208 0.159375 0.202083
0 0.383594 0.128125 0.245312 0.222917
1 0.782031 0.873958 0.182812 0.252083
1 0.976562 0.575000 0.046875 0.241667
1 0.325000 0.898958 0.190625 0.193750
1 0.202344 0.273958 0.185938 0.252083
1 0.775781 0.061458 0.157813 0.122917
1 0.110156 0.922917 0.192188 0.154167
1 0.102344 0.422917 0.192188 0.283333
1 0.055469 0.129167 0.110937 0.258333
1 0.313281 0.431250 0.176563 0.229167
1 0.611719 0.566667 0.164062 0.204167
1 0.474219 0.450000 0.167187 0.233333
1 0.922656 0.081250 0.154688 0.162500
1 0.471875 0.630208 0.159375 0.202083
0 0.383594 0.128125 0.245312 0.222917
1 0.782031 0.873958 0.182812 0.252083
