1 0.807813 0.946875 0.218750 0.106250
1 0.142969 0.919792 0.189063 0.160417
1 0.920313 0.894792 0.153125 0.210417
1 0.957812 0.579167 0.084375 0.258333
2 0.546094 0.964583 0.064062 0.070833
1 0.946875 0.121875 0.106250 0.172917
1 0.880469 0.733333 0.189063 0.233333
1 0.891406 0.283333 0.157813 0.208333
1 0.099219 0.193750 0.164062 0.254167
1 0.823438 0.095833 0.178125 0.191667
1 0.067969 0.639583 0.135937 0.237500
0 0.436719 0.136458 0.207813 0.256250
1 0.405469 0.559375 0.173438 0.222917
1 0.807813 0.946875 0.218750 0.106250
1 0.142969 0.919792 0.189063 0.160417
1 0.920313 0.894792 0.153125 0.210417
1 0.957812 0.579167 0.084375 0.258333
2 0.546094 0.964583 0.064062 0.070833
1 0.946875 0.121875 0.106250 0.172917
1 0.880469 0.733333 0.189063 0.233333
1 0.891406 0.283333 0.157813 0.208333
1 0.099219 0.193750 0.164062 0.254167
1 0.823438 0.095833 0.178125 0.191667
1 0.067969 0.639583 0.135937 0.237500
0 0.436719 0.136458 0.207813 0.256250
1 0.405469 0.559375 0.173438 0.222917
1 0.807813 0.946875 0.218750 0.106250
1 0.142969 0.919792 0.189063 0.160417
1 0.920313 0.894792 0.153125 0.210417
1 0.957812 0.579167 0.084375 0.258333
2 0.546094 0.964583 0.064062 0.070833
1 0.946875 0.121875 0.106250 0.172917
1 0.880469 0.733333 0.189063 0.233333
1 0.891406 0.283333 0.157813 0.208333
1 0.099219 0.193750 0.164062 0.254167
1 0.823438 0.095833 0.178125 0.191667
1 0.067969 0.639583 0.135937 0.237500
0 0.436719 0.136458 0.207813 0.256250
1 0.405469 0.559375 0.173438 0.222917
1 0.807813 0.946875 0.218750 0.106250
1 0.142969 0.919792 0.189063 0.160417
1 0.920313 0.894792 0.153125 0.210417
1 0.957812 0.579167 0.084375 0.258333
2 0.546094 0.964583 0.064062 0.070833
1 0.946875 0.121875 0.106250 0.172917
1 0.880469 0.733333 0.189063 0.233333
1 0.891406 0.283333 0.157813 0.208333
1 0.099219 0.193750 0.164062 0.254167
1 0.823438 0.095833 0.178125 0.191667
1 0.067969 0.639583 0.135937 0.237500
0 0.436719 0.136458 0.207813 0.256250
1 0.405469 0.559375 0.173438 0.222917
1 0.807813 0.946875 0.218750 0.106250
1 0.142969 0.919792 0.189063 0.160417
1 0.920313 0.894792 0.153125 0.210417
1 0.957812 0.579167 0.084375 0.258333
2 0.546094 0.964583 0.064062 0.070833
1 0.946875 0.121875 0.106250 0.172917
1 0.880469 0.733333 0.189063 0.233333
1 0.891406 0.283333 0.157813 0.208333
1 0.099219 0.193750 0.164062 0.254167
1 0.823438 0.095833 0.178125 0.191667
1 0.067969 0.639583 0.135937 0.237500
0 0.436719 0.136458 0.207813 0.256250
1 0.405469 0.559375 0.173438 0.222917
1 0.807813 0.946875 0.218750 0.106250
1 0.142969 0.919792 0.189063 0.160417
1 0.920313 0.894792 0.153125 0.210417
1 0.957812 0.579167 0.084375 0.258333
2 0.546094 0.964583 0.064062 0.070833
1 0.946875 0.121875 0.106250 0.172917
1 0.880469 0.733333 0.189063 0.233333
1 0.891406 0.283333 0.157813 0.208333
1 0.099219 0.193750 0.164062 0.254167
1 0.823438 0.095833 0.178125 0.191667
1 0.067969 0.639583 0.135937 0.237500
0 0.436719 0.136458 0.207813 0.256250
1 0.405469 0.559375 0.173438 0.222917
1 0.807813 0.946875 0.218750 0.106250
1 0.142969 0.919792 0.189063 0.160417
1 0.920313 0.894792 0.153125 0.210417
1 0.957812 0.579167 0.084375 0.258333
2 0.546094 0.964583 0.064062 0.070833
1 0.946875 0.121875 0.106250 0.172917
1 0.880469 0.733333 0.189063 0.233333
1 0.891406 0.283333 0.157813 0.208333
1 0.099219 0.193750 0.164062 0.254167
1 0.823438 0.095833 0.178125 0.191667
1 0.067969 0.639583 0.135937 0.237500
0 0.436719 0.136458 0.207813 0.256250
1 0.405469 0.559375 0.173438 0.222917
1 0.807813 0.946875 0.218750 0.106250
1 0.142969 0.919792 0.189063 0.160417
1 0.920313 0.894792 0.153125 0.210417
1 0.957812 0.579167 0.084375 0.258333
2 0.546094 0.964583 0.064062 0.070833
1 0.946875 0.121875 0.106250 0.172917
1 0.880469 0.733333 0.189063 0.233333
1 0.891406 0.283333 0.157813 0.208333
1 0.099219 0.193750 0.164062 0.254167
1 0.823438 0.095833 0.178125 0.191667
1 0.067969 0.639583 0.135937 0.237500
0 0.436719 0.136458 0.207813 0.256250
1 0.405469 0.559375 0.173438 0.222917
1 0.807813 0.946875 0.218750 0.106250
1 0.142969 0.919792 0.189063 0.160417
1 0.920313 0.894792 0.153125 0.210417
1 0.957812 0.579167 0.084375 0.258333
2 0.546094 0.964583 0.064062 0.070833
1 0.946875 0.121875 0.106250 0.172917
1 0.880469 0.733333 0.189063 0.233333
1 0.891406 0.283333 0.157813 0.208333
1 0.099219 0.193750 0.164062 0.254167
1 0.823438 0.095833 0.178125 0.191667
1 0.067969 0.639583 0.135937 0.237500
0 0.436719 0.136458 0.207813 0.256250
1 0.405469 0.559375 0.173438 0.222917
1 0.807813 0.946875 0.218750 0.106250
1 0.142969 0.919792 0.189063 0.160417
1 0.920313 0.894792 0.153125 0.210417
1 0.957812 0.579167 0.084375 0.258333
2 0.546094 0.964583 0.064062 0.070833
1 0.946875 0.121875 0.106250 0.172917
1 0.880469 0.733333 0.189063 0.233333
1 0.891406 0.283333 0.157813 0.208333
1 0.099219 0.193750 0.164062 0.254167
1 0.823438 0.095833 0.178125 0.191667
1 0.067969 0.639583 0.135937 0.237500
0 0.436719 0.136458 0.207813 0.256250
1 0.405469 0.559375 0.173438 0.222917
1 0.807813 0.946875 0.218750 0.106250
1 0.142969 0.919792 0.189063 0.160417
1 0.920313 0.894792 0.153125 0.210417
1 0.957812 0.579167 0.084375 0.258333
2 0.546094 0.964583 0.064062 0.070833
1 0.946875 0.121875 0.106250 0.172917
1 0.880469 0.733333 0.189063 0.233333
1 0.891406 0.283333 0.157813 0.208333
1 0.099219 0.193750 0.164062 0.254167
1 0.823438 0.095833 0.178125 0.191667
1 0.067969 0.639583 0.135937 0.237500
0 0.436719 0.136458 0.207813 0.256250
1 0.405469 0.559375 0.173438 0.222917
1 0.807813 0.946875 0.218750 0.106250
1 0.142969 0.919792 0.189063 0.160417
1 0.920313 0.894792 0.153125 0.210417
1 0.957812 0.579167 0.084375 0.258333
2 0.546094 0.964583 0.064062 0.070833
1 0.946875 0.121875 0.106250 0.172917
1 0.880469 0.733333 0.189063 0.233333
1 0.891406 0.283333 0.157813 0.208333
1 0.099219 0.193750 0.164062 0.254167
1 0.823438 0.095833 0.178125 0.191667
1 0.067969 0.639583 0.135937 0.237500
0 0.436719 0.136458 0.207813 0.256250
1 0.405469 0.559375 0.173438 0.222917
1 0.807813 0.946875 0.218750 0.106250
1 0.142969 0.919792 0.189063 0.160417
1 0.920313 0.894792 0.153125 0.210417
1 0.957812 0.579167 0.084375 0.258333
2 0.546094 0.964583 0.064062 0.070833
1 0.946875 0.121875 0.106250 0.172917
1 0.880469 0.733333 0.189063 0.233333
1 0.891406 0.283333 0.157813 0.208333
1 0.099219 0.193750 0.164062 0.254167
1 0.823438 0.095833 0.178125 0.191667
1 0.067969 0.639583 0.135937 0.237500
0 0.436719 0.136458 0.207813 0.256250
1 0.405469 0.559375 0.173438 0.222917
