1 0.017188 0.656250 0.034375 0.200000
1 0.027344 0.171875 0.054688 0.193750
2 0.750000 0.744792 0.081250 0.114583
1 0.195312 0.941667 0.178125 0.116667
1 0.203125 0.051042 0.184375 0.102083
1 0.321094 0.757292 0.167187 0.193750
1 0.100781 0.341667 0.198437 0.241667
1 0.071875 0.511458 0.143750 0.231250
1 0.807813 0.915625 0.165625 0.168750
1 0.373437 0.925000 0.171875 0.150000
1 0.941406 0.178125 0.117188 0.252083
1 0.644531 0.313542 0.189063 0.193750
1 0.877344 0.629167 0.189063 0.225000
1 0.122656 0.776042 0.179688 0.252083
0 0.467969 0.579167 0.317188 0.487500
1 0.839844 0.430208 0.192188 0.218750
1 0.429688 0.272917 0.165625 0.200000
1 0.810938 0.188542 0.150000 0.222917
1 0.664062 0.520833 0.140625 0.208333
1 0.579688 0.869792 0.193750 0.256250
1 0.644531 0.108333 0.185938 0.212500
1 0.017188 0.656250 0.034375 0.200000
1 0.027344 0.171875 0.054688 0.193750
2 0.750000 0.744792 0.081250 0.114583
1 0.195312 0.941667 0.178125 0.116667
1 0.203125 0.051042 0.184375 0.102083
1 0.321094 0.757292 0.167187 0.193750
1 0.100781 0.341667 0.198437 0.241667
1 0.071875 0.511458 0.143750 0.231250
1 0.807813 0.915625 0.165625 0.168750
1 0.373437 0.925000 0.171875 0.150000
1 0.941406 0.178125 0.117188 0.252083
1 0.644531 0.313542 0.189063 0.193750
1 0.877344 0.629167 0.189063 0.225000
1 0.122656 0.776042 0.179688 0.252083
0 0.467969 0.579167 0.317188 0.487500
1 0.839844 0.430208 0.192188 0.218750
1 0.429688 0.272917 0.165625 0.200000
1 0.810938 0.188542 0.150000 0.222917
1 0.664062 0.520833 0.140625 0.208333
1 0.579688 0.869792 0.193750 0.256250
1 0.644531 0.108333 0.185938 0.212500
1 0.017188 0.656250 0.034375 0.200000
1 0.027344 0.171875 0.054688 0.193750
2 0.750000 0.744792 0.081250 0.114583
1 0.195312 0.941667 0.178125 0.116667
1 0.203125 0.051042 0.184375 0.102083
1 0.321094 0.757292 0.167187 0.193750
1 0.100781 0.341667 0.198437 0.241667
1 0.071875 0.511458 0.143750 0.231250
1 0.807813 0.915625 0.165625 0.168750
1 0.373437 0.925000 0.171875 0.150000
1 0.941406 0.178125 0.117188 0.252083
1 0.644531 0.313542 0.189063 0.193750
1 0.877344 0.629167 0.189063 0.225000
1 0.122656 0.776042 0.179688 0.252083
0 0.467969 0.579167 0.317188 0.487500
1 0.839844 0.430208 0.192188 0.218750
1 0.429688 0.272917 0.165625 0.200000
1 0.810938 0.188542 0.150000 0.222917
1 0.664062 0.520833 0.140625 0.208333
1 0.579688 0.869792 0.193750 0.256250
1 0.644531 0.108333 0.185938 0.212500
1 0.017188 0.656250 0.034375 0.200000
1 0.027344 0.171875 0.054688 0.193750
2 0.750000 0.744792 0.081250 0.114583
1 0.195312 0.941667 0.178125 0.116667
1 0.203125 0.051042 0.184375 0.102083
1 0.321094 0.757292 0.167187 0.193750
1 0.100781 0.341667 0.198437 0.241667
1 0.071875 0.511458 0.143750 0.231250
1 0.807813 0.915625 0.165625 0.168750
1 0.373437 0.925000 0.171875 0.150000
1 0.941406 0.178125 0.117188 0.252083
1 0.644531 0.313542 0.189063 0.193750
1 0.877344 0.629167 0.189063 0.225000
1 0.122656 0.776042 0.179688 0.252083
0 0.467969 0.579167 0.317188 0.487500
1 0.839844 0.430208 0.192188 0.218750
1 0.429688 0.272917 0.165625 0.200000
1 0.810938 0.188542 0.150000 0.222917
1 0.664062 0.520833 0.140625 0.208333
1 0.579688 0.869792 0.193750 0.256250
1 0.644531 0.108333 0.185938 0.212500
1 0.017188 0.656250 0.034375 0.200000
1 0.027344 0.171875 0.054688 0.193750
2 0.750000 0.744792 0.081250 0.114583
1 0.195312 0.941667 0.178125 0.116667
1 0.203125 0.051042 0.184375 0.102083
1 0.321094 0.757292 0.167187 0.193750
1 0.100781 0.341667 0.198437 0.241667
1 0.071875 0.511458 0.143750 0.231250
1 0.807813 0.915625 0.165625 0.168750
1 0.373437 0.925000 0.171875 0.150000
1 0.941406 0.178125 0.117188 0.252083
1 0.644531 0.313542 0.189063 0.193750
1 0.877344 0.629167 0.189063 0.225000
1 0.122656 0.776042 0.179688 0.252083
0 0.467969 0.579167 0.317188 0.487500
1 0.839844 0.430208 0.192188 0.218750
1 0.429688 0.272917 0.165625 0.200000
1 0.810938 0.188542 0.150000 0.222917
1 0.664062 0.520833 0.140625 0.208333
1 0.579688 0.869792 0.193750 0.256250
1 0.644531 0.108333 0.185938 0.212500
1 0.017188 0.656250 0.034375 0.200000
1 0.027344 0.171875 0.054688 0.193750
2 0.750000 0.744792 0.081250 0.114583
1 0.195312 0.941667 0.178125 0.116667
1 0.203125 0.051042 0.184375 0.102083
1 0.321094 0.757292 0.167187 0.193750
1 0.100781 0.341667 0.198437 0.241667
1 0.071875 0.511458 0.143750 0.231250
1 0.807813 0.915625 0.165625 0.168750
1 0.373437 0.925000 0.171875 0.150000
1 0.941406 0.178125 0.117188 0.252083
1 0.644531 0.313542 0.189063 0.193750
1 0.877344 0.629167 0.189063 0.225000
1 0.122656 0.776042 0.179688 0.252083
0 0.467969 0.579167 0.317188 0.487500
1 0.839844 0.430208 0.192188 0.218750
1 0.429688 0.272917 0.165625 0.200000
1 0.810938 0.188542 0.150000 0.222917
1 0.664062 0.520833 0.140625 0.208333
1 0.579688 0.869792 0.193750 0.256250
1 0.644531 0.108333 0.185938 0.212500
1 0.017188 0.656250 0.034375 0.200000
1 0.027344 0.171875 0.054688 0.193750
2 0.750000 0.744792 0.081250 0.114583
1 0.195312 0.941667 0.178125 0.116667
1 0.203125 0.051042 0.184375 0.102083
1 0.321094 0.757292 0.167187 0.193750
1 0.100781 0.341667 0.198437 0.241667
1 0.071875 0.511458 0.143750 0.231250
1 0.807813 0.915625 0.165625 0.168750
1 0.373437 0.925000 0.171875 0.150000
1 0.941406 0.178125 0.117188 0.252083
1 0.644531 0.313542 0.189063 0.193750
1 0.877344 0.629167 0.189063 0.225000
1 0.122656 0.776042 0.179688 0.252083
0 0.467969 0.579167 0.317188 0.487500
1 0.839844 0.430208 0.192188 0.218750
1 0.429688 0.272917 0.165625 0.200000
1 0.810938 0.188542 0.150000 0.222917
1 0.664062 0.520833 0.140625 0.208333
1 0.579688 0.869792 0.193750 0.256250
1 0.644531 0.108333 0.185938 0.212500
1 0.017188 0.656250 0.034375 0.200000
1 0.027344 0.171875 0.054688 0.193750
2 0.750000 0.744792 0.081250 0.114583
1 0.195312 0.941667 0.178125 0.116667
1 0.203125 0.051042 0.184375 0.102083
1 0.321094 0.757292 0.167187 0.193750
1 0.100781 0.341667 0.198437 0.241667
1 0.071875 0.511458 0.143750 0.231250
1 0.807813 0.915625 0.165625 0.168750
1 0.373437 0.925000 0.171875 0.150000
1 0.941406 0.178125 0.117188 0.252083
1 0.644531 0.313542 0.189063 0.193750
1 0.877344 0.629167 0.189063 0.225000
1 0.122656 0.776042 0.179688 0.252083
0 0.467969 0.579167 0.317188 0.487500
1 0.839844 0.430208 0.192188 0.218750
1 0.429688 0.272917 0.165625 0.200000
1 0.810938 0.188542 0.150000 0.222917
1 0.664062 0.520833 0.140625 0.208333
1 0.579688 0.869792 0.193750 0.256250
1 0.644531 0.108333 0.185938 0.212500
1 0.017188 0.656250 0.034375 0.200000
1 0.027344 0.171875 0.054688 0.193750
2 0.750000 0.744792 0.081250 0.114583
1 0.195312 0.941667 0.178125 0.116667
1 0.203125 0.051042 0.184375 0.102083
1 0.321094 0.757292 0.167187 0.193750
1 0.100781 0.341667 0.198437 0.241667
1 0.071875 0.511458 0.143750 0.231250
1 0.807813 0.915625 0.165625 0.168750
1 0.373437 0.925000 0.171875 0.150000
1 0.941406 0.178125 0.117188 0.252083
1 0.644531 0.313542 0.189063 0.193750
1 0.877344 0.629167 0.189063 0.225000
1 0.122656 0.776042 0.179688 0.252083
0 0.467969 0.579167 0.317188 0.487500
1 0.839844 0.430208 0.192188 0.218750
1 0.429688 0.272917 0.165625 0.200000
1 0.810938 0.188542 0.150000 0.222917
1 0.664062 0.520833 0.140625 0.208333
1 0.579688 0.869792 0.193750 0.256250
1 0.644531 0.108333 0.185938 0.212500
1 0.017188 0.656250 0.034375 0.200000
1 0.027344 0.171875 0.054688 0.193750
2 0.750000 0.744792 0.081250 0.114583
1 0.195312 0.941667 0.178125 0.116667
1 0.203125 0.051042 0.184375 0.102083
1 0.321094 0.757292 0.167187 0.193750
1 0.100781 0.341667 0.198437 0.241667
1 0.071875 0.511458 0.143750 0.231250
1 0.807813 0.915625 0.165625 0.168750
1 0.373437 0.925000 0.171875 0.150000
1 0.941406 0.178125 0.117188 0.252083
1 0.644531 0.313542 0.189063 0.193750
1 0.877344 0.629167 0.189063 0.225000
1 0.122656 0.776042 0.179688 0.252083
0 0.467969 0.579167 0.317188 0.487500
1 0.839844 0.430208 0.192188 0.218750
1 0.429688 0.272917 0.165625 0.200000
1 0.810938 0.188542 0.150000 0.222917
1 0.664062 0.520833 0.140625 0.208333
1 0.579688 0.869792 0.193750 0.256250
1 0.644531 0.108333 0.185938 0.212500
1 0.017188 0.656250 0.034375 0.200000
1 0.027344 0.171875 0.054688 0.193750
2 0.750000 0.744792 0.081250 0.114583
1 0.195312 0.941667 0.178125 0.116667
1 0.203125 0.051042 0.184375 0.102083
1 0.321094 0.757292 0.167187 0.193750
1 0.100781 0.341667 0.198437 0.241667
1 0.071875 0.511458 0.143750 0.231250
1 0.807813 0.915625 0.165625 0.168750
1 0.373437 0.925000 0.171875 0.150000
1 0.941406 0.178125 0.117188 0.252083
1 0.644531 0.313542 0.189063 0.193750
1 0.877344 0.629167 0.189063 0.225000
1 0.122656 0.776042 0.179688 0.252083
0 0.467969 0.579167 0.317188 0.487500
1 0.839844 0.430208 0.192188 0.218750
1 0.429688 0.272917 0.165625 0.200000
1 0.810938 0.188542 0.150000 0.222917
1 0.664062 0.520833 0.140625 0.208333
1 0.579688 0.869792 0.193750 0.256250
1 0.644531 0.108333 0.185938 0.212500
1 0.017188 0.656250 0.034375 0.200000
1 0.027344 0.171875 0.054688 0.193750
2 0.750000 0.744792 0.081250 0.114583
1 0.195312 0.941667 0.178125 0.116667
1 0.203125 0.051042 0.184375 0.102083
1 0.321094 0.757292 0.167187 0.193750
1 0.100781 0.341667 0.198437 0.241667
1 0.071875 0.511458 0.143750 0.231250
1 0.807813 0.915625 0.165625 0.168750
1 0.373437 0.925000 0.171875 0.150000
1 0.941406 0.178125 0.117188 0.252083
1 0.644531 0.313542 0.189063 0.193750
1 0.877344 0.629167 0.189063 0.225000
1 0.122656 0.776042 0.179688 0.252083
0 0.467969 0.579167 0.317188 0.487500
1 0.839844 0.430208 0.192188 0.218750
1 0.429688 0.272917 0.165625 0.200000
1 0.810938 0.188542 0.150000 0.222917
1 0.664062 0.520833 0.140625 0.208333
1 0.579688 0.869792 0.193750 0.256250
1 0.644531 0.108333 0.185938 0.212500
1 0.017188 0.656250 0.034375 0.200000
1 0.027344 0.171875 0.054688 0.193750
2 0.750000 0.744792 0.081250 0.114583
1 0.195312 0.941667 0.178125 0.116667
1 0.203125 0.051042 0.184375 0.102083
1 0.321094 0.757292 0.167187 0.193750
1 0.100781 0.341667 0.198437 0.241667
1 0.071875 0.511458 0.143750 0.231250
1 0.807813 0.915625 0.165625 0.168750
1 0.373437 0.925000 0.171875 0.150000
1 0.941406 0.178125 0.117188 0.252083
1 0.644531 0.313542 0.189063 0.193750
1 0.877344 0.629167 0.189063 0.225000
1 0.122656 0.776042 0.179688 0.252083
0 0.467969 0.579167 0.317188 0.487500
1 0.839844 0.430208 0.192188 0.218750
1 0.429688 0.272917 0.165625 0.200000
1 0.810938 0.188542 0.150000 0.222917
1 0.664062 0.520833 0.140625 0.208333
1 0.579688 0.869792 0.193750 0.256250
1 0.644531 0.108333 0.185938 0.212500
1 0.017188 0.656250 0.034375 0.200000
1 0.027344 0.171875 0.054688 0.193750
2 0.750000 0.744792 0.081250 0.114583
1 0.195312 0.941667 0.178125 0.116667
1 0.203125 0.051042 0.184375 0.102083
1 0.321094 0.757292 0.167187 0.193750
1 0.100781 0.341667 0.198437 0.241667
1 0.071875 0.511458 0.143750 0.231250
1 0.807813 0.915625 0.165625 0.168750
1 0.373437 0.925000 0.171875 0.150000
1 0.941406 0.178125 0.117188 0.252083
1 0.644531 0.313542 0.189063 0.193750
1 0.877344 0.629167 0.189063 0.225000
1 0.122656 0.776042 0.179688 0.252083
0 0.467969 0.579167 0.317188 0.487500
1 0.839844 0.430208 0.192188 0.218750
1 0.429688 0.272917 0.165625 0.200000
1 0.810938 0.188542 0.150000 0.222917
1 0.664062 0.520833 0.140625 0.208333
1 0.579688 0.869792 0.193750 0.256250
1 0.644531 0.108333 0.185938 0.212500
1 0.017188 0.656250 0.034375 0.200000
1 0.027344 0.171875 0.054688 0.193750
2 0.750000 0.744792 0.081250 0.114583
1 0.195312 0.941667 0.178125 0.116667
1 0.203125 0.051042 0.184375 0.102083
1 0.321094 0.757292 0.167187 0.193750
1 0.100781 0.341667 0.198437 0.241667
1 0.071875 0.511458 0.143750 0.231250
1 0.807813 0.915625 0.165625 0.168750
1 0.373437 0.925000 0.171875 0.150000
1 0.941406 0.178125 0.117188 0.252083
1 0.644531 0.313542 0.189063 0.193750
1 0.877344 0.629167 0.189063 0.225000
1 0.122656 0.776042 0.179688 0.252083
0 0.467969 0.579167 0.317188 0.487500
1 0.839844 0.430208 0.192188 0.218750
1 0.429688 0.272917 0.165625 0.200000
1 0.810938 0.188542 0.150000 0.222917
1 0.664062 0.520833 0.140625 0.208333
1 0.579688 0.869792 0.193750 0.256250
1 0.644531 0.108333 0.185938 0.212500
1 0.017188 0.656250 0.034375 0.200000
1 0.027344 0.171875 0.054688 0.193750
2 0.750000 0.744792 0.081250 0.114583
1 0.195312 0.941667 0.178125 0.116667
1 0.203125 0.051042 0.184375 0.102083
1 0.321094 0.757292 0.167187 0.193750
1 0.100781 0.341667 0.198437 0.241667
1 0.071875 0.511458 0.143750 0.231250
1 0.807813 0.915625 0.165625 0.168750
1 0.373437 0.925000 0.171875 0.150000
1 0.941406 0.178125 0.117188 0.252083
1 0.644531 0.313542 0.189063 0.193750
1 0.877344 0.629167 0.189063 0.225000
1 0.122656 0.776042 0.179688 0.252083
0 0.467969 0.579167 0.317188 0.487500
1 0.839844 0.430208 0.192188 0.218750
1 0.429688 0.272917 0.165625 0.200000
1 0.810938 0.188542 0.150000 0.222917
1 0.664062 0.520833 0.140625 0.208333
1 0.579688 0.869792 0.193750 0.256250
1 0.644531 0.108333 0.185938 0.212500
1 0.017188 0.656250 0.034375 0.200000
1 0.027344 0.171875 0.054688 0.193750
2 0.750000 0.744792 0.081250 0.114583
1 0.195312 0.941667 0.178125 0.116667
1 0.203125 0.051042 0.184375 0.102083
1 0.321094 0.757292 0.167187 0.193750
1 0.100781 0.341667 0.198437 0.241667
1 0.071875 0.511458 0.143750 0.231250
1 0.807813 0.915625 0.165625 0.168750
1 0.373437 0.925000 0.171875 0.150000
1 0.941406 0.178125 0.117188 0.252083
1 0.644531 0.313542 0.189063 0.193750
1 0.877344 0.629167 0.189063 0.225000
1 0.122656 0.776042 0.179688 0.252083
0 0.467969 0.579167 0.317188 0.487500
1 0.839844 0.430208 0.192188 0.218750
1 0.429688 0.272917 0.165625 0.200000
1 0.810938 0.188542 0.150000 0.222917
1 0.664062 0.520833 0.140625 0.208333
1 0.579688 0.869792 0.193750 0.256250
1 0.644531 0.108333 0.185938 0.212500
1 0.017188 0.656250 0.034375 0.200000
1 0.027344 0.171875 0.054688 0.193750
2 0.750000 0.744792 0.081250 0.114583
1 0.195312 0.941667 0.178125 0.116667
1 0.203125 0.051042 0.184375 0.102083
1 0.321094 0.757292 0.167187 0.193750
1 0.100781 0.341667 0.198437 0.241667
1 0.071875 0.511458 0.143750 0.231250
1 0.807813 0.915625 0.165625 0.168750
1 0.373437 0.925000 0.171875 0.150000
1 0.941406 0.178125 0.117188 0.252083
1 0.644531 0.313542 0.189063 0.193750
1 0.877344 0.629167 0.189063 0.225000
1 0.122656 0.776042 0.179688 0.252083
0 0.467969 0.579167 0.317188 0.487500
1 0.839844 0.430208 0.192188 0.218750
1 0.429688 0.272917 0.165625 0.200000
1 0.810938 0.188542 0.150000 0.222917
1 0.664062 0.520833 0.140625 0.208333
1 0.579688 0.869792 0.193750 0.256250
1 0.644531 0.108333 0.185938 0.212500
1 0.017188 0.656250 0.034375 0.200000
1 0.027344 0.171875 0.054688 0.193750
2 0.750000 0.744792 0.081250 0.114583
1 0.195312 0.941667 0.178125 0.116667
1 0.203125 0.051042 0.184375 0.102083
1 0.321094 0.757292 0.167187 0.193750
1 0.100781 0.341667 0.198437 0.241667
1 0.071875 0.511458 0.143750 0.231250
1 0.807813 0.915625 0.165625 0.168750
1 0.373437 0.925000 0.171875 0.150000
1 0.941406 0.178125 0.117188 0.252083
1 0.644531 0.313542 0.189063 0.193750
1 0.877344 0.629167 0.189063 0.225000
1 0.122656 0.776042 0.179688 0.252083
0 0.467969 0.579167 0.317188 0.487500
1 0.839844 0.430208 0.192188 0.218750
1 0.429688 0.272917 0.165625 0.200000
1 0.810938 0.188542 0.150000 0.222917
1 0.664062 0.520833 0.140625 0.208333
1 0.579688 0.869792 0.193750 0.256250
1 0.644531 0.108333 0.185938 0.212500
1 0.017188 0.656250 0.034375 0.200000
1 0.027344 0.171875 0.054688 0.193750
2 0.750000 0.744792 0.081250 0.114583
1 0.195312 0.941667 0.178125 0.116667
1 0.203125 0.051042 0.184375 0.102083
1 0.321094 0.757292 0.167187 0.193750
1 0.100781 0.341667 0.198437 0.241667
1 0.071875 0.511458 0.143750 0.231250
1 0.807813 0.915625 0.165625 0.168750
1 0.373437 0.925000 0.171875 0.150000
1 0.941406 0.178125 0.117188 0.252083
1 0.644531 0.313542 0.189063 0.193750
1 0.877344 0.629167 0.189063 0.225000
1 0.122656 0.776042 0.179688 0.252083
0 0.467969 0.579167 0.317188 0.487500
1 0.839844 0.430208 0.192188 0.218750
1 0.429688 0.272917 0.165625 0.200000
1 0.810938 0.188542 0.150000 0.222917
1 0.664062 0.520833 0.140625 0.208333
1 0.579688 0.869792 0.193750 0.256250
1 0.644531 0.108333 0.185938 0.212500
1 0.017188 0.656250 0.034375 0.200000
1 0.027344 0.171875 0.054688 0.193750
2 0.750000 0.744792 0.081250 0.114583
1 0.195312 0.941667 0.178125 0.116667
1 0.203125 0.051042 0.184375 0.102083
1 0.321094 0.757292 0.167187 0.193750
1 0.100781 0.341667 0.198437 0.241667
1 0.071875 0.511458 0.143750 0.231250
1 0.807813 0.915625 0.165625 0.168750
1 0.373437 0.925000 0.171875 0.150000
1 0.941406 0.178125 0.117188 0.252083
1 0.644531 0.313542 0.189063 0.193750
1 0.877344 0.629167 0.189063 0.225000
1 0.122656 0.776042 0.179688 0.252083
0 0.467969 0.579167 0.317188 0.487500
1 0.839844 0.430208 0.192188 0.218750
1 0.429688 0.272917 0.165625 0.200000
1 0.810938 0.188542 0.150000 0.222917
1 0.664062 0.520833 0.140625 0.208333
1 0.579688 0.869792 0.193750 0.256250
1 0.644531 0.108333 0.185938 0.212500
