1 0.985938 0.373958 0.028125 0.202083
1 0.509375 0.892708 0.212500 0.202083
1 0.154688 0.387500 0.212500 0.283333
1 0.985156 0.651042 0.029687 0.197917
2 0.359375 0.912500 0.056250 0.066667
1 0.041406 0.902083 0.082813 0.195833
1 0.490625 0.342708 0.131250 0.210417
1 0.028125 0.634375 0.056250 0.206250
2 0.655469 0.057292 0.079687 0.114583
1 0.913281 0.750000 0.145313 0.187500
0 0.956250 0.119792 0.087500 0.239583
1 0.733594 0.572917 0.167187 0.216667
1 0.205469 0.113542 0.182812 0.218750
1 0.787500 0.844792 0.165625 0.210417
1 0.759375 0.126042 0.187500 0.231250
1 0.063281 0.148958 0.126563 0.214583
1 0.485938 0.145833 0.203125 0.216667
1 0.580469 0.364583 0.179688 0.220833
1 0.776563 0.452083 0.162500 0.191667
1 0.842969 0.319792 0.179688 0.239583
0 0.542188 0.620833 0.243750 0.308333
1 0.985938 0.373958 0.028125 0.202083
1 0.509375 0.892708 0.212500 0.202083
1 0.154688 0.387500 0.212500 0.283333
1 0.985156 0.651042 0.029687 0.197917
2 0.359375 0.912500 0.056250 0.066667
1 0.041406 0.902083 0.082813 0.195833
1 0.490625 0.342708 0.131250 0.210417
1 0.028125 0.634375 0.056250 0.206250
2 0.655469 0.057292 0.079687 0.114583
1 0.913281 0.750000 0.145313 0.187500
0 0.956250 0.119792 0.087500 0.239583
1 0.733594 0.572917 0.167187 0.216667
1 0.205469 0.113542 0.182812 0.218750
1 0.787500 0.844792 0.165625 0.210417
1 0.759375 0.126042 0.187500 0.231250
1 0.063281 0.148958 0.126563 0.214583
1 0.485938 0.145833 0.203125 0.216667
1 0.580469 0.364583 0.179688 0.220833
1 0.776563 0.452083 0.162500 0.191667
1 0.842969 0.319792 0.179688 0.239583
0 0.542188 0.620833 0.243750 0.308333
1 0.985938 0.373958 0.028125 0.202083
1 0.509375 0.892708 0.212500 0.202083
1 0.154688 0.387500 0.212500 0.283333
1 0.985156 0.651042 0.029687 0.197917
2 0.359375 0.912500 0.056250 0.066667
1 0.041406 0.902083 0.082813 0.195833
1 0.490625 0.342708 0.131250 0.210417
1 0.028125 0.634375 0.056250 0.206250
2 0.655469 0.057292 0.079687 0.114583
1 0.913281 0.750000 0.145313 0.187500
0 0.956250 0.119792 0.087500 0.239583
1 0.733594 0.572917 0.167187 0.216667
1 0.205469 0.113542 0.182812 0.218750
1 0.787500 0.844792 0.165625 0.210417
1 0.759375 0.126042 0.187500 0.231250
1 0.063281 0.148958 0.126563 0.214583
1 0.485938 0.145833 0.203125 0.216667
1 0.580469 0.364583 0.179688 0.220833
1 0.776563 0.452083 0.162500 0.191667
1 0.842969 0.319792 0.179688 0.239583
0 0.542188 0.620833 0.243750 0.308333
1 0.985938 0.373958 0.028125 0.202083
1 0.509375 0.892708 0.212500 0.202083
1 0.154688 0.387500 0.212500 0.283333
1 0.985156 0.651042 0.029687 0.197917
2 0.359375 0.912500 0.056250 0.066667
1 0.041406 0.902083 0.082813 0.195833
1 0.490625 0.342708 0.131250 0.210417
1 0.028125 0.634375 0.056250 0.206250
2 0.655469 0.057292 0.079687 0.114583
1 0.913281 0.750000 0.145313 0.187500
0 0.956250 0.119792 0.087500 0.239583
1 0.733594 0.572917 0.167187 0.216667
1 0.205469 0.113542 0.182812 0.218750
1 0.787500 0.844792 0.165625 0.210417
1 0.759375 0.126042 0.187500 0.231250
1 0.063281 0.148958 0.126563 0.214583
1 0.485938 0.145833 0.203125 0.216667
1 0.580469 0.364583 0.179688 0.220833
1 0.776563 0.452083 0.162500 0.191667
1 0.842969 0.319792 0.179688 0.239583
0 0.542188 0.620833 0.243750 0.308333
1 0.985938 0.373958 0.028125 0.202083
1 0.509375 0.892708 0.212500 0.202083
1 0.154688 0.387500 0.212500 0.283333
1 0.985156 0.651042 0.029687 0.197917
2 0.359375 0.912500 0.056250 0.066667
1 0.041406 0.902083 0.082813 0.195833
1 0.490625 0.342708 0.131250 0.210417
1 0.028125 0.634375 0.056250 0.206250
2 0.655469 0.057292 0.079687 0.114583
1 0.913281 0.750000 0.145313 0.187500
0 0.956250 0.119792 0.087500 0.239583
1 0.733594 0.572917 0.167187 0.216667
1 0.205469 0.113542 0.182812 0.218750
1 0.787500 0.844792 0.165625 0.210417
1 0.759375 0.126042 0.187500 0.231250
1 0.063281 0.148958 0.126563 0.214583
1 0.485938 0.145833 0.203125 0.216667
1 0.580469 0.364583 0.179688 0.220833
1 0.776563 0.452083 0.162500 0.191667
1 0.842969 0.319792 0.179688 0.239583
0 0.542188 0.620833 0.243750 0.308333
1 0.985938 0.373958 0.028125 0.202083
1 0.509375 0.892708 0.212500 0.202083
1 0.154688 0.387500 0.212500 0.283333
1 0.985156 0.651042 0.029687 0.197917
2 0.359375 0.912500 0.056250 0.066667
1 0.041406 0.902083 0.082813 0.195833
1 0.490625 0.342708 0.131250 0.210417
1 0.028125 0.634375 0.056250 0.206250
2 0.655469 0.057292 0.079687 0.114583
1 0.913281 0.750000 0.145313 0.187500
0 0.956250 0.119792 0.087500 0.239583
1 0.733594 0.572917 0.167187 0.216667
1 0.205469 0.113542 0.182812 0.218750
1 0.787500 0.844792 0.165625 0.210417
1 0.759375 0.126042 0.187500 0.231250
1 0.063281 0.148958 0.126563 0.214583
1 0.485938 0.145833 0.203125 0.216667
1 0.580469 0.364583 0.179688 0.220833
1 0.776563 0.452083 0.162500 0.191667
1 0.842969 0.319792 0.179688 0.239583
0 0.542188 0.620833 0.243750 0.308333
1 0.985938 0.373958 0.028125 0.202083
1 0.509375 0.892708 0.212500 0.202083
1 0.154688 0.387500 0.212500 0.283333
1 0.985156 0.651042 0.029687 0.197917
2 0.359375 0.912500 0.056250 0.066667
1 0.041406 0.902083 0.082813 0.195833
1 0.490625 0.342708 0.131250 0.210417
1 0.028125 0.634375 0.056250 0.206250
2 0.655469 0.057292 0.079687 0.114583
1 0.913281 0.750000 0.145313 0.187500
0 0.956250 0.119792 0.087500 0.239583
1 0.733594 0.572917 0.167187 0.216667
1 0.205469 0.113542 0.182812 0.218750
1 0.787500 0.844792 0.165625 0.210417
1 0.759375 0.126042 0.187500 0.231250
1 0.063281 0.148958 0.126563 0.214583
1 0.485938 0.145833 0.203125 0.216667
1 0.580469 0.364583 0.179688 0.220833
1 0.776563 0.452083 0.162500 0.191667
1 0.842969 0.319792 0.179688 0.239583
0 0.542188 0.620833 0.243750 0.308333
1 0.985938 0.373958 0.028125 0.202083
1 0.509375 0.892708 0.212500 0.202083
1 0.154688 0.387500 0.212500 0.283333
1 0.985156 0.651042 0.029687 0.197917
2 0.359375 0.912500 0.056250 0.066667
1 0.041406 0.902083 0.082813 0.195833
1 0.490625 0.342708 0.131250 0.210417
1 0.028125 0.634375 0.056250 0.206250
2 0.655469 0.057292 0.079687 0.114583
1 0.913281 0.750000 0.145313 0.187500
0 0.956250 0.119792 0.087500 0.239583
1 0.733594 0.572917 0.167187 0.216667
1 0.205469 0.113542 0.182812 0.218750
1 0.787500 0.844792 0.165625 0.210417
1 0.759375 0.126042 0.187500 0.231250
1 0.063281 0.148958 0.126563 0.214583
1 0.485938 0.145833 0.203125 0.216667
1 0.580469 0.364583 0.179688 0.220833
1 0.776563 0.452083 0.162500 0.191667
1 0.842969 0.319792 0.179688 0.239583
0 0.542188 0.620833 0.243750 0.308333
1 0.985938 0.373958 0.028125 0.202083
1 0.509375 0.892708 0.212500 0.202083
1 0.154688 0.387500 0.212500 0.283333
1 0.985156 0.651042 0.029687 0.197917
2 0.359375 0.912500 0.056250 0.066667
1 0.041406 0.902083 0.082813 0.195833
1 0.490625 0.342708 0.131250 0.210417
1 0.028125 0.634375 0.056250 0.206250
2 0.655469 0.057292 0.079687 0.114583
1 0.913281 0.750000 0.145313 0.187500
0 0.956250 0.119792 0.087500 0.239583
1 0.733594 0.572917 0.167187 0.216667
1 0.205469 0.113542 0.182812 0.218750
1 0.787500 0.844792 0.165625 0.210417
1 0.759375 0.126042 0.187500 0.231250
1 0.063281 0.148958 0.126563 0.214583
1 0.485938 0.145833 0.203125 0.216667
1 0.580469 0.364583 0.179688 0.220833
1 0.776563 0.452083 0.162500 0.191667
1 0.842969 0.319792 0.179688 0.239583
0 0.542188 0.620833 0.243750 0.308333
1 0.985938 0.373958 0.028125 0.202083
1 0.509375 0.892708 0.212500 0.202083
1 0.154688 0.387500 0.212500 0.283333
1 0.985156 0.651042 0.029687 0.197917
2 0.359375 0.912500 0.056250 0.066667
1 0.041406 0.902083 0.082813 0.195833
1 0.490625 0.342708 0.131250 0.210417
1 0.028125 0.634375 0.056250 0.206250
2 0.655469 0.057292 0.079687 0.114583
1 0.913281 0.750000 0.145313 0.187500
0 0.956250 0.119792 0.087500 0.239583
1 0.733594 0.572917 0.167187 0.216667
1 0.205469 0.113542 0.182812 0.218750
1 0.787500 0.844792 0.165625 0.210417
1 0.759375 0.126042 0.187500 0.231250
1 0.063281 0.148958 0.126563 0.214583
1 0.485938 0.145833 0.203125 0.216667
1 0.580469 0.364583 0.179688 0.220833
1 0.776563 0.452083 0.162500 0.191667
1 0.842969 0.319792 0.179688 0.239583
0 0.542188 0.620833 0.243750 0.308333
1 0.985938 0.373958 0.028125 0.202083
1 0.509375 0.892708 0.212500 0.202083
1 0.154688 0.387500 0.212500 0.283333
1 0.985156 0.651042 0.029687 0.197917
2 0.359375 0.912500 0.056250 0.066667
1 0.041406 0.902083 0.082813 0.195833
1 0.490625 0.342708 0.131250 0.210417
1 0.028125 0.634375 0.056250 0.206250
2 0.655469 0.057292 0.079687 0.114583
1 0.913281 0.750000 0.145313 0.187500
0 0.956250 0.119792 0.087500 0.239583
1 0.733594 0.572917 0.167187 0.216667
1 0.205469 0.113542 0.182812 0.218750
1 0.787500 0.844792 0.165625 0.210417
1 0.759375 0.126042 0.187500 0.231250
1 0.063281 0.148958 0.126563 0.214583
1 0.485938 0.145833 0.203125 0.216667
1 0.580469 0.364583 0.179688 0.220833
1 0.776563 0.452083 0.162500 0.191667
1 0.842969 0.319792 0.179688 0.239583
0 0.542188 0.620833 0.243750 0.308333
1 0.985938 0.373958 0.028125 0.202083
1 0.509375 0.892708 0.212500 0.202083
1 0.154688 0.387500 0.212500 0.283333
1 0.985156 0.651042 0.029687 0.197917
2 0.359375 0.912500 0.056250 0.066667
1 0.041406 0.902083 0.082813 0.195833
1 0.490625 0.342708 0.131250 0.210417
1 0.028125 0.634375 0.056250 0.206250
2 0.655469 0.057292 0.079687 0.114583
1 0.913281 0.750000 0.145313 0.187500
0 0.956250 0.119792 0.087500 0.239583
1 0.733594 0.572917 0.167187 0.216667
1 0.205469 0.113542 0.182812 0.218750
1 0.787500 0.844792 0.165625 0.210417
1 0.759375 0.126042 0.187500 0.231250
1 0.063281 0.148958 0.126563 0.214583
1 0.485938 0.145833 0.203125 0.216667
1 0.580469 0.364583 0.179688 0.220833
1 0.776563 0.452083 0.162500 0.191667
1 0.842969 0.319792 0.179688 0.239583
0 0.542188 0.620833 0.243750 0.308333
1 0.985938 0.373958 0.028125 0.202083
1 0.509375 0.892708 0.212500 0.202083
1 0.154688 0.387500 0.212500 0.283333
1 0.985156 0.651042 0.029687 0.197917
2 0.359375 0.912500 0.056250 0.066667
1 0.041406 0.902083 0.082813 0.195833
1 0.490625 0.342708 0.131250 0.210417
1 0.028125 0.634375 0.056250 0.206250
2 0.655469 0.057292 0.079687 0.114583
1 0.913281 0.750000 0.145313 0.187500
0 0.956250 0.119792 0.087500 0.239583
1 0.733594 0.572917 0.167187 0.216667
1 0.205469 0.113542 0.182812 0.218750
1 0.787500 0.844792 0.165625 0.210417
1 0.759375 0.126042 0.187500 0.231250
1 0.063281 0.148958 0.126563 0.214583
1 0.485938 0.145833 0.203125 0.216667
1 0.580469 0.364583 0.179688 0.220833
1 0.776563 0.452083 0.162500 0.191667
1 0.842969 0.319792 0.179688 0.239583
0 0.542188 0.620833 0.243750 0.308333
1 0.985938 0.373958 0.028125 0.202083
1 0.509375 0.892708 0.212500 0.202083
1 0.154688 0.387500 0.212500 0.283333
1 0.985156 0.651042 0.029687 0.197917
2 0.359375 0.912500 0.056250 0.066667
1 0.041406 0.902083 0.082813 0.195833
1 0.490625 0.342708 0.131250 0.210417
1 0.028125 0.634375 0.056250 0.206250
2 0.655469 0.057292 0.079687 0.114583
1 0.913281 0.750000 0.145313 0.187500
0 0.956250 0.119792 0.087500 0.239583
1 0.733594 0.572917 0.167187 0.216667
1 0.205469 0.113542 0.182812 0.218750
1 0.787500 0.844792 0.165625 0.210417
1 0.759375 0.126042 0.187500 0.231250
1 0.063281 0.148958 0.126563 0.214583
1 0.485938 0.145833 0.203125 0.216667
1 0.580469 0.364583 0.179688 0.220833
1 0.776563 0.452083 0.162500 0.191667
1 0.842969 0.319792 0.179688 0.239583
0 0.542188 0.620833 0.243750 0.308333
1 0.985938 0.373958 0.028125 0.202083
1 0.509375 0.892708 0.212500 0.202083
1 0.154688 0.387500 0.212500 0.283333
1 0.985156 0.651042 0.029687 0.197917
2 0.359375 0.912500 0.056250 0.066667
1 0.041406 0.902083 0.082813 0.195833
1 0.490625 0.342708 0.131250 0.210417
1 0.028125 0.634375 0.056250 0.206250
2 0.655469 0.057292 0.079687 0.114583
1 0.913281 0.750000 0.145313 0.187500
0 0.956250 0.119792 0.087500 0.239583
1 0.733594 0.572917 0.167187 0.216667
1 0.205469 0.113542 0.182812 0.218750
1 0.787500 0.844792 0.165625 0.210417
1 0.759375 0.126042 0.187500 0.231250
1 0.063281 0.148958 0.126563 0.214583
1 0.485938 0.145833 0.203125 0.216667
1 0.580469 0.364583 0.179688 0.220833
1 0.776563 0.452083 0.162500 0.191667
1 0.842969 0.319792 0.179688 0.239583
0 0.542188 0.620833 0.243750 0.308333
1 0.985938 0.373958 0.028125 0.202083
1 0.509375 0.892708 0.212500 0.202083
1 0.154688 0.387500 0.212500 0.283333
1 0.985156 0.651042 0.029687 0.197917
2 0.359375 0.912500 0.056250 0.066667
1 0.041406 0.902083 0.082813 0.195833
1 0.490625 0.342708 0.131250 0.210417
1 0.028125 0.634375 0.056250 0.206250
2 0.655469 0.057292 0.079687 0.114583
1 0.913281 0.750000 0.145313 0.187500
0 0.956250 0.119792 0.087500 0.239583
1 0.733594 0.572917 0.167187 0.216667
1 0.205469 0.113542 0.182812 0.218750
1 0.787500 0.844792 0.165625 0.210417
1 0.759375 0.126042 0.187500 0.231250
1 0.063281 0.148958 0.126563 0.214583
1 0.485938 0.145833 0.203125 0.216667
1 0.580469 0.364583 0.179688 0.220833
1 0.776563 0.452083 0.162500 0.191667
1 0.842969 0.319792 0.179688 0.239583
0 0.542188 0.620833 0.243750 0.308333
1 0.985938 0.373958 0.028125 0.202083
1 0.509375 0.892708 0.212500 0.202083
1 0.154688 0.387500 0.212500 0.283333
1 0.985156 0.651042 0.029687 0.197917
2 0.359375 0.912500 0.056250 0.066667
1 0.041406 0.902083 0.082813 0.195833
1 0.490625 0.342708 0.131250 0.210417
1 0.028125 0.634375 0.056250 0.206250
2 0.655469 0.057292 0.079687 0.114583
1 0.913281 0.750000 0.145313 0.187500
0 0.956250 0.119792 0.087500 0.239583
1 0.733594 0.572917 0.167187 0.216667
1 0.205469 0.113542 0.182812 0.218750
1 0.787500 0.844792 0.165625 0.210417
1 0.759375 0.126042 0.187500 0.231250
1 0.063281 0.148958 0.126563 0.214583
1 0.485938 0.145833 0.203125 0.216667
1 0.580469 0.364583 0.179688 0.220833
1 0.776563 0.452083 0.162500 0.191667
1 0.842969 0.319792 0.179688 0.239583
0 0.542188 0.620833 0.243750 0.308333
1 0.985938 0.373958 0.028125 0.202083
1 0.509375 0.892708 0.212500 0.202083
1 0.154688 0.387500 0.212500 0.283333
1 0.985156 0.651042 0.029687 0.197917
2 0.359375 0.912500 0.056250 0.066667
1 0.041406 0.902083 0.082813 0.195833
1 0.490625 0.342708 0.131250 0.210417
1 0.028125 0.634375 0.056250 0.206250
2 0.655469 0.057292 0.079687 0.114583
1 0.913281 0.750000 0.145313 0.187500
0 0.956250 0.119792 0.087500 0.239583
1 0.733594 0.572917 0.167187 0.216667
1 0.205469 0.113542 0.182812 0.218750
1 0.787500 0.844792 0.165625 0.210417
1 0.759375 0.126042 0.187500 0.231250
1 0.063281 0.148958 0.126563 0.214583
1 0.485938 0.145833 0.203125 0.216667
1 0.580469 0.364583 0.179688 0.220833
1 0.776563 0.452083 0.162500 0.191667
1 0.842969 0.319792 0.179688 0.239583
0 0.542188 0.620833 0.243750 0.308333
1 0.985938 0.373958 0.028125 0.202083
1 0.509375 0.892708 0.212500 0.202083
1 0.154688 0.387500 0.212500 0.283333
1 0.985156 0.651042 0.029687 0.197917
2 0.359375 0.912500 0.056250 0.066667
1 0.041406 0.902083 0.082813 0.195833
1 0.490625 0.342708 0.131250 0.210417
1 0.028125 0.634375 0.056250 0.206250
2 0.655469 0.057292 0.079687 0.114583
1 0.913281 0.750000 0.145313 0.187500
0 0.956250 0.119792 0.087500 0.239583
1 0.733594 0.572917 0.167187 0.216667
1 0.205469 0.113542 0.182812 0.218750
1 0.787500 0.844792 0.165625 0.210417
1 0.759375 0.126042 0.187500 0.231250
1 0.063281 0.148958 0.126563 0.214583
1 0.485938 0.145833 0.203125 0.216667
1 0.580469 0.364583 0.179688 0.220833
1 0.776563 0.452083 0.162500 0.191667
1 0.842969 0.319792 0.179688 0.239583
0 0.542188 0.620833 0.243750 0.308333
1 0.985938 0.373958 0.028125 0.202083
1 0.509375 0.892708 0.212500 0.202083
1 0.154688 0.387500 0.212500 0.283333
1 0.985156 0.651042 0.029687 0.197917
2 0.359375 0.912500 0.056250 0.066667
1 0.041406 0.902083 0.082813 0.195833
1 0.490625 0.342708 0.131250 0.210417
1 0.028125 0.634375 0.056250 0.206250
2 0.655469 0.057292 0.079687 0.114583
1 0.913281 0.750000 0.145313 0.187500
0 0.956250 0.119792 0.087500 0.239583
1 0.733594 0.572917 0.167187 0.216667
1 0.205469 0.113542 0.182812 0.218750
1 0.787500 0.844792 0.165625 0.210417
1 0.759375 0.126042 0.187500 0.231250
1 0.063281 0.148958 0.126563 0.214583
1 0.485938 0.145833 0.203125 0.216667
1 0.580469 0.364583 0.179688 0.220833
1 0.776563 0.452083 0.162500 0.191667
1 0.842969 0.319792 0.179688 0.239583
0 0.542188 0.620833 0.243750 0.308333
1 0.985938 0.373958 0.028125 0.202083
1 0.509375 0.892708 0.212500 0.202083
1 0.154688 0.387500 0.212500 0.283333
1 0.985156 0.651042 0.029687 0.197917
2 0.359375 0.912500 0.056250 0.066667
1 0.041406 0.902083 0.082813 0.195833
1 0.490625 0.342708 0.131250 0.210417
1 0.028125 0.634375 0.056250 0.206250
2 0.655469 0.057292 0.079687 0.114583
1 0.913281 0.750000 0.145313 0.187500
0 0.956250 0.119792 0.087500 0.239583
1 0.733594 0.572917 0.167187 0.216667
1 0.205469 0.113542 0.182812 0.218750
1 0.787500 0.844792 0.165625 0.210417
1 0.759375 0.126042 0.187500 0.231250
1 0.063281 0.148958 0.126563 0.214583
1 0.485938 0.145833 0.203125 0.216667
1 0.580469 0.364583 0.179688 0.220833
1 0.776563 0.452083 0.162500 0.191667
1 0.842969 0.319792 0.179688 0.239583
0 0.542188 0.620833 0.243750 0.308333
