1 0.124219 0.037500 0.167187 0.075000
1 0.930469 0.963542 0.139063 0.072917
1 0.352344 0.051042 0.185938 0.102083
1 0.287500 0.953125 0.175000 0.093750
1 0.054688 0.454167 0.106250 0.225000
1 0.947656 0.144792 0.101562 0.285417
0 0.543750 0.747917 0.443750 0.504167
1 0.061719 0.882292 0.120313 0.193750
1 0.057031 0.222917 0.110937 0.229167
1 0.071875 0.644792 0.143750 0.235417
1 0.929688 0.791667 0.140625 0.212500
1 0.249219 0.747917 0.170313 0.254167
1 0.434375 0.306250 0.171875 0.245833
1 0.802344 0.713542 0.167187 0.231250
1 0.782813 0.301042 0.181250 0.260417
1 0.649219 0.108333 0.173438 0.208333
1 0.349219 0.510417 0.189063 0.208333
1 0.610938 0.377083 0.168750 0.212500
1 0.124219 0.037500 0.167187 0.075000
1 0.930469 0.963542 0.139063 0.072917
1 0.352344 0.051042 0.185938 0.102083
1 0.287500 0.953125 0.175000 0.093750
1 0.054688 0.454167 0.106250 0.225000
1 0.947656 0.144792 0.101562 0.285417
0 0.543750 0.747917 0.443750 0.504167
1 0.061719 0.882292 0.120313 0.193750
1 0.057031 0.222917 0.110937 0.229167
1 0.071875 0.644792 0.143750 0.235417
1 0.929688 0.791667 0.140625 0.212500
1 0.249219 0.747917 0.170313 0.254167
1 0.434375 0.306250 0.171875 0.245833
1 0.802344 0.713542 0.167187 0.231250
1 0.782813 0.301042 0.181250 0.260417
1 0.649219 0.108333 0.173438 0.208333
1 0.349219 0.510417 0.189063 0.208333
1 0.610938 0.377083 0.168750 0.212500
1 0.124219 0.037500 0.167187 0.075000
1 0.930469 0.963542 0.139063 0.072917
1 0.352344 0.051042 0.185938 0.102083
1 0.287500 0.953125 0.175000 0.093750
1 0.054688 0.454167 0.106250 0.225000
1 0.947656 0.144792 0.101562 0.285417
0 0.543750 0.747917 0.443750 0.504167
1 0.061719 0.882292 0.120313 0.193750
1 0.057031 0.222917 0.110937 0.229167
1 0.071875 0.644792 0.143750 0.235417
1 0.929688 0.791667 0.140625 0.212500
1 0.249219 0.747917 0.170313 0.254167
1 0.434375 0.306250 0.171875 0.245833
1 0.802344 0.713542 0.167187 0.231250
1 0.782813 0.301042 0.181250 0.260417
1 0.649219 0.108333 0.173438 0.208333
1 0.349219 0.510417 0.189063 0.208333
1 0.610938 0.377083 0.168750 0.212500
1 0.124219 0.037500 0.167187 0.075000
1 0.930469 0.963542 0.139063 0.072917
1 0.352344 0.051042 0.185938 0.102083
1 0.287500 0.953125 0.175000 0.093750
1 0.054688 0.454167 0.106250 0.225000
1 0.947656 0.144792 0.101562 0.285417
0 0.543750 0.747917 0.443750 0.504167
1 0.061719 0.882292 0.120313 0.193750
1 0.057031 0.222917 0.110937 0.229167
1 0.071875 0.644792 0.143750 0.235417
1 0.929688 0.791667 0.140625 0.212500
1 0.249219 0.747917 0.170313 0.254167
1 0.434375 0.306250 0.171875 0.245833
1 0.802344 0.713542 0.167187 0.231250
1 0.782813 0.301042 0.181250 0.260417
1 0.649219 0.108333 0.173438 0.208333
1 0.349219 0.510417 0.189063 0.208333
1 0.610938 0.377083 0.168750 0.212500
1 0.124219 0.037500 0.167187 0.075000
1 0.930469 0.963542 0.139063 0.072917
1 0.352344 0.051042 0.185938 0.102083
1 0.287500 0.953125 0.175000 0.093750
1 0.054688 0.454167 0.106250 0.225000
1 0.947656 0.144792 0.101562 0.285417
0 0.543750 0.747917 0.443750 0.504167
1 0.061719 0.882292 0.120313 0.193750
1 0.057031 0.222917 0.110937 0.229167
1 0.071875 0.644792 0.143750 0.235417
1 0.929688 0.791667 0.140625 0.212500
1 0.249219 0.747917 0.170313 0.254167
1 0.434375 0.306250 0.171875 0.245833
1 0.802344 0.713542 0.167187 0.231250
1 0.782813 0.301042 0.181250 0.260417
1 0.649219 0.108333 0.173438 0.208333
1 0.349219 0.510417 0.189063 0.208333
1 0.610938 0.377083 0.168750 0.212500
1 0.124219 0.037500 0.167187 0.075000
1 0.930469 0.963542 0.139063 0.072917
1 0.352344 0.051042 0.185938 0.102083
1 0.287500 0.953125 0.175000 0.093750
1 0.054688 0.454167 0.106250 0.225000
1 0.947656 0.144792 0.101562 0.285417
0 0.543750 0.747917 0.443750 0.504167
1 0.061719 0.882292 0.120313 0.193750
1 0.057031 0.222917 0.110937 0.229167
1 0.071875 0.644792 0.143750 0.235417
1 0.929688 0.791667 0.140625 0.212500
1 0.249219 0.747917 0.170313 0.254167
1 0.434375 0.306250 0.171875 0.245833
1 0.802344 0.713542 0.167187 0.231250
1 0.782813 0.301042 0.181250 0.260417
1 0.649219 0.108333 0.173438 0.208333
1 0.349219 0.510417 0.189063 0.208333
1 0.610938 0.377083 0.168750 0.212500
1 0.124219 0.037500 0.167187 0.075000
1 0.930469 0.963542 0.139063 0.072917
1 0.352344 0.051042 0.185938 0.102083
1 0.287500 0.953125 0.175000 0.093750
1 0.054688 0.454167 0.106250 0.225000
1 0.947656 0.144792 0.101562 0.285417
0 0.543750 0.747917 0.443750 0.504167
1 0.061719 0.882292 0.120313 0.193750
1 0.057031 0.222917 0.110937 0.229167
1 0.071875 0.644792 0.143750 0.235417
1 0.929688 0.791667 0.140625 0.212500
1 0.249219 0.747917 0.170313 0.254167
1 0.434375 0.306250 0.171875 0.245833
1 0.802344 0.713542 0.167187 0.231250
1 0.782813 0.301042 0.181250 0.260417
1 0.649219 0.108333 0.173438 0.208333
1 0.349219 0.510417 0.189063 0.208333
1 0.610938 0.377083 0.168750 0.212500
1 0.124219 0.037500 0.167187 0.075000
1 0.930469 0.963542 0.139063 0.072917
1 0.352344 0.051042 0.185938 0.102083
1 0.287500 0.953125 0.175000 0.093750
1 0.054688 0.454167 0.106250 0.225000
1 0.947656 0.144792 0.101562 0.285417
0 0.543750 0.747917 0.443750 0.504167
1 0.061719 0.882292 0.120313 0.193750
1 0.057031 0.222917 0.110937 0.229167
1 0.071875 0.644792 0.143750 0.235417
1 0.929688 0.791667 0.140625 0.212500
1 0.249219 0.747917 0.170313 0.254167
1 0.434375 0.306250 0.171875 0.245833
1 0.802344 0.713542 0.167187 0.231250
1 0.782813 0.301042 0.181250 0.260417
1 0.649219 0.108333 0.173438 0.208333
1 0.349219 0.510417 0.189063 0.208333
1 0.610938 0.377083 0.168750 0.212500
1 0.124219 0.037500 0.167187 0.075000
1 0.930469 0.963542 0.139063 0.072917
1 0.352344 0.051042 0.185938 0.102083
1 0.287500 0.953125 0.175000 0.093750
1 0.054688 0.454167 0.106250 0.225000
1 0.947656 0.144792 0.101562 0.285417
0 0.543750 0.747917 0.443750 0.504167
1 0.061719 0.882292 0.120313 0.193750
1 0.057031 0.222917 0.110937 0.229167
1 0.071875 0.644792 0.143750 0.235417
1 0.929688 0.791667 0.140625 0.212500
1 0.249219 0.747917 0.170313 0.254167
1 0.434375 0.306250 0.171875 0.245833
1 0.802344 0.713542 0.167187 0.231250
1 0.782813 0.301042 0.181250 0.260417
1 0.649219 0.108333 0.173438 0.208333
1 0.349219 0.510417 0.189063 0.208333
1 0.610938 0.377083 0.168750 0.212500
1 0.124219 0.037500 0.167187 0.075000
1 0.930469 0.963542 0.139063 0.072917
1 0.352344 0.051042 0.185938 0.102083
1 0.287500 0.953125 0.175000 0.093750
1 0.054688 0.454167 0.106250 0.225000
1 0.947656 0.144792 0.101562 0.285417
0 0.543750 0.747917 0.443750 0.504167
1 0.061719 0.882292 0.120313 0.193750
1 0.057031 0.222917 0.110937 0.229167
1 0.071875 0.644792 0.143750 0.235417
1 0.929688 0.791667 0.140625 0.212500
1 0.249219 0.747917 0.170313 0.254167
1 0.434375 0.306250 0.171875 0.245833
1 0.802344 0.713542 0.167187 0.231250
1 0.782813 0.301042 0.181250 0.260417
1 0.649219 0.108333 0.173438 0.208333
1 0.349219 0.510417 0.189063 0.208333
1 0.610938 0.377083 0.168750 0.212500
1 0.124219 0.037500 0.167187 0.075000
1 0.930469 0.963542 0.139063 0.072917
1 0.352344 0.051042 0.185938 0.102083
1 0.287500 0.953125 0.175000 0.093750
1 0.054688 0.454167 0.106250 0.225000
1 0.947656 0.144792 0.101562 0.285417
0 0.543750 0.747917 0.443750 0.504167
1 0.061719 0.882292 0.120313 0.193750
1 0.057031 0.222917 0.110937 0.229167
1 0.071875 0.644792 0.143750 0.235417
1 0.929688 0.791667 0.140625 0.212500
1 0.249219 0.747917 0.170313 0.254167
1 0.434375 0.306250 0.171875 0.245833
1 0.802344 0.713542 0.167187 0.231250
1 0.782813 0.301042 0.181250 0.260417
1 0.649219 0.108333 0.173438 0.208333
1 0.349219 0.510417 0.189063 0.208333
1 0.610938 0.377083 0.168750 0.212500
1 0.124219 0.037500 0.167187 0.075000
1 0.930469 0.963542 0.139063 0.072917
1 0.352344 0.051042 0.185938 0.102083
1 0.287500 0.953125 0.175000 0.093750
1 0.054688 0.454167 0.106250 0.225000
1 0.947656 0.144792 0.101562 0.285417
0 0.543750 0.747917 0.443750 0.504167
1 0.061719 0.882292 0.120313 0.193750
1 0.057031 0.222917 0.110937 0.229167
1 0.071875 0.644792 0.143750 0.235417
1 0.929688 0.791667 0.140625 0.212500
1 0.249219 0.747917 0.170313 0.254167
1 0.434375 0.306250 0.171875 0.245833
1 0.802344 0.713542 0.167187 0.231250
1 0.782813 0.301042 0.181250 0.260417
1 0.649219 0.108333 0.173438 0.208333
1 0.349219 0.510417 0.189063 0.208333
1 0.610938 0.377083 0.168750 0.212500
1 0.124219 0.037500 0.167187 0.075000
1 0.930469 0.963542 0.139063 0.072917
1 0.352344 0.051042 0.185938 0.102083
1 0.287500 0.953125 0.175000 0.093750
1 0.054688 0.454167 0.106250 0.225000
1 0.947656 0.144792 0.101562 0.285417
0 0.543750 0.747917 0.443750 0.504167
1 0.061719 0.882292 0.120313 0.193750
1 0.057031 0.222917 0.110937 0.229167
1 0.071875 0.644792 0.143750 0.235417
1 0.929688 0.791667 0.140625 0.212500
1 0.249219 0.747917 0.170313 0.254167
1 0.434375 0.306250 0.171875 0.245833
1 0.802344 0.713542 0.167187 0.231250
1 0.782813 0.301042 0.181250 0.260417
1 0.649219 0.108333 0.173438 0.208333
1 0.349219 0.510417 0.189063 0.208333
1 0.610938 0.377083 0.168750 0.212500
1 0.124219 0.037500 0.167187 0.075000
1 0.930469 0.963542 0.139063 0.072917
1 0.352344 0.051042 0.185938 0.102083
1 0.287500 0.953125 0.175000 0.093750
1 0.054688 0.454167 0.106250 0.225000
1 0.947656 0.144792 0.101562 0.285417
0 0.543750 0.747917 0.443750 0.504167
1 0.061719 0.882292 0.120313 0.193750
1 0.057031 0.222917 0.110937 0.229167
1 0.071875 0.644792 0.143750 0.235417
1 0.929688 0.791667 0.140625 0.212500
1 0.249219 0.747917 0.170313 0.254167
1 0.434375 0.306250 0.171875 0.245833
1 0.802344 0.713542 0.167187 0.231250
1 0.782813 0.301042 0.181250 0.260417
1 0.649219 0.108333 0.173438 0.208333
1 0.349219 0.510417 0.189063 0.208333
1 0.610938 0.377083 0.168750 0.212500
1 0.124219 0.037500 0.167187 0.075000
1 0.930469 0.963542 0.139063 0.072917
1 0.352344 0.051042 0.185938 0.102083
1 0.287500 0.953125 0.175000 0.093750
1 0.054688 0.454167 0.106250 0.225000
1 0.947656 0.144792 0.101562 0.285417
0 0.543750 0.747917 0.443750 0.504167
1 0.061719 0.882292 0.120313 0.193750
1 0.057031 0.222917 0.110937 0.229167
1 0.071875 0.644792 0.143750 0.235417
1 0.929688 0.791667 0.140625 0.212500
1 0.249219 0.747917 0.170313 0.254167
1 0.434375 0.306250 0.171875 0.245833
1 0.802344 0.713542 0.167187 0.231250
1 0.782813 0.301042 0.181250 0.260417
1 0.649219 0.108333 0.173438 0.208333
1 0.349219 0.510417 0.189063 0.208333
1 0.610938 0.377083 0.168750 0.212500
1 0.124219 0.037500 0.167187 0.075000
1 0.930469 0.963542 0.139063 0.072917
1 0.352344 0.051042 0.185938 0.102083
1 0.287500 0.953125 0.175000 0.093750
1 0.054688 0.454167 0.106250 0.225000
1 0.947656 0.144792 0.101562 0.285417
0 0.543750 0.747917 0.443750 0.504167
1 0.061719 0.882292 0.120313 0.193750
1 0.057031 0.222917 0.110937 0.229167
1 0.071875 0.644792 0.143750 0.235417
1 0.929688 0.791667 0.140625 0.212500
1 0.249219 0.747917 0.170313 0.254167
1 0.434375 0.306250 0.171875 0.245833
1 0.802344 0.713542 0.167187 0.231250
1 0.782813 0.301042 0.181250 0.260417
1 0.649219 0.108333 0.173438 0.208333
1 0.349219 0.510417 0.189063 0.208333
1 0.610938 0.377083 0.168750 0.212500
1 0.124219 0.037500 0.167187 0.075000
1 0.930469 0.963542 0.139063 0.072917
1 0.352344 0.051042 0.185938 0.102083
1 0.287500 0.953125 0.175000 0.093750
1 0.054688 0.454167 0.106250 0.225000
1 0.947656 0.144792 0.101562 0.285417
0 0.543750 0.747917 0.443750 0.504167
1 0.061719 0.882292 0.120313 0.193750
1 0.057031 0.222917 0.110937 0.229167
1 0.071875 0.644792 0.143750 0.235417
1 0.929688 0.791667 0.140625 0.212500
1 0.249219 0.747917 0.170313 0.254167
1 0.434375 0.306250 0.171875 0.245833
1 0.802344 0.713542 0.167187 0.231250
1 0.782813 0.301042 0.181250 0.260417
1 0.649219 0.108333 0.173438 0.208333
1 0.349219 0.510417 0.189063 0.208333
1 0.610938 0.377083 0.168750 0.212500
1 0.124219 0.037500 0.167187 0.075000
1 0.930469 0.963542 0.139063 0.072917
1 0.352344 0.051042 0.185938 0.102083
1 0.287500 0.953125 0.175000 0.093750
1 0.054688 0.454167 0.106250 0.225000
1 0.947656 0.144792 0.101562 0.285417
0 0.543750 0.747917 0.443750 0.504167
1 0.061719 0.882292 0.120313 0.193750
1 0.057031 0.222917 0.110937 0.229167
1 0.071875 0.644792 0.143750 0.235417
1 0.929688 0.791667 0.140625 0.212500
1 0.249219 0.747917 0.170313 0.254167
1 0.434375 0.306250 0.171875 0.245833
1 0.802344 0.713542 0.167187 0.231250
1 0.782813 0.301042 0.181250 0.260417
1 0.649219 0.108333 0.173438 0.208333
1 0.349219 0.510417 0.189063 0.208333
1 0.610938 0.377083 0.168750 0.212500
