1 0.985156 0.875000 0.029687 0.250000
1 0.074219 0.943750 0.148438 0.112500
1 0.635938 0.021875 0.212500 0.043750
1 0.636719 0.397917 0.226562 0.216667
1 0.092969 0.046875 0.182812 0.093750
2 0.478906 0.020833 0.082813 0.041667
1 0.269531 0.823958 0.179688 0.256250
1 0.039844 0.395833 0.079687 0.262500
1 0.264062 0.097917 0.193750 0.195833
1 0.069531 0.700000 0.135937 0.183333
2 0.164844 0.914583 0.057813 0.066667
1 0.908594 0.200000 0.145313 0.187500
1 0.782813 0.581250 0.140625 0.233333
1 0.893750 0.821875 0.156250 0.235417
1 0.447656 0.921875 0.148438 0.156250
1 0.128906 0.467708 0.139063 0.214583
1 0.720313 0.779167 0.159375 0.204167
0 0.318750 0.393750 0.268750 0.366667
1 0.578125 0.538542 0.206250 0.235417
1 0.985156 0.875000 0.029687 0.250000
1 0.074219 0.943750 0.148438 0.112500
1 0.635938 0.021875 0.212500 0.043750
1 0.636719 0.397917 0.226562 0.216667
1 0.092969 0.046875 0.182812 0.093750
2 0.478906 0.020833 0.082813 0.041667
1 0.269531 0.823958 0.179688 0.256250
1 0.039844 0.395833 0.079687 0.262500
1 0.264062 0.097917 0.193750 0.195833
1 0.069531 0.700000 0.135937 0.183333
2 0.164844 0.914583 0.057813 0.066667
1 0.908594 0.200000 0.145313 0.187500
1 0.782813 0.581250 0.140625 0.233333
1 0.893750 0.821875 0.156250 0.235417
1 0.447656 0.921875 0.148438 0.156250
1 0.128906 0.467708 0.139063 0.214583
1 0.720313 0.779167 0.159375 0.204167
0 0.318750 0.393750 0.268750 0.366667
1 0.578125 0.538542 0.206250 0.235417
1 0.985156 0.875000 0.029687 0.250000
1 0.074219 0.943750 0.148438 0.112500
1 0.635938 0.021875 0.212500 0.043750
1 0.636719 0.397917 0.226562 0.216667
1 0.092969 0.046875 0.182812 0.093750
2 0.478906 0.020833 0.082813 0.041667
1 0.269531 0.823958 0.179688 0.256250
1 0.039844 0.395833 0.079687 0.262500
1 0.264062 0.097917 0.193750 0.195833
1 0.069531 0.700000 0.135937 0.183333
2 0.164844 0.914583 0.057813 0.066667
1 0.908594 0.200000 0.145313 0.187500
1 0.782813 0.581250 0.140625 0.233333
1 0.893750 0.821875 0.156250 0.235417
1 0.447656 0.921875 0.148438 0.156250
1 0.128906 0.467708 0.139063 0.214583
1 0.720313 0.779167 0.159375 0.204167
0 0.318750 0.393750 0.268750 0.366667
1 0.578125 0.538542 0.206250 0.235417
1 0.985156 0.875000 0.029687 0.250000
1 0.074219 0.943750 0.148438 0.112500
1 0.635938 0.021875 0.212500 0.043750
1 0.636719 0.397917 0.226562 0.216667
1 0.092969 0.046875 0.182812 0.093750
2 0.478906 0.020833 0.082813 0.041667
1 0.269531 0.823958 0.179688 0.256250
1 0.039844 0.395833 0.079687 0.262500
1 0.264062 0.097917 0.193750 0.195833
1 0.069531 0.700000 0.135937 0.183333
2 0.164844 0.914583 0.057813 0.066667
1 0.908594 0.200000 0.145313 0.187500
1 0.782813 0.581250 0.140625 0.233333
1 0.893750 0.821875 0.156250 0.235417
1 0.447656 0.921875 0.148438 0.156250
1 0.128906 0.467708 0.139063 0.214583
1 0.720313 0.779167 0.159375 0.204167
0 0.318750 0.393750 0.268750 0.366667
1 0.578125 0.538542 0.206250 0.235417
1 0.985156 0.875000 0.029687 0.250000
1 0.074219 0.943750 0.148438 0.112500
1 0.635938 0.021875 0.212500 0.043750
1 0.636719 0.397917 0.226562 0.216667
1 0.092969 0.046875 0.182812 0.093750
2 0.478906 0.020833 0.082813 0.041667
1 0.269531 0.823958 0.179688 0.256250
1 0.039844 0.395833 0.079687 0.262500
1 0.264062 0.097917 0.193750 0.195833
1 0.069531 0.700000 0.135937 0.183333
2 0.164844 0.914583 0.057813 0.066667
1 0.908594 0.200000 0.145313 0.187500
1 0.782813 0.581250 0.140625 0.233333
1 0.893750 0.821875 0.156250 0.235417
1 0.447656 0.921875 0.148438 0.156250
1 0.128906 0.467708 0.139063 0.214583
1 0.720313 0.779167 0.159375 0.204167
0 0.318750 0.393750 0.268750 0.366667
1 0.578125 0.538542 0.206250 0.235417
1 0.985156 0.875000 0.029687 0.250000
1 0.074219 0.943750 0.148438 0.112500
1 0.635938 0.021875 0.212500 0.043750
1 0.636719 0.397917 0.226562 0.216667
1 0.092969 0.046875 0.182812 0.093750
2 0.478906 0.020833 0.082813 0.041667
1 0.269531 0.823958 0.179688 0.256250
1 0.039844 0.395833 0.079687 0.262500
1 0.264062 0.097917 0.193750 0.195833
1 0.069531 0.700000 0.135937 0.183333
2 0.164844 0.914583 0.057813 0.066667
1 0.908594 0.200000 0.145313 0.187500
1 0.782813 0.581250 0.140625 0.233333
1 0.893750 0.821875 0.156250 0.235417
1 0.447656 0.921875 0.148438 0.156250
1 0.128906 0.467708 0.139063 0.214583
1 0.720313 0.779167 0.159375 0.204167
0 0.318750 0.393750 0.268750 0.366667
1 0.578125 0.538542 0.206250 0.235417
1 0.985156 0.875000 0.029687 0.250000
1 0.074219 0.943750 0.148438 0.112500
1 0.635938 0.021875 0.212500 0.043750
1 0.636719 0.397917 0.226562 0.216667
1 0.092969 0.046875 0.182812 0.093750
2 0.478906 0.020833 0.082813 0.041667
1 0.269531 0.823958 0.179688 0.256250
1 0.039844 0.395833 0.079687 0.262500
1 0.264062 0.097917 0.193750 0.195833
1 0.069531 0.700000 0.135937 0.183333
2 0.164844 0.914583 0.057813 0.066667
1 0.908594 0.200000 0.145313 0.187500
1 0.782813 0.581250 0.140625 0.233333
1 0.893750 0.821875 0.156250 0.235417
1 0.447656 0.921875 0.148438 0.156250
1 0.128906 0.467708 0.139063 0.214583
1 0.720313 0.779167 0.159375 0.204167
0 0.318750 0.393750 0.268750 0.366667
1 0.578125 0.538542 0.206250 0.235417
1 0.985156 0.875000 0.029687 0.250000
1 0.074219 0.943750 0.148438 0.112500
1 0.635938 0.021875 0.212500 0.043750
1 0.636719 0.397917 0.226562 0.216667
1 0.092969 0.046875 0.182812 0.093750
2 0.478906 0.020833 0.082813 0.041667
1 0.269531 0.823958 0.179688 0.256250
1 0.039844 0.395833 0.079687 0.262500
1 0.264062 0.097917 0.193750 0.195833
1 0.069531 0.700000 0.135937 0.183333
2 0.164844 0.914583 0.057813 0.066667
1 0.908594 0.200000 0.145313 0.187500
1 0.782813 0.581250 0.140625 0.233333
1 0.893750 0.821875 0.156250 0.235417
1 0.447656 0.921875 0.148438 0.156250
1 0.128906 0.467708 0.139063 0.214583
1 0.720313 0.779167 0.159375 0.204167
0 0.318750 0.393750 0.268750 0.366667
1 0.578125 0.538542 0.206250 0.235417
1 0.985156 0.875000 0.029687 0.250000
1 0.074219 0.943750 0.148438 0.112500
1 0.635938 0.021875 0.212500 0.043750
1 0.636719 0.397917 0.226562 0.216667
1 0.092969 0.046875 0.182812 0.093750
2 0.478906 0.020833 0.082813 0.041667
1 0.269531 0.823958 0.179688 0.256250
1 0.039844 0.395833 0.079687 0.262500
1 0.264062 0.097917 0.193750 0.195833
1 0.069531 0.700000 0.135937 0.183333
2 0.164844 0.914583 0.057813 0.066667
1 0.908594 0.200000 0.145313 0.187500
1 0.782813 0.581250 0.140625 0.233333
1 0.893750 0.821875 0.156250 0.235417
1 0.447656 0.921875 0.148438 0.156250
1 0.128906 0.467708 0.139063 0.214583
1 0.720313 0.779167 0.159375 0.204167
0 0.318750 0.393750 0.268750 0.366667
1 0.578125 0.538542 0.206250 0.235417
1 0.985156 0.875000 0.029687 0.250000
1 0.074219 0.943750 0.148438 0.112500
1 0.635938 0.021875 0.212500 0.043750
1 0.636719 0.397917 0.226562 0.216667
1 0.092969 0.046875 0.182812 0.093750
2 0.478906 0.020833 0.082813 0.041667
1 0.269531 0.823958 0.179688 0.256250
1 0.039844 0.395833 0.079687 0.262500
1 0.264062 0.097917 0.193750 0.195833
1 0.069531 0.700000 0.135937 0.183333
2 0.164844 0.914583 0.057813 0.066667
1 0.908594 0.200000 0.145313 0.187500
1 0.782813 0.581250 0.140625 0.233333
1 0.893750 0.821875 0.156250 0.235417
1 0.447656 0.921875 0.148438 0.156250
1 0.128906 0.467708 0.139063 0.214583
1 0.720313 0.779167 0.159375 0.204167
0 0.318750 0.393750 0.268750 0.366667
1 0.578125 0.538542 0.206250 0.235417
1 0.985156 0.875000 0.029687 0.250000
1 0.074219 0.943750 0.148438 0.112500
1 0.635938 0.021875 0.212500 0.043750
1 0.636719 0.397917 0.226562 0.216667
1 0.092969 0.046875 0.182812 0.093750
2 0.478906 0.020833 0.082813 0.041667
1 0.269531 0.823958 0.179688 0.256250
1 0.039844 0.395833 0.079687 0.262500
1 0.264062 0.097917 0.193750 0.195833
1 0.069531 0.700000 0.135937 0.183333
2 0.164844 0.914583 0.057813 0.066667
1 0.908594 0.200000 0.145313 0.187500
1 0.782813 0.581250 0.140625 0.233333
1 0.893750 0.821875 0.156250 0.235417
1 0.447656 0.921875 0.148438 0.156250
1 0.128906 0.467708 0.139063 0.214583
1 0.720313 0.779167 0.159375 0.204167
0 0.318750 0.393750 0.268750 0.366667
1 0.578125 0.538542 0.206250 0.235417
1 0.985156 0.875000 0.029687 0.250000
1 0.074219 0.943750 0.148438 0.112500
1 0.635938 0.021875 0.212500 0.043750
1 0.636719 0.397917 0.226562 0.216667
1 0.092969 0.046875 0.182812 0.093750
2 0.478906 0.020833 0.082813 0.041667
1 0.269531 0.823958 0.179688 0.256250
1 0.039844 0.395833 0.079687 0.262500
1 0.264062 0.097917 0.193750 0.195833
1 0.069531 0.700000 0.135937 0.183333
2 0.164844 0.914583 0.057813 0.066667
1 0.908594 0.200000 0.145313 0.187500
1 0.782813 0.581250 0.140625 0.233333
1 0.893750 0.821875 0.156250 0.235417
1 0.447656 0.921875 0.148438 0.156250
1 0.128906 0.467708 0.139063 0.214583
1 0.720313 0.779167 0.159375 0.204167
0 0.318750 0.393750 0.268750 0.366667
1 0.578125 0.538542 0.206250 0.235417
1 0.985156 0.875000 0.029687 0.250000
1 0.074219 0.943750 0.148438 0.112500
1 0.635938 0.021875 0.212500 0.043750
1 0.636719 0.397917 0.226562 0.216667
1 0.092969 0.046875 0.182812 0.093750
2 0.478906 0.020833 0.082813 0.041667
1 0.269531 0.823958 0.179688 0.256250
1 0.039844 0.395833 0.079687 0.262500
1 0.264062 0.097917 0.193750 0.195833
1 0.069531 0.700000 0.135937 0.183333
2 0.164844 0.914583 0.057813 0.066667
1 0.908594 0.200000 0.145313 0.187500
1 0.782813 0.581250 0.140625 0.233333
1 0.893750 0.821875 0.156250 0.235417
1 0.447656 0.921875 0.148438 0.156250
1 0.128906 0.467708 0.139063 0.214583
1 0.720313 0.779167 0.159375 0.204167
0 0.318750 0.393750 0.268750 0.366667
1 0.578125 0.538542 0.206250 0.235417
1 0.985156 0.875000 0.029687 0.250000
1 0.074219 0.943750 0.148438 0.112500
1 0.635938 0.021875 0.212500 0.043750
1 0.636719 0.397917 0.226562 0.216667
1 0.092969 0.046875 0.182812 0.093750
2 0.478906 0.020833 0.082813 0.041667
1 0.269531 0.823958 0.179688 0.256250
1 0.039844 0.395833 0.079687 0.262500
1 0.264062 0.097917 0.193750 0.195833
1 0.069531 0.700000 0.135937 0.183333
2 0.164844 0.914583 0.057813 0.066667
1 0.908594 0.200000 0.145313 0.187500
1 0.782813 0.581250 0.140625 0.233333
1 0.893750 0.821875 0.156250 0.235417
1 0.447656 0.921875 0.148438 0.156250
1 0.128906 0.467708 0.139063 0.214583
1 0.720313 0.779167 0.159375 0.204167
0 0.318750 0.393750 0.268750 0.366667
1 0.578125 0.538542 0.206250 0.235417
1 0.985156 0.875000 0.029687 0.250000
1 0.074219 0.943750 0.148438 0.112500
1 0.635938 0.021875 0.212500 0.043750
1 0.636719 0.397917 0.226562 0.216667
1 0.092969 0.046875 0.182812 0.093750
2 0.478906 0.020833 0.082813 0.041667
1 0.269531 0.823958 0.179688 0.256250
1 0.039844 0.395833 0.079687 0.262500
1 0.264062 0.097917 0.193750 0.195833
1 0.069531 0.700000 0.135937 0.183333
2 0.164844 0.914583 0.057813 0.066667
1 0.908594 0.200000 0.145313 0.187500
1 0.782813 0.581250 0.140625 0.233333
1 0.893750 0.821875 0.156250 0.235417
1 0.447656 0.921875 0.148438 0.156250
1 0.128906 0.467708 0.139063 0.214583
1 0.720313 0.779167 0.159375 0.204167
0 0.318750 0.393750 0.268750 0.366667
1 0.578125 0.538542 0.206250 0.235417
1 0.985156 0.875000 0.029687 0.250000
1 0.074219 0.943750 0.148438 0.112500
1 0.635938 0.021875 0.212500 0.043750
1 0.636719 0.397917 0.226562 0.216667
1 0.092969 0.046875 0.182812 0.093750
2 0.478906 0.020833 0.082813 0.041667
1 0.269531 0.823958 0.179688 0.256250
1 0.039844 0.395833 0.079687 0.262500
1 0.264062 0.097917 0.193750 0.195833
1 0.069531 0.700000 0.135937 0.183333
2 0.164844 0.914583 0.057813 0.066667
1 0.908594 0.200000 0.145313 0.187500
1 0.782813 0.581250 0.140625 0.233333
1 0.893750 0.821875 0.156250 0.235417
1 0.447656 0.921875 0.148438 0.156250
1 0.128906 0.467708 0.139063 0.214583
1 0.720313 0.779167 0.159375 0.204167
0 0.318750 0.393750 0.268750 0.366667
1 0.578125 0.538542 0.206250 0.235417
1 0.985156 0.875000 0.029687 0.250000
1 0.074219 0.943750 0.148438 0.112500
1 0.635938 0.021875 0.212500 0.043750
1 0.636719 0.397917 0.226562 0.216667
1 0.092969 0.046875 0.182812 0.093750
2 0.478906 0.020833 0.082813 0.041667
1 0.269531 0.823958 0.179688 0.256250
1 0.039844 0.395833 0.079687 0.262500
1 0.264062 0.097917 0.193750 0.195833
1 0.069531 0.700000 0.135937 0.183333
2 0.164844 0.914583 0.057813 0.066667
1 0.908594 0.200000 0.145313 0.187500
1 0.782813 0.581250 0.140625 0.233333
1 0.893750 0.821875 0.156250 0.235417
1 0.447656 0.921875 0.148438 0.156250
1 0.128906 0.467708 0.139063 0.214583
1 0.720313 0.779167 0.159375 0.204167
0 0.318750 0.393750 0.268750 0.366667
1 0.578125 0.538542 0.206250 0.235417
1 0.985156 0.875000 0.029687 0.250000
1 0.074219 0.943750 0.148438 0.112500
1 0.635938 0.021875 0.212500 0.043750
1 0.636719 0.397917 0.226562 0.216667
1 0.092969 0.046875 0.182812 0.093750
2 0.478906 0.020833 0.082813 0.041667
1 0.269531 0.823958 0.179688 0.256250
1 0.039844 0.395833 0.079687 0.262500
1 0.264062 0.097917 0.193750 0.195833
1 0.069531 0.700000 0.135937 0.183333
2 0.164844 0.914583 0.057813 0.066667
1 0.908594 0.200000 0.145313 0.187500
1 0.782813 0.581250 0.140625 0.233333
1 0.893750 0.821875 0.156250 0.235417
1 0.447656 0.921875 0.148438 0.156250
1 0.128906 0.467708 0.139063 0.214583
1 0.720313 0.779167 0.159375 0.204167
0 0.318750 0.393750 0.268750 0.366667
1 0.578125 0.538542 0.206250 0.235417
1 0.985156 0.875000 0.029687 0.250000
1 0.074219 0.943750 0.148438 0.112500
1 0.635938 0.021875 0.212500 0.043750
1 0.636719 0.397917 0.226562 0.216667
1 0.092969 0.046875 0.182812 0.093750
2 0.478906 0.020833 0.082813 0.041667
1 0.269531 0.823958 0.179688 0.256250
1 0.039844 0.395833 0.079687 0.262500
1 0.264062 0.097917 0.193750 0.195833
1 0.069531 0.700000 0.135937 0.183333
2 0.164844 0.914583 0.057813 0.066667
1 0.908594 0.200000 0.145313 0.187500
1 0.782813 0.581250 0.140625 0.233333
1 0.893750 0.821875 0.156250 0.235417
1 0.447656 0.921875 0.148438 0.156250
1 0.128906 0.467708 0.139063 0.214583
1 0.720313 0.779167 0.159375 0.204167
0 0.318750 0.393750 0.268750 0.366667
1 0.578125 0.538542 0.206250 0.235417
