2 0.885938 0.306250 0.078125 0.108333
1 0.264844 0.333333 0.164062 0.225000
1 0.579688 0.021875 0.159375 0.043750
1 0.489844 0.938542 0.176563 0.122917
1 0.657031 0.841667 0.204688 0.254167
1 0.025000 0.591667 0.050000 0.216667
1 0.899219 0.712500 0.167187 0.245833
1 0.980469 0.608333 0.039062 0.212500
1 0.106250 0.935417 0.159375 0.129167
1 0.067188 0.109375 0.131250 0.189583
1 0.791406 0.252083 0.148438 0.233333
1 0.439844 0.066667 0.179688 0.133333
1 0.245312 0.727083 0.159375 0.266667
2 0.383594 0.445833 0.064062 0.083333
2 0.828125 0.931250 0.062500 0.083333
1 0.105469 0.751042 0.148438 0.210417
1 0.716406 0.437500 0.189063 0.225000
1 0.587500 0.295833 0.181250 0.241667
0 0.436719 0.704167 0.257812 0.350000
2 0.885938 0.306250 0.078125 0.108333
1 0.264844 0.333333 0.164062 0.225000
1 0.579688 0.021875 0.159375 0.043750
1 0.489844 0.938542 0.176563 0.122917
1 0.657031 0.841667 0.204688 0.254167
1 0.025000 0.591667 0.050000 0.216667
1 0.899219 0.712500 0.167187 0.245833
1 0.980469 0.608333 0.039062 0.212500
1 0.106250 0.935417 0.159375 0.129167
1 0.067188 0.109375 0.131250 0.189583
1 0.791406 0.252083 0.148438 0.233333
1 0.439844 0.066667 0.179688 0.133333
1 0.245312 0.727083 0.159375 0.266667
2 0.383594 0.445833 0.064062 0.083333
2 0.828125 0.931250 0.062500 0.083333
1 0.105469 0.751042 0.148438 0.210417
1 0.716406 0.437500 0.189063 0.225000
1 0.587500 0.295833 0.181250 0.241667
0 0.436719 0.704167 0.257812 0.350000
2 0.885938 0.306250 0.078125 0.108333
1 0.264844 0.333333 0.164062 0.225000
1 0.579688 0.021875 0.159375 0.043750
1 0.489844 0.938542 0.176563 0.122917
1 0.657031 0.841667 0.204688 0.254167
1 0.025000 0.591667 0.050000 0.216667
1 0.899219 0.712500 0.167187 0.245833
1 0.980469 0.608333 0.039062 0.212500
1 0.106250 0.935417 0.159375 0.129167
1 0.067188 0.109375 0.131250 0.189583
1 0.791406 0.252083 0.148438 0.233333
1 0.439844 0.066667 0.179688 0.133333
1 0.245312 0.727083 0.159375 0.266667
2 0.383594 0.445833 0.064062 0.083333
2 0.828125 0.931250 0.062500 0.083333
1 0.105469 0.751042 0.148438 0.210417
1 0.716406 0.437500 0.189063 0.225000
1 0.587500 0.295833 0.181250 0.241667
0 0.436719 0.704167 0.257812 0.350000
2 0.885938 0.306250 0.078125 0.108333
1 0.264844 0.333333 0.164062 0.225000
1 0.579688 0.021875 0.159375 0.043750
1 0.489844 0.938542 0.176563 0.122917
1 0.657031 0.841667 0.204688 0.254167
1 0.025000 0.591667 0.050000 0.216667
1 0.899219 0.712500 0.167187 0.245833
1 0.980469 0.608333 0.039062 0.212500
1 0.106250 0.935417 0.159375 0.129167
1 0.067188 0.109375 0.131250 0.189583
1 0.791406 0.252083 0.148438 0.233333
1 0.439844 0.066667 0.179688 0.133333
1 0.245312 0.727083 0.159375 0.266667
2 0.383594 0.445833 0.064062 0.083333
2 0.828125 0.931250 0.062500 0.083333
1 0.105469 0.751042 0.148438 0.210417
1 0.716406 0.437500 0.189063 0.225000
1 0.587500 0.295833 0.181250 0.241667
0 0.436719 0.704167 0.257812 0.350000
2 0.885938 0.306250 0.078125 0.108333
1 0.264844 0.333333 0.164062 0.225000
1 0.579688 0.021875 0.159375 0.043750
1 0.489844 0.938542 0.176563 0.122917
1 0.657031 0.841667 0.204688 0.254167
1 0.025000 0.591667 0.050000 0.216667
1 0.899219 0.712500 0.167187 0.245833
1 0.980469 0.608333 0.039062 0.212500
1 0.106250 0.935417 0.159375 0.129167
1 0.067188 0.109375 0.131250 0.189583
1 0.791406 0.252083 0.148438 0.233333
1 0.439844 0.066667 0.179688 0.133333
1 0.245312 0.727083 0.159375 0.266667
2 0.383594 0.445833 0.064062 0.083333
2 0.828125 0.931250 0.062500 0.083333
1 0.105469 0.751042 0.148438 0.210417
1 0.716406 0.437500 0.189063 0.225000
1 0.587500 0.295833 0.181250 0.241667
0 0.436719 0.704167 0.257812 0.350000
2 0.885938 0.306250 0.078125 0.108333
1 0.264844 0.333333 0.164062 0.225000
1 0.579688 0.021875 0.159375 0.043750
1 0.489844 0.938542 0.176563 0.122917
1 0.657031 0.841667 0.204688 0.254167
1 0.025000 0.591667 0.050000 0.216667
1 0.899219 0.712500 0.167187 0.245833
1 0.980469 0.608333 0.039062 0.212500
1 0.106250 0.935417 0.159375 0.129167
1 0.067188 0.109375 0.131250 0.189583
1 0.791406 0.252083 0.148438 0.233333
1 0.439844 0.066667 0.179688 0.133333
1 0.245312 0.727083 0.159375 0.266667
2 0.383594 0.445833 0.064062 0.083333
2 0.828125 0.931250 0.062500 0.083333
1 0.105469 0.751042 0.148438 0.210417
1 0.716406 0.437500 0.189063 0.225000
1 0.587500 0.295833 0.181250 0.241667
0 0.436719 0.704167 0.257812 0.350000
2 0.885938 0.306250 0.078125 0.108333
1 0.264844 0.333333 0.164062 0.225000
1 0.579688 0.021875 0.159375 0.043750
1 0.489844 0.938542 0.176563 0.122917
1 0.657031 0.841667 0.204688 0.254167
1 0.025000 0.591667 0.050000 0.216667
1 0.899219 0.712500 0.167187 0.245833
1 0.980469 0.608333 0.039062 0.212500
1 0.106250 0.935417 0.159375 0.129167
1 0.067188 0.109375 0.131250 0.189583
1 0.791406 0.252083 0.148438 0.233333
1 0.439844 0.066667 0.179688 0.133333
1 0.245312 0.727083 0.159375 0.266667
2 0.383594 0.445833 0.064062 0.083333
2 0.828125 0.931250 0.062500 0.083333
1 0.105469 0.751042 0.148438 0.210417
1 0.716406 0.437500 0.189063 0.225000
1 0.587500 0.295833 0.181250 0.241667
0 0.436719 0.704167 0.257812 0.350000
2 0.885938 0.306250 0.078125 0.108333
1 0.264844 0.333333 0.164062 0.225000
1 0.579688 0.021875 0.159375 0.043750
1 0.489844 0.938542 0.176563 0.122917
1 0.657031 0.841667 0.204688 0.254167
1 0.025000 0.591667 0.050000 0.216667
1 0.899219 0.712500 0.167187 0.245833
1 0.980469 0.608333 0.039062 0.212500
1 0.106250 0.935417 0.159375 0.129167
1 0.067188 0.109375 0.131250 0.189583
1 0.791406 0.252083 0.148438 0.233333
1 0.439844 0.066667 0.179688 0.133333
1 0.245312 0.727083 0.159375 0.266667
2 0.383594 0.445833 0.064062 0.083333
2 0.828125 0.931250 0.062500 0.083333
1 0.105469 0.751042 0.148438 0.210417
1 0.716406 0.437500 0.189063 0.225000
1 0.587500 0.295833 0.181250 0.241667
0 0.436719 0.704167 0.257812 0.350000
2 0.885938 0.306250 0.078125 0.108333
1 0.264844 0.333333 0.164062 0.225000
1 0.579688 0.021875 0.159375 0.043750
1 0.489844 0.938542 0.176563 0.122917
1 0.657031 0.841667 0.204688 0.254167
1 0.025000 0.591667 0.050000 0.216667
1 0.899219 0.712500 0.167187 0.245833
1 0.980469 0.608333 0.039062 0.212500
1 0.106250 0.935417 0.159375 0.129167
1 0.067188 0.109375 0.131250 0.189583
1 0.791406 0.252083 0.148438 0.233333
1 0.439844 0.066667 0.179688 0.133333
1 0.245312 0.727083 0.159375 0.266667
2 0.383594 0.445833 0.064062 0.083333
2 0.828125 0.931250 0.062500 0.083333
1 0.105469 0.751042 0.148438 0.210417
1 0.716406 0.437500 0.189063 0.225000
1 0.587500 0.295833 0.181250 0.241667
0 0.436719 0.704167 0.257812 0.350000
2 0.885938 0.306250 0.078125 0.108333
1 0.264844 0.333333 0.164062 0.225000
1 0.579688 0.021875 0.159375 0.043750
1 0.489844 0.938542 0.176563 0.122917
1 0.657031 0.841667 0.204688 0.254167
1 0.025000 0.591667 0.050000 0.216667
1 0.899219 0.712500 0.167187 0.245833
1 0.980469 0.608333 0.039062 0.212500
1 0.106250 0.935417 0.159375 0.129167
1 0.067188 0.109375 0.131250 0.189583
1 0.791406 0.252083 0.148438 0.233333
1 0.439844 0.066667 0.179688 0.133333
1 0.245312 0.727083 0.159375 0.266667
2 0.383594 0.445833 0.064062 0.083333
2 0.828125 0.931250 0.062500 0.083333
1 0.105469 0.751042 0.148438 0.210417
1 0.716406 0.437500 0.189063 0.225000
1 0.587500 0.295833 0.181250 0.241667
0 0.436719 0.704167 0.257812 0.350000
2 0.885938 0.306250 0.078125 0.108333
1 0.264844 0.333333 0.164062 0.225000
1 0.579688 0.021875 0.159375 0.043750
1 0.489844 0.938542 0.176563 0.122917
1 0.657031 0.841667 0.204688 0.254167
1 0.025000 0.591667 0.050000 0.216667
1 0.899219 0.712500 0.167187 0.245833
1 0.980469 0.608333 0.039062 0.212500
1 0.106250 0.935417 0.159375 0.129167
1 0.067188 0.109375 0.131250 0.189583
1 0.791406 0.252083 0.148438 0.233333
1 0.439844 0.066667 0.179688 0.133333
1 0.245312 0.727083 0.159375 0.266667
2 0.383594 0.445833 0.064062 0.083333
2 0.828125 0.931250 0.062500 0.083333
1 0.105469 0.751042 0.148438 0.210417
1 0.716406 0.437500 0.189063 0.225000
1 0.587500 0.295833 0.181250 0.241667
0 0.436719 0.704167 0.257812 0.350000
2 0.885938 0.306250 0.078125 0.108333
1 0.264844 0.333333 0.164062 0.225000
1 0.579688 0.021875 0.159375 0.043750
1 0.489844 0.938542 0.176563 0.122917
1 0.657031 0.841667 0.204688 0.254167
1 0.025000 0.591667 0.050000 0.216667
1 0.899219 0.712500 0.167187 0.245833
1 0.980469 0.608333 0.039062 0.212500
1 0.106250 0.935417 0.159375 0.129167
1 0.067188 0.109375 0.131250 0.189583
1 0.791406 0.252083 0.148438 0.233333
1 0.439844 0.066667 0.179688 0.133333
1 0.245312 0.727083 0.159375 0.266667
2 0.383594 0.445833 0.064062 0.083333
2 0.828125 0.931250 0.062500 0.083333
1 0.105469 0.751042 0.148438 0.210417
1 0.716406 0.437500 0.189063 0.225000
1 0.587500 0.295833 0.181250 0.241667
0 0.436719 0.704167 0.257812 0.350000
2 0.885938 0.306250 0.078125 0.108333
1 0.264844 0.333333 0.164062 0.225000
1 0.579688 0.021875 0.159375 0.043750
1 0.489844 0.938542 0.176563 0.122917
1 0.657031 0.841667 0.204688 0.254167
1 0.025000 0.591667 0.050000 0.216667
1 0.899219 0.712500 0.167187 0.245833
1 0.980469 0.608333 0.039062 0.212500
1 0.106250 0.935417 0.159375 0.129167
1 0.067188 0.109375 0.131250 0.189583
1 0.791406 0.252083 0.148438 0.233333
1 0.439844 0.066667 0.179688 0.133333
1 0.245312 0.727083 0.159375 0.266667
2 0.383594 0.445833 0.064062 0.083333
2 0.828125 0.931250 0.062500 0.083333
1 0.105469 0.751042 0.148438 0.210417
1 0.716406 0.437500 0.189063 0.225000
1 0.587500 0.295833 0.181250 0.241667
0 0.436719 0.704167 0.257812 0.350000
2 0.885938 0.306250 0.078125 0.108333
1 0.264844 0.333333 0.164062 0.225000
1 0.579688 0.021875 0.159375 0.043750
1 0.489844 0.938542 0.176563 0.122917
1 0.657031 0.841667 0.204688 0.254167
1 0.025000 0.591667 0.050000 0.216667
1 0.899219 0.712500 0.167187 0.245833
1 0.980469 0.608333 0.039062 0.212500
1 0.106250 0.935417 0.159375 0.129167
1 0.067188 0.109375 0.131250 0.189583
1 0.791406 0.252083 0.148438 0.233333
1 0.439844 0.066667 0.179688 0.133333
1 0.245312 0.727083 0.159375 0.266667
2 0.383594 0.445833 0.064062 0.083333
2 0.828125 0.931250 0.062500 0.083333
1 0.105469 0.751042 0.148438 0.210417
1 0.716406 0.437500 0.189063 0.225000
1 0.587500 0.295833 0.181250 0.241667
0 0.436719 0.704167 0.257812 0.350000
2 0.885938 0.306250 0.078125 0.108333
1 0.264844 0.333333 0.164062 0.225000
1 0.579688 0.021875 0.159375 0.043750
1 0.489844 0.938542 0.176563 0.122917
1 0.657031 0.841667 0.204688 0.254167
1 0.025000 0.591667 0.050000 0.216667
1 0.899219 0.712500 0.167187 0.245833
1 0.980469 0.608333 0.039062 0.212500
1 0.106250 0.935417 0.159375 0.129167
1 0.067188 0.109375 0.131250 0.189583
1 0.791406 0.252083 0.148438 0.233333
1 0.439844 0.066667 0.179688 0.133333
1 0.245312 0.727083 0.159375 0.266667
2 0.383594 0.445833 0.064062 0.083333
2 0.828125 0.931250 0.062500 0.083333
1 0.105469 0.751042 0.148438 0.210417
1 0.716406 0.437500 0.189063 0.225000
1 0.587500 0.295833 0.181250 0.241667
0 0.436719 0.704167 0.257812 0.350000
2 0.885938 0.306250 0.078125 0.108333
1 0.264844 0.333333 0.164062 0.225000
1 0.579688 0.021875 0.159375 0.043750
1 0.489844 0.938542 0.176563 0.122917
1 0.657031 0.841667 0.204688 0.254167
1 0.025000 0.591667 0.050000 0.216667
1 0.899219 0.712500 0.167187 0.245833
1 0.980469 0.608333 0.039062 0.212500
1 0.106250 0.935417 0.159375 0.129167
1 0.067188 0.109375 0.131250 0.189583
1 0.791406 0.252083 0.148438 0.233333
1 0.439844 0.066667 0.179688 0.133333
1 0.245312 0.727083 0.159375 0.266667
2 0.383594 0.445833 0.064062 0.083333
2 0.828125 0.931250 0.062500 0.083333
1 0.105469 0.751042 0.148438 0.210417
1 0.716406 0.437500 0.189063 0.225000
1 0.587500 0.295833 0.181250 0.241667
0 0.436719 0.704167 0.257812 0.350000
2 0.885938 0.306250 0.078125 0.108333
1 0.264844 0.333333 0.164062 0.225000
1 0.579688 0.021875 0.159375 0.043750
1 0.489844 0.938542 0.176563 0.122917
1 0.657031 0.841667 0.204688 0.254167
1 0.025000 0.591667 0.050000 0.216667
1 0.899219 0.712500 0.167187 0.245833
1 0.980469 0.608333 0.039062 0.212500
1 0.106250 0.935417 0.159375 0.129167
1 0.067188 0.109375 0.131250 0.189583
1 0.791406 0.252083 0.148438 0.233333
1 0.439844 0.066667 0.179688 0.133333
1 0.245312 0.727083 0.159375 0.266667
2 0.383594 0.445833 0.064062 0.083333
2 0.828125 0.931250 0.062500 0.083333
1 0.105469 0.751042 0.148438 0.210417
1 0.716406 0.437500 0.189063 0.225000
1 0.587500 0.295833 0.181250 0.241667
0 0.436719 0.704167 0.257812 0.350000
2 0.885938 0.306250 0.078125 0.108333
1 0.264844 0.333333 0.164062 0.225000
1 0.579688 0.021875 0.159375 0.043750
1 0.489844 0.938542 0.176563 0.122917
1 0.657031 0.841667 0.204688 0.254167
1 0.025000 0.591667 0.050000 0.216667
1 0.899219 0.712500 0.167187 0.245833
1 0.980469 0.608333 0.039062 0.212500
1 0.106250 0.935417 0.159375 0.129167
1 0.067188 0.109375 0.131250 0.189583
1 0.791406 0.252083 0.148438 0.233333
1 0.439844 0.066667 0.179688 0.133333
1 0.245312 0.727083 0.159375 0.266667
2 0.383594 0.445833 0.064062 0.083333
2 0.828125 0.931250 0.062500 0.083333
1 0.105469 0.751042 0.148438 0.210417
1 0.716406 0.437500 0.189063 0.225000
1 0.587500 0.295833 0.181250 0.241667
0 0.436719 0.704167 0.257812 0.350000
2 0.885938 0.306250 0.078125 0.108333
1 0.264844 0.333333 0.164062 0.225000
1 0.579688 0.021875 0.159375 0.043750
1 0.489844 0.938542 0.176563 0.122917
1 0.657031 0.841667 0.204688 0.254167
1 0.025000 0.591667 0.050000 0.216667
1 0.899219 0.712500 0.167187 0.245833
1 0.980469 0.608333 0.039062 0.212500
1 0.106250 0.935417 0.159375 0.129167
1 0.067188 0.109375 0.131250 0.189583
1 0.791406 0.252083 0.148438 0.233333
1 0.439844 0.066667 0.179688 0.133333
1 0.245312 0.727083 0.159375 0.266667
2 0.383594 0.445833 0.064062 0.083333
2 0.828125 0.931250 0.062500 0.083333
1 0.105469 0.751042 0.148438 0.210417
1 0.716406 0.437500 0.189063 0.225000
1 0.587500 0.295833 0.181250 0.241667
0 0.436719 0.704167 0.257812 0.350000
