1 0.961719 0.279167 0.076563 0.191667
1 0.016406 0.682292 0.032813 0.202083
1 0.342187 0.960417 0.125000 0.079167
1 0.161719 0.019792 0.164062 0.039583
1 0.074219 0.902083 0.148438 0.195833
1 0.450781 0.323958 0.195312 0.247917
1 0.733594 0.926042 0.164062 0.143750
1 0.958594 0.132292 0.082813 0.231250
1 0.134375 0.187500 0.125000 0.175000
1 0.728125 0.722917 0.165625 0.216667
1 0.893750 0.665625 0.184375 0.231250
1 0.859375 0.883333 0.162500 0.212500
1 0.217188 0.891667 0.134375 0.204167
1 0.266406 0.711458 0.154688 0.189583
1 0.682031 0.419792 0.179688 0.293750
0 0.495313 0.803125 0.384375 0.393750
1 0.302344 0.168750 0.185938 0.187500
1 0.509375 0.167708 0.165625 0.197917
1 0.139844 0.556250 0.132812 0.170833
1 0.961719 0.279167 0.076563 0.191667
1 0.016406 0.682292 0.032813 0.202083
1 0.342187 0.960417 0.125000 0.079167
1 0.161719 0.019792 0.164062 0.039583
1 0.074219 0.902083 0.148438 0.195833
1 0.450781 0.323958 0.195312 0.247917
1 0.733594 0.926042 0.164062 0.143750
1 0.958594 0.132292 0.082813 0.231250
1 0.134375 0.187500 0.125000 0.175000
1 0.728125 0.722917 0.165625 0.216667
1 0.893750 0.665625 0.184375 0.231250
1 0.859375 0.883333 0.162500 0.212500
1 0.217188 0.891667 0.134375 0.204167
1 0.266406 0.711458 0.154688 0.189583
1 0.682031 0.419792 0.179688 0.293750
0 0.495313 0.803125 0.384375 0.393750
1 0.302344 0.168750 0.185938 0.187500
1 0.509375 0.167708 0.165625 0.197917
1 0.139844 0.556250 0.132812 0.170833
1 0.961719 0.279167 0.076563 0.191667
1 0.016406 0.682292 0.032813 0.202083
1 0.342187 0.960417 0.125000 0.079167
1 0.161719 0.019792 0.164062 0.039583
1 0.074219 0.902083 0.148438 0.195833
1 0.450781 0.323958 0.195312 0.247917
1 0.733594 0.926042 0.164062 0.143750
1 0.958594 0.132292 0.082813 0.231250
1 0.134375 0.187500 0.125000 0.175000
1 0.728125 0.722917 0.165625 0.216667
1 0.893750 0.665625 0.184375 0.231250
1 0.859375 0.883333 0.162500 0.212500
1 0.217188 0.891667 0.134375 0.204167
1 0.266406 0.711458 0.154688 0.189583
1 0.682031 0.419792 0.179688 0.293750
0 0.495313 0.803125 0.384375 0.393750
1 0.302344 0.168750 0.185938 0.187500
1 0.509375 0.167708 0.165625 0.197917
1 0.139844 0.556250 0.132812 0.170833
1 0.961719 0.279167 0.076563 0.191667
1 0.016406 0.682292 0.032813 0.202083
1 0.342187 0.960417 0.125000 0.079167
1 0.161719 0.019792 0.164062 0.039583
1 0.074219 0.902083 0.148438 0.195833
1 0.450781 0.323958 0.195312 0.247917
1 0.733594 0.926042 0.164062 0.143750
1 0.958594 0.132292 0.082813 0.231250
1 0.134375 0.187500 0.125000 0.175000
1 0.728125 0.722917 0.165625 0.216667
1 0.893750 0.665625 0.184375 0.231250
1 0.859375 0.883333 0.162500 0.212500
1 0.217188 0.891667 0.134375 0.204167
1 0.266406 0.711458 0.154688 0.189583
1 0.682031 0.419792 0.179688 0.293750
0 0.495313 0.803125 0.384375 0.393750
1 0.302344 0.168750 0.185938 0.187500
1 0.509375 0.167708 0.165625 0.197917
1 0.139844 0.556250 0.132812 0.170833
1 0.961719 0.279167 0.076563 0.191667
1 0.016406 0.682292 0.032813 0.202083
1 0.342187 0.960417 0.125000 0.079167
1 0.161719 0.019792 0.164062 0.039583
1 0.074219 0.902083 0.148438 0.195833
1 0.450781 0.323958 0.195312 0.247917
1 0.733594 0.926042 0.164062 0.143750
1 0.958594 0.132292 0.082813 0.231250
1 0.134375 0.187500 0.125000 0.175000
1 0.728125 0.722917 0.165625 0.216667
1 0.893750 0.665625 0.184375 0.231250
1 0.859375 0.883333 0.162500 0.212500
1 0.217188 0.891667 0.134375 0.204167
1 0.266406 0.711458 0.154688 0.189583
1 0.682031 0.419792 0.179688 0.293750
0 0.495313 0.803125 0.384375 0.393750
1 0.302344 0.168750 0.185938 0.187500
1 0.509375 0.167708 0.165625 0.197917
1 0.139844 0.556250 0.132812 0.170833
1 0.961719 0.279167 0.076563 0.191667
1 0.016406 0.682292 0.032813 0.202083
1 0.342187 0.960417 0.125000 0.079167
1 0.161719 0.019792 0.164062 0.039583
1 0.074219 0.902083 0.148438 0.195833
1 0.450781 0.323958 0.195312 0.247917
1 0.733594 0.926042 0.164062 0.143750
1 0.958594 0.132292 0.082813 0.231250
1 0.134375 0.187500 0.125000 0.175000
1 0.728125 0.722917 0.165625 0.216667
1 0.893750 0.665625 0.184375 0.231250
1 0.859375 0.883333 0.162500 0.212500
1 0.217188 0.891667 0.134375 0.204167
1 0.266406 0.711458 0.154688 0.189583
1 0.682031 0.419792 0.179688 0.293750
0 0.495313 0.803125 0.384375 0.393750
1 0.302344 0.168750 0.185938 0.187500
1 0.509375 0.167708 0.165625 0.197917
1 0.139844 0.556250 0.132812 0.170833
1 0.961719 0.279167 0.076563 0.191667
1 0.016406 0.682292 0.032813 0.202083
1 0.342187 0.960417 0.125000 0.079167
1 0.161719 0.019792 0.164062 0.039583
1 0.074219 0.902083 0.148438 0.195833
1 0.450781 0.323958 0.195312 0.247917
1 0.733594 0.926042 0.164062 0.143750
1 0.958594 0.132292 0.082813 0.231250
1 0.134375 0.187500 0.125000 0.175000
1 0.728125 0.722917 0.165625 0.216667
1 0.893750 0.665625 0.184375 0.231250
1 0.859375 0.883333 0.162500 0.212500
1 0.217188 0.891667 0.134375 0.204167
1 0.266406 0.711458 0.154688 0.189583
1 0.682031 0.419792 0.179688 0.293750
0 0.495313 0.803125 0.384375 0.393750
1 0.302344 0.168750 0.185938 0.187500
1 0.509375 0.167708 0.165625 0.197917
1 0.139844 0.556250 0.132812 0.170833
1 0.961719 0.279167 0.076563 0.191667
1 0.016406 0.682292 0.032813 0.202083
1 0.342187 0.960417 0.125000 0.079167
1 0.161719 0.019792 0.164062 0.039583
1 0.074219 0.902083 0.148438 0.195833
1 0.450781 0.323958 0.195312 0.247917
1 0.733594 0.926042 0.164062 0.143750
1 0.958594 0.132292 0.082813 0.231250
1 0.134375 0.187500 0.125000 0.175000
1 0.728125 0.722917 0.165625 0.216667
1 0.893750 0.665625 0.184375 0.231250
1 0.859375 0.883333 0.162500 0.212500
1 0.217188 0.891667 0.134375 0.204167
1 0.266406 0.711458 0.154688 0.189583
1 0.682031 0.419792 0.179688 0.293750
0 0.495313 0.803125 0.384375 0.393750
1 0.302344 0.168750 0.185938 0.187500
1 0.509375 0.167708 0.165625 0.197917
1 0.139844 0.556250 0.132812 0.170833
1 0.961719 0.279167 0.076563 0.191667
1 0.016406 0.682292 0.032813 0.202083
1 0.342187 0.960417 0.125000 0.079167
1 0.161719 0.019792 0.164062 0.039583
1 0.074219 0.902083 0.148438 0.195833
1 0.450781 0.323958 0.195312 0.247917
1 0.733594 0.926042 0.164062 0.143750
1 0.958594 0.132292 0.082813 0.231250
1 0.134375 0.187500 0.125000 0.175000
1 0.728125 0.722917 0.165625 0.216667
1 0.893750 0.665625 0.184375 0.231250
1 0.859375 0.883333 0.162500 0.212500
1 0.217188 0.891667 0.134375 0.204167
1 0.266406 0.711458 0.154688 0.189583
1 0.682031 0.419792 0.179688 0.293750
0 0.495313 0.803125 0.384375 0.393750
1 0.302344 0.168750 0.185938 0.187500
1 0.509375 0.167708 0.165625 0.197917
1 0.139844 0.556250 0.132812 0.170833
1 0.961719 0.279167 0.076563 0.191667
1 0.016406 0.682292 0.032813 0.202083
1 0.342187 0.960417 0.125000 0.079167
1 0.161719 0.019792 0.164062 0.039583
1 0.074219 0.902083 0.148438 0.195833
1 0.450781 0.323958 0.195312 0.247917
1 0.733594 0.926042 0.164062 0.143750
1 0.958594 0.132292 0.082813 0.231250
1 0.134375 0.187500 0.125000 0.175000
1 0.728125 0.722917 0.165625 0.216667
1 0.893750 0.665625 0.184375 0.231250
1 0.859375 0.883333 0.162500 0.212500
1 0.217188 0.891667 0.134375 0.204167
1 0.266406 0.711458 0.154688 0.189583
1 0.682031 0.419792 0.179688 0.293750
0 0.495313 0.803125 0.384375 0.393750
1 0.302344 0.168750 0.185938 0.187500
1 0.509375 0.167708 0.165625 0.197917
1 0.139844 0.556250 0.132812 0.170833
1 0.961719 0.279167 0.076563 0.191667
1 0.016406 0.682292 0.032813 0.202083
1 0.342187 0.960417 0.125000 0.079167
1 0.161719 0.019792 0.164062 0.039583
1 0.074219 0.902083 0.148438 0.195833
1 0.450781 0.323958 0.195312 0.247917
1 0.733594 0.926042 0.164062 0.143750
1 0.958594 0.132292 0.082813 0.231250
1 0.134375 0.187500 0.125000 0.175000
1 0.728125 0.722917 0.165625 0.216667
1 0.893750 0.665625 0.184375 0.231250
1 0.859375 0.883333 0.162500 0.212500
1 0.217188 0.891667 0.134375 0.204167
1 0.266406 0.711458 0.154688 0.189583
1 0.682031 0.419792 0.179688 0.293750
0 0.495313 0.803125 0.384375 0.393750
1 0.302344 0.168750 0.185938 0.187500
1 0.509375 0.167708 0.165625 0.197917
1 0.139844 0.556250 0.132812 0.170833
1 0.961719 0.279167 0.076563 0.191667
1 0.016406 0.682292 0.032813 0.202083
1 0.342187 0.960417 0.125000 0.079167
1 0.161719 0.019792 0.164062 0.039583
1 0.074219 0.902083 0.148438 0.195833
1 0.450781 0.323958 0.195312 0.247917
1 0.733594 0.926042 0.164062 0.143750
1 0.958594 0.132292 0.082813 0.231250
1 0.134375 0.187500 0.125000 0.175000
1 0.728125 0.722917 0.165625 0.216667
1 0.893750 0.665625 0.184375 0.231250
1 0.859375 0.883333 0.162500 0.212500
1 0.217188 0.891667 0.134375 0.204167
1 0.266406 0.711458 0.154688 0.189583
1 0.682031 0.419792 0.179688 0.293750
0 0.495313 0.803125 0.384375 0.393750
1 0.302344 0.168750 0.185938 0.187500
1 0.509375 0.167708 0.165625 0.197917
1 0.139844 0.556250 0.132812 0.170833
1 0.961719 0.279167 0.076563 0.191667
1 0.016406 0.682292 0.032813 0.202083
1 0.342187 0.960417 0.125000 0.079167
1 0.161719 0.019792 0.164062 0.039583
1 0.074219 0.902083 0.148438 0.195833
1 0.450781 0.323958 0.195312 0.247917
1 0.733594 0.926042 0.164062 0.143750
1 0.958594 0.132292 0.082813 0.231250
1 0.134375 0.187500 0.125000 0.175000
1 0.728125 0.722917 0.165625 0.216667
1 0.893750 0.665625 0.184375 0.231250
1 0.859375 0.883333 0.162500 0.212500
1 0.217188 0.891667 0.134375 0.204167
1 0.266406 0.711458 0.154688 0.189583
1 0.682031 0.419792 0.179688 0.293750
0 0.495313 0.803125 0.384375 0.393750
1 0.302344 0.168750 0.185938 0.187500
1 0.509375 0.167708 0.165625 0.197917
1 0.139844 0.556250 0.132812 0.170833
1 0.961719 0.279167 0.076563 0.191667
1 0.016406 0.682292 0.032813 0.202083
1 0.342187 0.960417 0.125000 0.079167
1 0.161719 0.019792 0.164062 0.039583
1 0.074219 0.902083 0.148438 0.195833
1 0.450781 0.323958 0.195312 0.247917
1 0.733594 0.926042 0.164062 0.143750
1 0.958594 0.132292 0.082813 0.231250
1 0.134375 0.187500 0.125000 0.175000
1 0.728125 0.722917 0.165625 0.216667
1 0.893750 0.665625 0.184375 0.231250
1 0.859375 0.883333 0.162500 0.212500
1 0.217188 0.891667 0.134375 0.204167
1 0.266406 0.711458 0.154688 0.189583
1 0.682031 0.419792 0.179688 0.293750
0 0.495313 0.803125 0.384375 0.393750
1 0.302344 0.168750 0.185938 0.187500
1 0.509375 0.167708 0.165625 0.197917
1 0.139844 0.556250 0.132812 0.170833
1 0.961719 0.279167 0.076563 0.191667
1 0.016406 0.682292 0.032813 0.202083
1 0.342187 0.960417 0.125000 0.079167
1 0.161719 0.019792 0.164062 0.039583
1 0.074219 0.902083 0.148438 0.195833
1 0.450781 0.323958 0.195312 0.247917
1 0.733594 0.926042 0.164062 0.143750
1 0.958594 0.132292 0.082813 0.231250
1 0.134375 0.187500 0.125000 0.175000
1 0.728125 0.722917 0.165625 0.216667
1 0.893750 0.665625 0.184375 0.231250
1 0.859375 0.883333 0.162500 0.212500
1 0.217188 0.891667 0.134375 0.204167
1 0.266406 0.711458 0.154688 0.189583
1 0.682031 0.419792 0.179688 0.293750
0 0.495313 0.803125 0.384375 0.393750
1 0.302344 0.168750 0.185938 0.187500
1 0.509375 0.167708 0.165625 0.197917
1 0.139844 0.556250 0.132812 0.170833
1 0.961719 0.279167 0.076563 0.191667
1 0.016406 0.682292 0.032813 0.202083
1 0.342187 0.960417 0.125000 0.079167
1 0.161719 0.019792 0.164062 0.039583
1 0.074219 0.902083 0.148438 0.195833
1 0.450781 0.323958 0.195312 0.247917
1 0.733594 0.926042 0.164062 0.143750
1 0.958594 0.132292 0.082813 0.231250
1 0.134375 0.187500 0.125000 0.175000
1 0.728125 0.722917 0.165625 0.216667
1 0.893750 0.665625 0.184375 0.231250
1 0.859375 0.883333 0.162500 0.212500
1 0.217188 0.891667 0.134375 0.204167
1 0.266406 0.711458 0.154688 0.189583
1 0.682031 0.419792 0.179688 0.293750
0 0.495313 0.803125 0.384375 0.393750
1 0.302344 0.168750 0.185938 0.187500
1 0.509375 0.167708 0.165625 0.197917
1 0.139844 0.556250 0.132812 0.170833
1 0.961719 0.279167 0.076563 0.191667
1 0.016406 0.682292 0.032813 0.202083
1 0.342187 0.960417 0.125000 0.079167
1 0.161719 0.019792 0.164062 0.039583
1 0.074219 0.902083 0.148438 0.195833
1 0.450781 0.323958 0.195312 0.247917
1 0.733594 0.926042 0.164062 0.143750
1 0.958594 0.132292 0.082813 0.231250
1 0.134375 0.187500 0.125000 0.175000
1 0.728125 0.722917 0.165625 0.216667
1 0.893750 0.665625 0.184375 0.231250
1 0.859375 0.883333 0.162500 0.212500
1 0.217188 0.891667 0.134375 0.204167
1 0.266406 0.711458 0.154688 0.189583
1 0.682031 0.419792 0.179688 0.293750
0 0.495313 0.803125 0.384375 0.393750
1 0.302344 0.168750 0.185938 0.187500
1 0.509375 0.167708 0.165625 0.197917
1 0.139844 0.556250 0.132812 0.170833
1 0.961719 0.279167 0.076563 0.191667
1 0.016406 0.682292 0.032813 0.202083
1 0.342187 0.960417 0.125000 0.079167
1 0.161719 0.019792 0.164062 0.039583
1 0.074219 0.902083 0.148438 0.195833
1 0.450781 0.323958 0.195312 0.247917
1 0.733594 0.926042 0.164062 0.143750
1 0.958594 0.132292 0.082813 0.231250
1 0.134375 0.187500 0.125000 0.175000
1 0.728125 0.722917 0.165625 0.216667
1 0.893750 0.665625 0.184375 0.231250
1 0.859375 0.883333 0.162500 0.212500
1 0.217188 0.891667 0.134375 0.204167
1 0.266406 0.711458 0.154688 0.189583
1 0.682031 0.419792 0.179688 0.293750
0 0.495313 0.803125 0.384375 0.393750
1 0.302344 0.168750 0.185938 0.187500
1 0.509375 0.167708 0.165625 0.197917
1 0.139844 0.556250 0.132812 0.170833
1 0.961719 0.279167 0.076563 0.191667
1 0.016406 0.682292 0.032813 0.202083
1 0.342187 0.960417 0.125000 0.079167
1 0.161719 0.019792 0.164062 0.039583
1 0.074219 0.902083 0.148438 0.195833
1 0.450781 0.323958 0.195312 0.247917
1 0.733594 0.926042 0.164062 0.143750
1 0.958594 0.132292 0.082813 0.231250
1 0.134375 0.187500 0.125000 0.175000
1 0.728125 0.722917 0.165625 0.216667
1 0.893750 0.665625 0.184375 0.231250
1 0.859375 0.883333 0.162500 0.212500
1 0.217188 0.891667 0.134375 0.204167
1 0.266406 0.711458 0.154688 0.189583
1 0.682031 0.419792 0.179688 0.293750
0 0.495313 0.803125 0.384375 0.393750
1 0.302344 0.168750 0.185938 0.187500
1 0.509375 0.167708 0.165625 0.197917
1 0.139844 0.556250 0.132812 0.170833
