1 0.953125 0.045833 0.093750 0.091667
1 0.446094 0.034375 0.160938 0.068750
1 0.041406 0.231250 0.082813 0.208333
1 0.029687 0.594792 0.059375 0.210417
1 0.028125 0.803125 0.056250 0.227083
1 0.048438 0.106250 0.096875 0.191667
2 0.902344 0.740625 0.051562 0.072917
1 0.612500 0.365625 0.184375 0.210417
1 0.723437 0.069792 0.175000 0.139583
1 0.740625 0.251042 0.168750 0.189583
1 0.281250 0.912500 0.156250 0.170833
1 0.907813 0.928125 0.171875 0.143750
1 0.408594 0.212500 0.157813 0.183333
1 0.536719 0.084375 0.170313 0.168750
1 0.906250 0.594792 0.165625 0.193750
0 0.574219 0.640625 0.342187 0.460417
1 0.439844 0.893750 0.198437 0.212500
1 0.145313 0.629167 0.162500 0.229167
1 0.306250 0.684375 0.159375 0.206250
1 0.791406 0.773958 0.173438 0.227083
1 0.165625 0.248958 0.159375 0.218750
1 0.385156 0.409375 0.160938 0.218750
1 0.953125 0.045833 0.093750 0.091667
1 0.446094 0.034375 0.160938 0.068750
1 0.041406 0.231250 0.082813 0.208333
1 0.029687 0.594792 0.059375 0.210417
1 0.028125 0.803125 0.056250 0.227083
1 0.048438 0.106250 0.096875 0.191667
2 0.902344 0.740625 0.051562 0.072917
1 0.612500 0.365625 0.184375 0.210417
1 0.723437 0.069792 0.175000 0.139583
1 0.740625 0.251042 0.168750 0.189583
1 0.281250 0.912500 0.156250 0.170833
1 0.907813 0.928125 0.171875 0.143750
1 0.408594 0.212500 0.157813 0.183333
1 0.536719 0.084375 0.170313 0.168750
1 0.906250 0.594792 0.165625 0.193750
0 0.574219 0.640625 0.342187 0.460417
1 0.439844 0.893750 0.198437 0.212500
1 0.145313 0.629167 0.162500 0.229167
1 0.306250 0.684375 0.159375 0.206250
1 0.791406 0.773958 0.173438 0.227083
1 0.165625 0.248958 0.159375 0.218750
1 0.385156 0.409375 0.160938 0.218750
1 0.953125 0.045833 0.093750 0.091667
1 0.446094 0.034375 0.160938 0.068750
1 0.041406 0.231250 0.082813 0.208333
1 0.029687 0.594792 0.059375 0.210417
1 0.028125 0.803125 0.056250 0.227083
1 0.048438 0.106250 0.096875 0.191667
2 0.902344 0.740625 0.051562 0.072917
1 0.612500 0.365625 0.184375 0.210417
1 0.723437 0.069792 0.175000 0.139583
1 0.740625 0.251042 0.168750 0.189583
1 0.281250 0.912500 0.156250 0.170833
1 0.907813 0.928125 0.171875 0.143750
1 0.408594 0.212500 0.157813 0.183333
1 0.536719 0.084375 0.170313 0.168750
1 0.906250 0.594792 0.165625 0.193750
0 0.574219 0.640625 0.342187 0.460417
1 0.439844 0.893750 0.198437 0.212500
1 0.145313 0.629167 0.162500 0.229167
1 0.306250 0.684375 0.159375 0.206250
1 0.791406 0.773958 0.173438 0.227083
1 0.165625 0.248958 0.159375 0.218750
1 0.385156 0.409375 0.160938 0.218750
1 0.953125 0.045833 0.093750 0.091667
1 0.446094 0.034375 0.160938 0.068750
1 0.041406 0.231250 0.082813 0.208333
1 0.029687 0.594792 0.059375 0.210417
1 0.028125 0.803125 0.056250 0.227083
1 0.048438 0.106250 0.096875 0.191667
2 0.902344 0.740625 0.051562 0.072917
1 0.612500 0.365625 0.184375 0.210417
1 0.723437 0.069792 0.175000 0.139583
1 0.740625 0.251042 0.168750 0.189583
1 0.281250 0.912500 0.156250 0.170833
1 0.907813 0.928125 0.171875 0.143750
1 0.408594 0.212500 0.157813 0.183333
1 0.536719 0.084375 0.170313 0.168750
1 0.906250 0.594792 0.165625 0.193750
0 0.574219 0.640625 0.342187 0.460417
1 0.439844 0.893750 0.198437 0.212500
1 0.145313 0.629167 0.162500 0.229167
1 0.306250 0.684375 0.159375 0.206250
1 0.791406 0.773958 0.173438 0.227083
1 0.165625 0.248958 0.159375 0.218750
1 0.385156 0.409375 0.160938 0.218750
1 0.953125 0.045833 0.093750 0.091667
1 0.446094 0.034375 0.160938 0.068750
1 0.041406 0.231250 0.082813 0.208333
1 0.029687 0.594792 0.059375 0.210417
1 0.028125 0.803125 0.056250 0.227083
1 0.048438 0.106250 0.096875 0.191667
2 0.902344 0.740625 0.051562 0.072917
1 0.612500 0.365625 0.184375 0.210417
1 0.723437 0.069792 0.175000 0.139583
1 0.740625 0.251042 0.168750 0.189583
1 0.281250 0.912500 0.156250 0.170833
1 0.907813 0.928125 0.171875 0.143750
1 0.408594 0.212500 0.157813 0.183333
1 0.536719 0.084375 0.170313 0.168750
1 0.906250 0.594792 0.165625 0.193750
0 0.574219 0.640625 0.342187 0.460417
1 0.439844 0.893750 0.198437 0.212500
1 0.145313 0.629167 0.162500 0.229167
1 0.306250 0.684375 0.159375 0.206250
1 0.791406 0.773958 0.173438 0.227083
1 0.165625 0.248958 0.159375 0.218750
1 0.385156 0.409375 0.160938 0.218750
1 0.953125 0.045833 0.093750 0.091667
1 0.446094 0.034375 0.160938 0.068750
1 0.041406 0.231250 0.082813 0.208333
1 0.029687 0.594792 0.059375 0.210417
1 0.028125 0.803125 0.056250 0.227083
1 0.048438 0.106250 0.096875 0.191667
2 0.902344 0.740625 0.051562 0.072917
1 0.612500 0.365625 0.184375 0.210417
1 0.723437 0.069792 0.175000 0.139583
1 0.740625 0.251042 0.168750 0.189583
1 0.281250 0.912500 0.156250 0.170833
1 0.907813 0.928125 0.171875 0.143750
1 0.408594 0.212500 0.157813 0.183333
1 0.536719 0.084375 0.170313 0.168750
1 0.906250 0.594792 0.165625 0.193750
0 0.574219 0.640625 0.342187 0.460417
1 0.439844 0.893750 0.198437 0.212500
1 0.145313 0.629167 0.162500 0.229167
1 0.306250 0.684375 0.159375 0.206250
1 0.791406 0.773958 0.173438 0.227083
1 0.165625 0.248958 0.159375 0.218750
1 0.385156 0.409375 0.160938 0.218750
1 0.953125 0.045833 0.093750 0.091667
1 0.446094 0.034375 0.160938 0.068750
1 0.041406 0.231250 0.082813 0.208333
1 0.029687 0.594792 0.059375 0.210417
1 0.028125 0.803125 0.056250 0.227083
1 0.048438 0.106250 0.096875 0.191667
2 0.902344 0.740625 0.051562 0.072917
1 0.612500 0.365625 0.184375 0.210417
1 0.723437 0.069792 0.175000 0.139583
1 0.740625 0.251042 0.168750 0.189583
1 0.281250 0.912500 0.156250 0.170833
1 0.907813 0.928125 0.171875 0.143750
1 0.408594 0.212500 0.157813 0.183333
1 0.536719 0.084375 0.170313 0.168750
1 0.906250 0.594792 0.165625 0.193750
0 0.574219 0.640625 0.342187 0.460417
1 0.439844 0.893750 0.198437 0.212500
1 0.145313 0.629167 0.162500 0.229167
1 0.306250 0.684375 0.159375 0.206250
1 0.791406 0.773958 0.173438 0.227083
1 0.165625 0.248958 0.159375 0.218750
1 0.385156 0.409375 0.160938 0.218750
1 0.953125 0.045833 0.093750 0.091667
1 0.446094 0.034375 0.160938 0.068750
1 0.041406 0.231250 0.082813 0.208333
1 0.029687 0.594792 0.059375 0.210417
1 0.028125 0.803125 0.056250 0.227083
1 0.048438 0.106250 0.096875 0.191667
2 0.902344 0.740625 0.051562 0.072917
1 0.612500 0.365625 0.184375 0.210417
1 0.723437 0.069792 0.175000 0.139583
1 0.740625 0.251042 0.168750 0.189583
1 0.281250 0.912500 0.156250 0.170833
1 0.907813 0.928125 0.171875 0.143750
1 0.408594 0.212500 0.157813 0.183333
1 0.536719 0.084375 0.170313 0.168750
1 0.906250 0.594792 0.165625 0.193750
0 0.574219 0.640625 0.342187 0.460417
1 0.439844 0.893750 0.198437 0.212500
1 0.145313 0.629167 0.162500 0.229167
1 0.306250 0.684375 0.159375 0.206250
1 0.791406 0.773958 0.173438 0.227083
1 0.165625 0.248958 0.159375 0.218750
1 0.385156 0.409375 0.160938 0.218750
1 0.953125 0.045833 0.093750 0.091667
1 0.446094 0.034375 0.160938 0.068750
1 0.041406 0.231250 0.082813 0.208333
1 0.029687 0.594792 0.059375 0.210417
1 0.028125 0.803125 0.056250 0.227083
1 0.048438 0.106250 0.096875 0.191667
2 0.902344 0.740625 0.051562 0.072917
1 0.612500 0.365625 0.184375 0.210417
1 0.723437 0.069792 0.175000 0.139583
1 0.740625 0.251042 0.168750 0.189583
1 0.281250 0.912500 0.156250 0.170833
1 0.907813 0.928125 0.171875 0.143750
1 0.408594 0.212500 0.157813 0.183333
1 0.536719 0.084375 0.170313 0.168750
1 0.906250 0.594792 0.165625 0.193750
0 0.574219 0.640625 0.342187 0.460417
1 0.439844 0.893750 0.198437 0.212500
1 0.145313 0.629167 0.162500 0.229167
1 0.306250 0.684375 0.159375 0.206250
1 0.791406 0.773958 0.173438 0.227083
1 0.165625 0.248958 0.159375 0.218750
1 0.385156 0.409375 0.160938 0.218750
1 0.953125 0.045833 0.093750 0.091667
1 0.446094 0.034375 0.160938 0.068750
1 0.041406 0.231250 0.082813 0.208333
1 0.029687 0.594792 0.059375 0.210417
1 0.028125 0.803125 0.056250 0.227083
1 0.048438 0.106250 0.096875 0.191667
2 0.902344 0.740625 0.051562 0.072917
1 0.612500 0.365625 0.184375 0.210417
1 0.723437 0.069792 0.175000 0.139583
1 0.740625 0.251042 0.168750 0.189583
1 0.281250 0.912500 0.156250 0.170833
1 0.907813 0.928125 0.171875 0.143750
1 0.408594 0.212500 0.157813 0.183333
1 0.536719 0.084375 0.170313 0.168750
1 0.906250 0.594792 0.165625 0.193750
0 0.574219 0.640625 0.342187 0.460417
1 0.439844 0.893750 0.198437 0.212500
1 0.145313 0.629167 0.162500 0.229167
1 0.306250 0.684375 0.159375 0.206250
1 0.791406 0.773958 0.173438 0.227083
1 0.165625 0.248958 0.159375 0.218750
1 0.385156 0.409375 0.160938 0.218750
1 0.953125 0.045833 0.093750 0.091667
1 0.446094 0.034375 0.160938 0.068750
1 0.041406 0.231250 0.082813 0.208333
1 0.029687 0.594792 0.059375 0.210417
1 0.028125 0.803125 0.056250 0.227083
1 0.048438 0.106250 0.096875 0.191667
2 0.902344 0.740625 0.051562 0.072917
1 0.612500 0.365625 0.184375 0.210417
1 0.723437 0.069792 0.175000 0.139583
1 0.740625 0.251042 0.168750 0.189583
1 0.281250 0.912500 0.156250 0.170833
1 0.907813 0.928125 0.171875 0.143750
1 0.408594 0.212500 0.157813 0.183333
1 0.536719 0.084375 0.170313 0.168750
1 0.906250 0.594792 0.165625 0.193750
0 0.574219 0.640625 0.342187 0.460417
1 0.439844 0.893750 0.198437 0.212500
1 0.145313 0.629167 0.162500 0.229167
1 0.306250 0.684375 0.159375 0.206250
1 0.791406 0.773958 0.173438 0.227083
1 0.165625 0.248958 0.159375 0.218750
1 0.385156 0.409375 0.160938 0.218750
1 0.953125 0.045833 0.093750 0.091667
1 0.446094 0.034375 0.160938 0.068750
1 0.041406 0.231250 0.082813 0.208333
1 0.029687 0.594792 0.059375 0.210417
1 0.028125 0.803125 0.056250 0.227083
1 0.048438 0.106250 0.096875 0.191667
2 0.902344 0.740625 0.051562 0.072917
1 0.612500 0.365625 0.184375 0.210417
1 0.723437 0.069792 0.175000 0.139583
1 0.740625 0.251042 0.168750 0.189583
1 0.281250 0.912500 0.156250 0.170833
1 0.907813 0.928125 0.171875 0.143750
1 0.408594 0.212500 0.157813 0.183333
1 0.536719 0.084375 0.170313 0.168750
1 0.906250 0.594792 0.165625 0.193750
0 0.574219 0.640625 0.342187 0.460417
1 0.439844 0.893750 0.198437 0.212500
1 0.145313 0.629167 0.162500 0.229167
1 0.306250 0.684375 0.159375 0.206250
1 0.791406 0.773958 0.173438 0.227083
1 0.165625 0.248958 0.159375 0.218750
1 0.385156 0.409375 0.160938 0.218750
1 0.953125 0.045833 0.093750 0.091667
1 0.446094 0.034375 0.160938 0.068750
1 0.041406 0.231250 0.082813 0.208333
1 0.029687 0.594792 0.059375 0.210417
1 0.028125 0.803125 0.056250 0.227083
1 0.048438 0.106250 0.096875 0.191667
2 0.902344 0.740625 0.051562 0.072917
1 0.612500 0.365625 0.184375 0.210417
1 0.723437 0.069792 0.175000 0.139583
1 0.740625 0.251042 0.168750 0.189583
1 0.281250 0.912500 0.156250 0.170833
1 0.907813 0.928125 0.171875 0.143750
1 0.408594 0.212500 0.157813 0.183333
1 0.536719 0.084375 0.170313 0.168750
1 0.906250 0.594792 0.165625 0.193750
0 0.574219 0.640625 0.342187 0.460417
1 0.439844 0.893750 0.198437 0.212500
1 0.145313 0.629167 0.162500 0.229167
1 0.306250 0.684375 0.159375 0.206250
1 0.791406 0.773958 0.173438 0.227083
1 0.165625 0.248958 0.159375 0.218750
1 0.385156 0.409375 0.160938 0.218750
1 0.953125 0.045833 0.093750 0.091667
1 0.446094 0.034375 0.160938 0.068750
1 0.041406 0.231250 0.082813 0.208333
1 0.029687 0.594792 0.059375 0.210417
1 0.028125 0.803125 0.056250 0.227083
1 0.048438 0.106250 0.096875 0.191667
2 0.902344 0.740625 0.051562 0.072917
1 0.612500 0.365625 0.184375 0.210417
1 0.723437 0.069792 0.175000 0.139583
1 0.740625 0.251042 0.168750 0.189583
1 0.281250 0.912500 0.156250 0.170833
1 0.907813 0.928125 0.171875 0.143750
1 0.408594 0.212500 0.157813 0.183333
1 0.536719 0.084375 0.170313 0.168750
1 0.906250 0.594792 0.165625 0.193750
0 0.574219 0.640625 0.342187 0.460417
1 0.439844 0.893750 0.198437 0.212500
1 0.145313 0.629167 0.162500 0.229167
1 0.306250 0.684375 0.159375 0.206250
1 0.791406 0.773958 0.173438 0.227083
1 0.165625 0.248958 0.159375 0.218750
1 0.385156 0.409375 0.160938 0.218750
1 0.953125 0.045833 0.093750 0.091667
1 0.446094 0.034375 0.160938 0.068750
1 0.041406 0.231250 0.082813 0.208333
1 0.029687 0.594792 0.059375 0.210417
1 0.028125 0.803125 0.056250 0.227083
1 0.048438 0.106250 0.096875 0.191667
2 0.902344 0.740625 0.051562 0.072917
1 0.612500 0.365625 0.184375 0.210417
1 0.723437 0.069792 0.175000 0.139583
1 0.740625 0.251042 0.168750 0.189583
1 0.281250 0.912500 0.156250 0.170833
1 0.907813 0.928125 0.171875 0.143750
1 0.408594 0.212500 0.157813 0.183333
1 0.536719 0.084375 0.170313 0.168750
1 0.906250 0.594792 0.165625 0.193750
0 0.574219 0.640625 0.342187 0.460417
1 0.439844 0.893750 0.198437 0.212500
1 0.145313 0.629167 0.162500 0.229167
1 0.306250 0.684375 0.159375 0.206250
1 0.791406 0.773958 0.173438 0.227083
1 0.165625 0.248958 0.159375 0.218750
1 0.385156 0.409375 0.160938 0.218750
1 0.953125 0.045833 0.093750 0.091667
1 0.446094 0.034375 0.160938 0.068750
1 0.041406 0.231250 0.082813 0.208333
1 0.029687 0.594792 0.059375 0.210417
1 0.028125 0.803125 0.056250 0.227083
1 0.048438 0.106250 0.096875 0.191667
2 0.902344 0.740625 0.051562 0.072917
1 0.612500 0.365625 0.184375 0.210417
1 0.723437 0.069792 0.175000 0.139583
1 0.740625 0.251042 0.168750 0.189583
1 0.281250 0.912500 0.156250 0.170833
1 0.907813 0.928125 0.171875 0.143750
1 0.408594 0.212500 0.157813 0.183333
1 0.536719 0.084375 0.170313 0.168750
1 0.906250 0.594792 0.165625 0.193750
0 0.574219 0.640625 0.342187 0.460417
1 0.439844 0.893750 0.198437 0.212500
1 0.145313 0.629167 0.162500 0.229167
1 0.306250 0.684375 0.159375 0.206250
1 0.791406 0.773958 0.173438 0.227083
1 0.165625 0.248958 0.159375 0.218750
1 0.385156 0.409375 0.160938 0.218750
1 0.953125 0.045833 0.093750 0.091667
1 0.446094 0.034375 0.160938 0.068750
1 0.041406 0.231250 0.082813 0.208333
1 0.029687 0.594792 0.059375 0.210417
1 0.028125 0.803125 0.056250 0.227083
1 0.048438 0.106250 0.096875 0.191667
2 0.902344 0.740625 0.051562 0.072917
1 0.612500 0.365625 0.184375 0.210417
1 0.723437 0.069792 0.175000 0.139583
1 0.740625 0.251042 0.168750 0.189583
1 0.281250 0.912500 0.156250 0.170833
1 0.907813 0.928125 0.171875 0.143750
1 0.408594 0.212500 0.157813 0.183333
1 0.536719 0.084375 0.170313 0.168750
1 0.906250 0.594792 0.165625 0.193750
0 0.574219 0.640625 0.342187 0.460417
1 0.439844 0.893750 0.198437 0.212500
1 0.145313 0.629167 0.162500 0.229167
1 0.306250 0.684375 0.159375 0.206250
1 0.791406 0.773958 0.173438 0.227083
1 0.165625 0.248958 0.159375 0.218750
1 0.385156 0.409375 0.160938 0.218750
1 0.953125 0.045833 0.093750 0.091667
1 0.446094 0.034375 0.160938 0.068750
1 0.041406 0.231250 0.082813 0.208333
1 0.029687 0.594792 0.059375 0.210417
1 0.028125 0.803125 0.056250 0.227083
1 0.048438 0.106250 0.096875 0.191667
2 0.902344 0.740625 0.051562 0.072917
1 0.612500 0.365625 0.184375 0.210417
1 0.723437 0.069792 0.175000 0.139583
1 0.740625 0.251042 0.168750 0.189583
1 0.281250 0.912500 0.156250 0.170833
1 0.907813 0.928125 0.171875 0.143750
1 0.408594 0.212500 0.157813 0.183333
1 0.536719 0.084375 0.170313 0.168750
1 0.906250 0.594792 0.165625 0.193750
0 0.574219 0.640625 0.342187 0.460417
1 0.439844 0.893750 0.198437 0.212500
1 0.145313 0.629167 0.162500 0.229167
1 0.306250 0.684375 0.159375 0.206250
1 0.791406 0.773958 0.173438 0.227083
1 0.165625 0.248958 0.159375 0.218750
1 0.385156 0.409375 0.160938 0.218750
1 0.953125 0.045833 0.093750 0.091667
1 0.446094 0.034375 0.160938 0.068750
1 0.041406 0.231250 0.082813 0.208333
1 0.029687 0.594792 0.059375 0.210417
1 0.028125 0.803125 0.056250 0.227083
1 0.048438 0.106250 0.096875 0.191667
2 0.902344 0.740625 0.051562 0.072917
1 0.612500 0.365625 0.184375 0.210417
1 0.723437 0.069792 0.175000 0.139583
1 0.740625 0.251042 0.168750 0.189583
1 0.281250 0.912500 0.156250 0.170833
1 0.907813 0.928125 0.171875 0.143750
1 0.408594 0.212500 0.157813 0.183333
1 0.536719 0.084375 0.170313 0.168750
1 0.906250 0.594792 0.165625 0.193750
0 0.574219 0.640625 0.342187 0.460417
1 0.439844 0.893750 0.198437 0.212500
1 0.145313 0.629167 0.162500 0.229167
1 0.306250 0.684375 0.159375 0.206250
1 0.791406 0.773958 0.173438 0.227083
1 0.165625 0.248958 0.159375 0.218750
1 0.385156 0.409375 0.160938 0.218750
1 0.953125 0.045833 0.093750 0.091667
1 0.446094 0.034375 0.160938 0.068750
1 0.041406 0.231250 0.082813 0.208333
1 0.029687 0.594792 0.059375 0.210417
1 0.028125 0.803125 0.056250 0.227083
1 0.048438 0.106250 0.096875 0.191667
2 0.902344 0.740625 0.051562 0.072917
1 0.612500 0.365625 0.184375 0.210417
1 0.723437 0.069792 0.175000 0.139583
1 0.740625 0.251042 0.168750 0.189583
1 0.281250 0.912500 0.156250 0.170833
1 0.907813 0.928125 0.171875 0.143750
1 0.408594 0.212500 0.157813 0.183333
1 0.536719 0.084375 0.170313 0.168750
1 0.906250 0.594792 0.165625 0.193750
0 0.574219 0.640625 0.342187 0.460417
1 0.439844 0.893750 0.198437 0.212500
1 0.145313 0.629167 0.162500 0.229167
1 0.306250 0.684375 0.159375 0.206250
1 0.791406 0.773958 0.173438 0.227083
1 0.165625 0.248958 0.159375 0.218750
1 0.385156 0.409375 0.160938 0.218750
1 0.953125 0.045833 0.093750 0.091667
1 0.446094 0.034375 0.160938 0.068750
1 0.041406 0.231250 0.082813 0.208333
1 0.029687 0.594792 0.059375 0.210417
1 0.028125 0.803125 0.056250 0.227083
1 0.048438 0.106250 0.096875 0.191667
2 0.902344 0.740625 0.051562 0.072917
1 0.612500 0.365625 0.184375 0.210417
1 0.723437 0.069792 0.175000 0.139583
1 0.740625 0.251042 0.168750 0.189583
1 0.281250 0.912500 0.156250 0.170833
1 0.907813 0.928125 0.171875 0.143750
1 0.408594 0.212500 0.157813 0.183333
1 0.536719 0.084375 0.170313 0.168750
1 0.906250 0.594792 0.165625 0.193750
0 0.574219 0.640625 0.342187 0.460417
1 0.439844 0.893750 0.198437 0.212500
1 0.145313 0.629167 0.162500 0.229167
1 0.306250 0.684375 0.159375 0.206250
1 0.791406 0.773958 0.173438 0.227083
1 0.165625 0.248958 0.159375 0.218750
1 0.385156 0.409375 0.160938 0.218750
1 0.953125 0.045833 0.093750 0.091667
1 0.446094 0.034375 0.160938 0.068750
1 0.041406 0.231250 0.082813 0.208333
1 0.029687 0.594792 0.059375 0.210417
1 0.028125 0.803125 0.056250 0.227083
1 0.048438 0.106250 0.096875 0.191667
2 0.902344 0.740625 0.051562 0.072917
1 0.612500 0.365625 0.184375 0.210417
1 0.723437 0.069792 0.175000 0.139583
1 0.740625 0.251042 0.168750 0.189583
1 0.281250 0.912500 0.156250 0.170833
1 0.907813 0.928125 0.171875 0.143750
1 0.408594 0.212500 0.157813 0.183333
1 0.536719 0.084375 0.170313 0.168750
1 0.906250 0.594792 0.165625 0.193750
0 0.574219 0.640625 0.342187 0.460417
1 0.439844 0.893750 0.198437 0.212500
1 0.145313 0.629167 0.162500 0.229167
1 0.306250 0.684375 0.159375 0.206250
1 0.791406 0.773958 0.173438 0.227083
1 0.165625 0.248958 0.159375 0.218750
1 0.385156 0.409375 0.160938 0.218750
