1 0.957031 0.200000 0.085938 0.191667
1 0.118750 0.022917 0.190625 0.041667
1 0.968750 0.577083 0.062500 0.229167
1 0.297656 0.948958 0.185938 0.102083
1 0.934375 0.788542 0.131250 0.239583
1 0.073438 0.431250 0.143750 0.220833
2 0.235938 0.561458 0.109375 0.152083
1 0.955469 0.330208 0.089063 0.218750
1 0.827344 0.545833 0.164062 0.241667
2 0.106250 0.113542 0.062500 0.089583
1 0.089063 0.750000 0.159375 0.154167
1 0.507812 0.105208 0.206250 0.206250
1 0.254688 0.789583 0.212500 0.250000
1 0.931250 0.063542 0.137500 0.127083
0 0.425781 0.529167 0.195312 0.295833
1 0.637500 0.458333 0.159375 0.179167
1 0.535156 0.298958 0.164062 0.231250
1 0.167969 0.244792 0.195312 0.222917
1 0.957031 0.200000 0.085938 0.191667
1 0.118750 0.022917 0.190625 0.041667
1 0.968750 0.577083 0.062500 0.229167
1 0.297656 0.948958 0.185938 0.102083
1 0.934375 0.788542 0.131250 0.239583
1 0.073438 0.431250 0.143750 0.220833
2 0.235938 0.561458 0.109375 0.152083
1 0.955469 0.330208 0.089063 0.218750
1 0.827344 0.545833 0.164062 0.241667
2 0.106250 0.113542 0.062500 0.089583
1 0.089063 0.750000 0.159375 0.154167
1 0.507812 0.105208 0.206250 0.206250
1 0.254688 0.789583 0.212500 0.250000
1 0.931250 0.063542 0.137500 0.127083
0 0.425781 0.529167 0.195312 0.295833
1 0.637500 0.458333 0.159375 0.179167
1 0.535156 0.298958 0.164062 0.231250
1 0.167969 0.244792 0.195312 0.222917
1 0.957031 0.200000 0.085938 0.191667
1 0.118750 0.022917 0.190625 0.041667
1 0.968750 0.577083 0.062500 0.229167
1 0.297656 0.948958 0.185938 0.102083
1 0.934375 0.788542 0.131250 0.239583
1 0.073438 0.431250 0.143750 0.220833
2 0.235938 0.561458 0.109375 0.152083
1 0.955469 0.330208 0.089063 0.218750
1 0.827344 0.545833 0.164062 0.241667
2 0.106250 0.113542 0.062500 0.089583
1 0.089063 0.750000 0.159375 0.154167
1 0.507812 0.105208 0.206250 0.206250
1 0.254688 0.789583 0.212500 0.250000
1 0.931250 0.063542 0.137500 0.127083
0 0.425781 0.529167 0.195312 0.295833
1 0.637500 0.458333 0.159375 0.179167
1 0.535156 0.298958 0.164062 0.231250
1 0.167969 0.244792 0.195312 0.222917
1 0.957031 0.200000 0.085938 0.191667
1 0.118750 0.022917 0.190625 0.041667
1 0.968750 0.577083 0.062500 0.229167
1 0.297656 0.948958 0.185938 0.102083
1 0.934375 0.788542 0.131250 0.239583
1 0.073438 0.431250 0.143750 0.220833
2 0.235938 0.561458 0.109375 0.152083
1 0.955469 0.330208 0.089063 0.218750
1 0.827344 0.545833 0.164062 0.241667
2 0.106250 0.113542 0.062500 0.089583
1 0.089063 0.750000 0.159375 0.154167
1 0.507812 0.105208 0.206250 0.206250
1 0.254688 0.789583 0.212500 0.250000
1 0.931250 0.063542 0.137500 0.127083
0 0.425781 0.529167 0.195312 0.295833
1 0.637500 0.458333 0.159375 0.179167
1 0.535156 0.298958 0.164062 0.231250
1 0.167969 0.244792 0.195312 0.222917
1 0.957031 0.200000 0.085938 0.191667
1 0.118750 0.022917 0.190625 0.041667
1 0.968750 0.577083 0.062500 0.229167
1 0.297656 0.948958 0.185938 0.102083
1 0.934375 0.788542 0.131250 0.239583
1 0.073438 0.431250 0.143750 0.220833
2 0.235938 0.561458 0.109375 0.152083
1 0.955469 0.330208 0.089063 0.218750
1 0.827344 0.545833 0.164062 0.241667
2 0.106250 0.113542 0.062500 0.089583
1 0.089063 0.750000 0.159375 0.154167
1 0.507812 0.105208 0.206250 0.206250
1 0.254688 0.789583 0.212500 0.250000
1 0.931250 0.063542 0.137500 0.127083
0 0.425781 0.529167 0.195312 0.295833
1 0.637500 0.458333 0.159375 0.179167
1 0.535156 0.298958 0.164062 0.231250
1 0.167969 0.244792 0.195312 0.222917
1 0.957031 0.200000 0.085938 0.191667
1 0.118750 0.022917 0.190625 0.041667
1 0.968750 0.577083 0.062500 0.229167
1 0.297656 0.948958 0.185938 0.102083
1 0.934375 0.788542 0.131250 0.239583
1 0.073438 0.431250 0.143750 0.220833
2 0.235938 0.561458 0.109375 0.152083
1 0.955469 0.330208 0.089063 0.218750
1 0.827344 0.545833 0.164062 0.241667
2 0.106250 0.113542 0.062500 0.089583
1 0.089063 0.750000 0.159375 0.154167
1 0.507812 0.105208 0.206250 0.206250
1 0.254688 0.789583 0.212500 0.250000
1 0.931250 0.063542 0.137500 0.127083
0 0.425781 0.529167 0.195312 0.295833
1 0.637500 0.458333 0.159375 0.179167
1 0.535156 0.298958 0.164062 0.231250
1 0.167969 0.244792 0.195312 0.222917
1 0.957031 0.200000 0.085938 0.191667
1 0.118750 0.022917 0.190625 0.041667
1 0.968750 0.577083 0.062500 0.229167
1 0.297656 0.948958 0.185938 0.102083
1 0.934375 0.788542 0.131250 0.239583
1 0.073438 0.431250 0.143750 0.220833
2 0.235938 0.561458 0.109375 0.152083
1 0.955469 0.330208 0.089063 0.218750
1 0.827344 0.545833 0.164062 0.241667
2 0.106250 0.113542 0.062500 0.089583
1 0.089063 0.750000 0.159375 0.154167
1 0.507812 0.105208 0.206250 0.206250
1 0.254688 0.789583 0.212500 0.250000
1 0.931250 0.063542 0.137500 0.127083
0 0.425781 0.529167 0.195312 0.295833
1 0.637500 0.458333 0.159375 0.179167
1 0.535156 0.298958 0.164062 0.231250
1 0.167969 0.244792 0.195312 0.222917
1 0.957031 0.200000 0.085938 0.191667
1 0.118750 0.022917 0.190625 0.041667
1 0.968750 0.577083 0.062500 0.229167
1 0.297656 0.948958 0.185938 0.102083
1 0.934375 0.788542 0.131250 0.239583
1 0.073438 0.431250 0.143750 0.220833
2 0.235938 0.561458 0.109375 0.152083
1 0.955469 0.330208 0.089063 0.218750
1 0.827344 0.545833 0.164062 0.241667
2 0.106250 0.113542 0.062500 0.089583
1 0.089063 0.750000 0.159375 0.154167
1 0.507812 0.105208 0.206250 0.206250
1 0.254688 0.789583 0.212500 0.250000
1 0.931250 0.063542 0.137500 0.127083
0 0.425781 0.529167 0.195312 0.295833
1 0.637500 0.458333 0.159375 0.179167
1 0.535156 0.298958 0.164062 0.231250
1 0.167969 0.244792 0.195312 0.222917
1 0.957031 0.200000 0.085938 0.191667
1 0.118750 0.022917 0.190625 0.041667
1 0.968750 0.577083 0.062500 0.229167
1 0.297656 0.948958 0.185938 0.102083
1 0.934375 0.788542 0.131250 0.239583
1 0.073438 0.431250 0.143750 0.220833
2 0.235938 0.561458 0.109375 0.152083
1 0.955469 0.330208 0.089063 0.218750
1 0.827344 0.545833 0.164062 0.241667
2 0.106250 0.113542 0.062500 0.089583
1 0.089063 0.750000 0.159375 0.154167
1 0.507812 0.105208 0.206250 0.206250
1 0.254688 0.789583 0.212500 0.250000
1 0.931250 0.063542 0.137500 0.127083
0 0.425781 0.529167 0.195312 0.295833
1 0.637500 0.458333 0.159375 0.179167
1 0.535156 0.298958 0.164062 0.231250
1 0.167969 0.244792 0.195312 0.222917
1 0.957031 0.200000 0.085938 0.191667
1 0.118750 0.022917 0.190625 0.041667
1 0.968750 0.577083 0.062500 0.229167
1 0.297656 0.948958 0.185938 0.102083
1 0.934375 0.788542 0.131250 0.239583
1 0.073438 0.431250 0.143750 0.220833
2 0.235938 0.561458 0.109375 0.152083
1 0.955469 0.330208 0.089063 0.218750
1 0.827344 0.545833 0.164062 0.241667
2 0.106250 0.113542 0.062500 0.089583
1 0.089063 0.750000 0.159375 0.154167
1 0.507812 0.105208 0.206250 0.206250
1 0.254688 0.789583 0.212500 0.250000
1 0.931250 0.063542 0.137500 0.127083
0 0.425781 0.529167 0.195312 0.295833
1 0.637500 0.458333 0.159375 0.179167
1 0.535156 0.298958 0.164062 0.231250
1 0.167969 0.244792 0.195312 0.222917
1 0.957031 0.200000 0.085938 0.191667
1 0.118750 0.022917 0.190625 0.041667
1 0.968750 0.577083 0.062500 0.229167
1 0.297656 0.948958 0.185938 0.102083
1 0.934375 0.788542 0.131250 0.239583
1 0.073438 0.431250 0.143750 0.220833
2 0.235938 0.561458 0.109375 0.152083
1 0.955469 0.330208 0.089063 0.218750
1 0.827344 0.545833 0.164062 0.241667
2 0.106250 0.113542 0.062500 0.089583
1 0.089063 0.750000 0.159375 0.154167
1 0.507812 0.105208 0.206250 0.206250
1 0.254688 0.789583 0.212500 0.250000
1 0.931250 0.063542 0.137500 0.127083
0 0.425781 0.529167 0.195312 0.295833
1 0.637500 0.458333 0.159375 0.179167
1 0.535156 0.298958 0.164062 0.231250
1 0.167969 0.244792 0.195312 0.222917
1 0.957031 0.200000 0.085938 0.191667
1 0.118750 0.022917 0.190625 0.041667
1 0.968750 0.577083 0.062500 0.229167
1 0.297656 0.948958 0.185938 0.102083
1 0.934375 0.788542 0.131250 0.239583
1 0.073438 0.431250 0.143750 0.220833
2 0.235938 0.561458 0.109375 0.152083
1 0.955469 0.330208 0.089063 0.218750
1 0.827344 0.545833 0.164062 0.241667
2 0.106250 0.113542 0.062500 0.089583
1 0.089063 0.750000 0.159375 0.154167
1 0.507812 0.105208 0.206250 0.206250
1 0.254688 0.789583 0.212500 0.250000
1 0.931250 0.063542 0.137500 0.127083
0 0.425781 0.529167 0.195312 0.295833
1 0.637500 0.458333 0.159375 0.179167
1 0.535156 0.298958 0.164062 0.231250
1 0.167969 0.244792 0.195312 0.222917
1 0.957031 0.200000 0.085938 0.191667
1 0.118750 0.022917 0.190625 0.041667
1 0.968750 0.577083 0.062500 0.229167
1 0.297656 0.948958 0.185938 0.102083
1 0.934375 0.788542 0.131250 0.239583
1 0.073438 0.431250 0.143750 0.220833
2 0.235938 0.561458 0.109375 0.152083
1 0.955469 0.330208 0.089063 0.218750
1 0.827344 0.545833 0.164062 0.241667
2 0.106250 0.113542 0.062500 0.089583
1 0.089063 0.750000 0.159375 0.154167
1 0.507812 0.105208 0.206250 0.206250
1 0.254688 0.789583 0.212500 0.250000
1 0.931250 0.063542 0.137500 0.127083
0 0.425781 0.529167 0.195312 0.295833
1 0.637500 0.458333 0.159375 0.179167
1 0.535156 0.298958 0.164062 0.231250
1 0.167969 0.244792 0.195312 0.222917
1 0.957031 0.200000 0.085938 0.191667
1 0.118750 0.022917 0.190625 0.041667
1 0.968750 0.577083 0.062500 0.229167
1 0.297656 0.948958 0.185938 0.102083
1 0.934375 0.788542 0.131250 0.239583
1 0.073438 0.431250 0.143750 0.220833
2 0.235938 0.561458 0.109375 0.152083
1 0.955469 0.330208 0.089063 0.218750
1 0.827344 0.545833 0.164062 0.241667
2 0.106250 0.113542 0.062500 0.089583
1 0.089063 0.750000 0.159375 0.154167
1 0.507812 0.105208 0.206250 0.206250
1 0.254688 0.789583 0.212500 0.250000
1 0.931250 0.063542 0.137500 0.127083
0 0.425781 0.529167 0.195312 0.295833
1 0.637500 0.458333 0.159375 0.179167
1 0.535156 0.298958 0.164062 0.231250
1 0.167969 0.244792 0.195312 0.222917
1 0.957031 0.200000 0.085938 0.191667
1 0.118750 0.022917 0.190625 0.041667
1 0.968750 0.577083 0.062500 0.229167
1 0.297656 0.948958 0.185938 0.102083
1 0.934375 0.788542 0.131250 0.239583
1 0.073438 0.431250 0.143750 0.220833
2 0.235938 0.561458 0.109375 0.152083
1 0.955469 0.330208 0.089063 0.218750
1 0.827344 0.545833 0.164062 0.241667
2 0.106250 0.113542 0.062500 0.089583
1 0.089063 0.750000 0.159375 0.154167
1 0.507812 0.105208 0.206250 0.206250
1 0.254688 0.789583 0.212500 0.250000
1 0.931250 0.063542 0.137500 0.127083
0 0.425781 0.529167 0.195312 0.295833
1 0.637500 0.458333 0.159375 0.179167
1 0.535156 0.298958 0.164062 0.231250
1 0.167969 0.244792 0.195312 0.222917
1 0.957031 0.200000 0.085938 0.191667
1 0.118750 0.022917 0.190625 0.041667
1 0.968750 0.577083 0.062500 0.229167
1 0.297656 0.948958 0.185938 0.102083
1 0.934375 0.788542 0.131250 0.239583
1 0.073438 0.431250 0.143750 0.220833
2 0.235938 0.561458 0.109375 0.152083
1 0.955469 0.330208 0.089063 0.218750
1 0.827344 0.545833 0.164062 0.241667
2 0.106250 0.113542 0.062500 0.089583
1 0.089063 0.750000 0.159375 0.154167
1 0.507812 0.105208 0.206250 0.206250
1 0.254688 0.789583 0.212500 0.250000
1 0.931250 0.063542 0.137500 0.127083
0 0.425781 0.529167 0.195312 0.295833
1 0.637500 0.458333 0.159375 0.179167
1 0.535156 0.298958 0.164062 0.231250
1 0.167969 0.244792 0.195312 0.222917
1 0.957031 0.200000 0.085938 0.191667
1 0.118750 0.022917 0.190625 0.041667
1 0.968750 0.577083 0.062500 0.229167
1 0.297656 0.948958 0.185938 0.102083
1 0.934375 0.788542 0.131250 0.239583
1 0.073438 0.431250 0.143750 0.220833
2 0.235938 0.561458 0.109375 0.152083
1 0.955469 0.330208 0.089063 0.218750
1 0.827344 0.545833 0.164062 0.241667
2 0.106250 0.113542 0.062500 0.089583
1 0.089063 0.750000 0.159375 0.154167
1 0.507812 0.105208 0.206250 0.206250
1 0.254688 0.789583 0.212500 0.250000
1 0.931250 0.063542 0.137500 0.127083
0 0.425781 0.529167 0.195312 0.295833
1 0.637500 0.458333 0.159375 0.179167
1 0.535156 0.298958 0.164062 0.231250
1 0.167969 0.244792 0.195312 0.222917
1 0.957031 0.200000 0.085938 0.191667
1 0.118750 0.022917 0.190625 0.041667
1 0.968750 0.577083 0.062500 0.229167
1 0.297656 0.948958 0.185938 0.102083
1 0.934375 0.788542 0.131250 0.239583
1 0.073438 0.431250 0.143750 0.220833
2 0.235938 0.561458 0.109375 0.152083
1 0.955469 0.330208 0.089063 0.218750
1 0.827344 0.545833 0.164062 0.241667
2 0.106250 0.113542 0.062500 0.089583
1 0.089063 0.750000 0.159375 0.154167
1 0.507812 0.105208 0.206250 0.206250
1 0.254688 0.789583 0.212500 0.250000
1 0.931250 0.063542 0.137500 0.127083
0 0.425781 0.529167 0.195312 0.295833
1 0.637500 0.458333 0.159375 0.179167
1 0.535156 0.298958 0.164062 0.231250
1 0.167969 0.244792 0.195312 0.222917
