1 0.965625 0.562500 0.068750 0.245833
1 0.683594 0.081250 0.176563 0.162500
1 0.910937 0.184375 0.178125 0.310417
1 0.594531 0.089583 0.148438 0.179167
2 0.016406 0.623958 0.032813 0.060417
1 0.762500 0.942708 0.203125 0.114583
2 0.114844 0.836458 0.048438 0.068750
2 0.144531 0.942708 0.051562 0.072917
0 0.496094 0.614583 0.198437 0.295833
1 0.440625 0.869792 0.168750 0.172917
1 0.274219 0.582292 0.167187 0.197917
1 0.746875 0.547917 0.175000 0.233333
1 0.129688 0.107292 0.165625 0.214583
1 0.965625 0.562500 0.068750 0.245833
1 0.683594 0.081250 0.176563 0.162500
1 0.910937 0.184375 0.178125 0.310417
1 0.594531 0.089583 0.148438 0.179167
2 0.016406 0.623958 0.032813 0.060417
1 0.762500 0.942708 0.203125 0.114583
2 0.114844 0.836458 0.048438 0.068750
2 0.144531 0.942708 0.051562 0.072917
0 0.496094 0.614583 0.198437 0.295833
1 0.440625 0.869792 0.168750 0.172917
1 0.274219 0.582292 0.167187 0.197917
1 0.746875 0.547917 0.175000 0.233333
1 0.129688 0.107292 0.165625 0.214583
1 0.965625 0.562500 0.068750 0.245833
1 0.683594 0.081250 0.176563 0.162500
1 0.910937 0.184375 0.178125 0.310417
1 0.594531 0.089583 0.148438 0.179167
2 0.016406 0.623958 0.032813 0.060417
1 0.762500 0.942708 0.203125 0.114583
2 0.114844 0.836458 0.048438 0.068750
2 0.144531 0.942708 0.051562 0.072917
0 0.496094 0.614583 0.198437 0.295833
1 0.440625 0.869792 0.168750 0.172917
1 0.274219 0.582292 0.167187 0.197917
1 0.746875 0.547917 0.175000 0.233333
1 0.129688 0.107292 0.165625 0.214583
1 0.965625 0.562500 0.068750 0.245833
1 0.683594 0.081250 0.176563 0.162500
1 0.910937 0.184375 0.178125 0.310417
1 0.594531 0.089583 0.148438 0.179167
2 0.016406 0.623958 0.032813 0.060417
1 0.762500 0.942708 0.203125 0.114583
2 0.114844 0.836458 0.048438 0.068750
2 0.144531 0.942708 0.051562 0.072917
0 0.496094 0.614583 0.198437 0.295833
1 0.440625 0.869792 0.168750 0.172917
1 0.274219 0.582292 0.167187 0.197917
1 0.746875 0.547917 0.175000 0.233333
1 0.129688 0.107292 0.165625 0.214583
1 0.965625 0.562500 0.068750 0.245833
1 0.683594 0.081250 0.176563 0.162500
1 0.910937 0.184375 0.178125 0.310417
1 0.594531 0.089583 0.148438 0.179167
2 0.016406 0.623958 0.032813 0.060417
1 0.762500 0.942708 0.203125 0.114583
2 0.114844 0.836458 0.048438 0.068750
2 0.144531 0.942708 0.051562 0.072917
0 0.496094 0.614583 0.198437 0.295833
1 0.440625 0.869792 0.168750 0.172917
1 0.274219 0.582292 0.167187 0.197917
1 0.746875 0.547917 0.175000 0.233333
1 0.129688 0.107292 0.165625 0.214583
1 0.965625 0.562500 0.068750 0.245833
1 0.683594 0.081250 0.176563 0.162500
1 0.910937 0.184375 0.178125 0.310417
1 0.594531 0.089583 0.148438 0.179167
2 0.016406 0.623958 0.032813 0.060417
1 0.762500 0.942708 0.203125 0.114583
2 0.114844 0.836458 0.048438 0.068750
2 0.144531 0.942708 0.051562 0.072917
0 0.496094 0.614583 0.198437 0.295833
1 0.440625 0.869792 0.168750 0.172917
1 0.274219 0.582292 0.167187 0.197917
1 0.746875 0.547917 0.175000 0.233333
1 0.129688 0.107292 0.165625 0.214583
1 0.965625 0.562500 0.068750 0.245833
1 0.683594 0.081250 0.176563 0.162500
1 0.910937 0.184375 0.178125 0.310417
1 0.594531 0.089583 0.148438 0.179167
2 0.016406 0.623958 0.032813 0.060417
1 0.762500 0.942708 0.203125 0.114583
2 0.114844 0.836458 0.048438 0.068750
2 0.144531 0.942708 0.051562 0.072917
0 0.496094 0.614583 0.198437 0.295833
1 0.440625 0.869792 0.168750 0.172917
1 0.274219 0.582292 0.167187 0.197917
1 0.746875 0.547917 0.175000 0.233333
1 0.129688 0.107292 0.165625 0.214583
1 0.965625 0.562500 0.068750 0.245833
1 0.683594 0.081250 0.176563 0.162500
1 0.910937 0.184375 0.178125 0.310417
1 0.594531 0.089583 0.148438 0.179167
2 0.016406 0.623958 0.032813 0.060417
1 0.762500 0.942708 0.203125 0.114583
2 0.114844 0.836458 0.048438 0.068750
2 0.144531 0.942708 0.051562 0.072917
0 0.496094 0.614583 0.198437 0.295833
1 0.440625 0.869792 0.168750 0.172917
1 0.274219 0.582292 0.167187 0.197917
1 0.746875 0.547917 0.175000 0.233333
1 0.129688 0.107292 0.165625 0.214583
1 0.965625 0.562500 0.068750 0.245833
1 0.683594 0.081250 0.176563 0.162500
1 0.910937 0.184375 0.178125 0.310417
1 0.594531 0.089583 0.148438 0.179167
2 0.016406 0.623958 0.032813 0.060417
1 0.762500 0.942708 0.203125 0.114583
2 0.114844 0.836458 0.048438 0.068750
2 0.144531 0.942708 0.051562 0.072917
0 0.496094 0.614583 0.198437 0.295833
1 0.440625 0.869792 0.168750 0.172917
1 0.274219 0.582292 0.167187 0.197917
1 0.746875 0.547917 0.175000 0.233333
1 0.129688 0.107292 0.165625 0.214583
1 0.965625 0.562500 0.068750 0.245833
1 0.683594 0.081250 0.176563 0.162500
1 0.910937 0.184375 0.178125 0.310417
1 0.594531 0.089583 0.148438 0.179167
2 0.016406 0.623958 0.032813 0.060417
1 0.762500 0.942708 0.203125 0.114583
2 0.114844 0.836458 0.048438 0.068750
2 0.144531 0.942708 0.051562 0.072917
0 0.496094 0.614583 0.198437 0.295833
1 0.440625 0.869792 0.168750 0.172917
1 0.274219 0.582292 0.167187 0.197917
1 0.746875 0.547917 0.175000 0.233333
1 0.129688 0.107292 0.165625 0.214583
1 0.965625 0.562500 0.068750 0.245833
1 0.683594 0.081250 0.176563 0.162500
1 0.910937 0.184375 0.178125 0.310417
1 0.594531 0.089583 0.148438 0.179167
2 0.016406 0.623958 0.032813 0.060417
1 0.762500 0.942708 0.203125 0.114583
2 0.114844 0.836458 0.048438 0.068750
2 0.144531 0.942708 0.051562 0.072917
0 0.496094 0.614583 0.198437 0.295833
1 0.440625 0.869792 0.168750 0.172917
1 0.274219 0.582292 0.167187 0.197917
1 0.746875 0.547917 0.175000 0.233333
1 0.129688 0.107292 0.165625 0.214583
1 0.965625 0.562500 0.068750 0.245833
1 0.683594 0.081250 0.176563 0.162500
1 0.910937 0.184375 0.178125 0.310417
1 0.594531 0.089583 0.148438 0.179167
2 0.016406 0.623958 0.032813 0.060417
1 0.762500 0.942708 0.203125 0.114583
2 0.114844 0.836458 0.048438 0.068750
2 0.144531 0.942708 0.051562 0.072917
0 0.496094 0.614583 0.198437 0.295833
1 0.440625 0.869792 0.168750 0.172917
1 0.274219 0.582292 0.167187 0.197917
1 0.746875 0.547917 0.175000 0.233333
1 0.129688 0.107292 0.165625 0.214583
1 0.965625 0.562500 0.068750 0.245833
1 0.683594 0.081250 0.176563 0.162500
1 0.910937 0.184375 0.178125 0.310417
1 0.594531 0.089583 0.148438 0.179167
2 0.016406 0.623958 0.032813 0.060417
1 0.762500 0.942708 0.203125 0.114583
2 0.114844 0.836458 0.048438 0.068750
2 0.144531 0.942708 0.051562 0.072917
0 0.496094 0.614583 0.198437 0.295833
1 0.440625 0.869792 0.168750 0.172917
1 0.274219 0.582292 0.167187 0.197917
1 0.746875 0.547917 0.175000 0.233333
1 0.129688 0.107292 0.165625 0.214583
