1 0.633594 0.956250 0.154688 0.087500
1 0.100781 0.414583 0.170313 0.225000
1 0.055469 0.243750 0.110937 0.229167
1 0.469531 0.515625 0.182812 0.210417
1 0.217969 0.708333 0.157813 0.195833
1 0.944531 0.394792 0.110937 0.235417
2 0.492969 0.817708 0.064062 0.085417
2 0.254688 0.027083 0.062500 0.054167
1 0.093750 0.916667 0.175000 0.166667
1 0.760938 0.069792 0.159375 0.139583
1 0.182812 0.253125 0.162500 0.264583
1 0.649219 0.510417 0.185938 0.250000
1 0.500000 0.919792 0.178125 0.160417
0 0.413281 0.261458 0.364063 0.506250
1 0.759375 0.303125 0.178125 0.243750
1 0.074219 0.677083 0.148438 0.212500
1 0.925000 0.188542 0.150000 0.206250
1 0.623438 0.134375 0.150000 0.214583
1 0.741406 0.850000 0.170313 0.200000
1 0.633594 0.956250 0.154688 0.087500
1 0.100781 0.414583 0.170313 0.225000
1 0.055469 0.243750 0.110937 0.229167
1 0.469531 0.515625 0.182812 0.210417
1 0.217969 0.708333 0.157813 0.195833
1 0.944531 0.394792 0.110937 0.235417
2 0.492969 0.817708 0.064062 0.085417
2 0.254688 0.027083 0.062500 0.054167
1 0.093750 0.916667 0.175000 0.166667
1 0.760938 0.069792 0.159375 0.139583
1 0.182812 0.253125 0.162500 0.264583
1 0.649219 0.510417 0.185938 0.250000
1 0.500000 0.919792 0.178125 0.160417
0 0.413281 0.261458 0.364063 0.506250
1 0.759375 0.303125 0.178125 0.243750
1 0.074219 0.677083 0.148438 0.212500
1 0.925000 0.188542 0.150000 0.206250
1 0.623438 0.134375 0.150000 0.214583
1 0.741406 0.850000 0.170313 0.200000
1 0.633594 0.956250 0.154688 0.087500
1 0.100781 0.414583 0.170313 0.225000
1 0.055469 0.243750 0.110937 0.229167
1 0.469531 0.515625 0.182812 0.210417
1 0.217969 0.708333 0.157813 0.195833
1 0.944531 0.394792 0.110937 0.235417
2 0.492969 0.817708 0.064062 0.085417
2 0.254688 0.027083 0.062500 0.054167
1 0.093750 0.916667 0.175000 0.166667
1 0.760938 0.069792 0.159375 0.139583
1 0.182812 0.253125 0.162500 0.264583
1 0.649219 0.510417 0.185938 0.250000
1 0.500000 0.919792 0.178125 0.160417
0 0.413281 0.261458 0.364063 0.506250
1 0.759375 0.303125 0.178125 0.243750
1 0.074219 0.677083 0.148438 0.212500
1 0.925000 0.188542 0.150000 0.206250
1 0.623438 0.134375 0.150000 0.214583
1 0.741406 0.850000 0.170313 0.200000
1 0.633594 0.956250 0.154688 0.087500
1 0.100781 0.414583 0.170313 0.225000
1 0.055469 0.243750 0.110937 0.229167
1 0.469531 0.515625 0.182812 0.210417
1 0.217969 0.708333 0.157813 0.195833
1 0.944531 0.394792 0.110937 0.235417
2 0.492969 0.817708 0.064062 0.085417
2 0.254688 0.027083 0.062500 0.054167
1 0.093750 0.916667 0.175000 0.166667
1 0.760938 0.069792 0.159375 0.139583
1 0.182812 0.253125 0.162500 0.264583
1 0.649219 0.510417 0.185938 0.250000
1 0.500000 0.919792 0.178125 0.160417
0 0.413281 0.261458 0.364063 0.506250
1 0.759375 0.303125 0.178125 0.243750
1 0.074219 0.677083 0.148438 0.212500
1 0.925000 0.188542 0.150000 0.206250
1 0.623438 0.134375 0.150000 0.214583
1 0.741406 0.850000 0.170313 0.200000
1 0.633594 0.956250 0.154688 0.087500
1 0.100781 0.414583 0.170313 0.225000
1 0.055469 0.243750 0.110937 0.229167
1 0.469531 0.515625 0.182812 0.210417
1 0.217969 0.708333 0.157813 0.195833
1 0.944531 0.394792 0.110937 0.235417
2 0.492969 0.817708 0.064062 0.085417
2 0.254688 0.027083 0.062500 0.054167
1 0.093750 0.916667 0.175000 0.166667
1 0.760938 0.069792 0.159375 0.139583
1 0.182812 0.253125 0.162500 0.264583
1 0.649219 0.510417 0.185938 0.250000
1 0.500000 0.919792 0.178125 0.160417
0 0.413281 0.261458 0.364063 0.506250
1 0.759375 0.303125 0.178125 0.243750
1 0.074219 0.677083 0.148438 0.212500
1 0.925000 0.188542 0.150000 0.206250
1 0.623438 0.134375 0.150000 0.214583
1 0.741406 0.850000 0.170313 0.200000
1 0.633594 0.956250 0.154688 0.087500
1 0.100781 0.414583 0.170313 0.225000
1 0.055469 0.243750 0.110937 0.229167
1 0.469531 0.515625 0.182812 0.210417
1 0.217969 0.708333 0.157813 0.195833
1 0.944531 0.394792 0.110937 0.235417
2 0.492969 0.817708 0.064062 0.085417
2 0.254688 0.027083 0.062500 0.054167
1 0.093750 0.916667 0.175000 0.166667
1 0.760938 0.069792 0.159375 0.139583
1 0.182812 0.253125 0.162500 0.264583
1 0.649219 0.510417 0.185938 0.250000
1 0.500000 0.919792 0.178125 0.160417
0 0.413281 0.261458 0.364063 0.506250
1 0.759375 0.303125 0.178125 0.243750
1 0.074219 0.677083 0.148438 0.212500
1 0.925000 0.188542 0.150000 0.206250
1 0.623438 0.134375 0.150000 0.214583
1 0.741406 0.850000 0.170313 0.200000
1 0.633594 0.956250 0.154688 0.087500
1 0.100781 0.414583 0.170313 0.225000
1 0.055469 0.243750 0.110937 0.229167
1 0.469531 0.515625 0.182812 0.210417
1 0.217969 0.708333 0.157813 0.195833
1 0.944531 0.394792 0.110937 0.235417
2 0.492969 0.817708 0.064062 0.085417
2 0.254688 0.027083 0.062500 0.054167
1 0.093750 0.916667 0.175000 0.166667
1 0.760938 0.069792 0.159375 0.139583
1 0.182812 0.253125 0.162500 0.264583
1 0.649219 0.510417 0.185938 0.250000
1 0.500000 0.919792 0.178125 0.160417
0 0.413281 0.261458 0.364063 0.506250
1 0.759375 0.303125 0.178125 0.243750
1 0.074219 0.677083 0.148438 0.212500
1 0.925000 0.188542 0.150000 0.206250
1 0.623438 0.134375 0.150000 0.214583
1 0.741406 0.850000 0.170313 0.200000
1 0.633594 0.956250 0.154688 0.087500
1 0.100781 0.414583 0.170313 0.225000
1 0.055469 0.243750 0.110937 0.229167
1 0.469531 0.515625 0.182812 0.210417
1 0.217969 0.708333 0.157813 0.195833
1 0.944531 0.394792 0.110937 0.235417
2 0.492969 0.817708 0.064062 0.085417
2 0.254688 0.027083 0.062500 0.054167
1 0.093750 0.916667 0.175000 0.166667
1 0.760938 0.069792 0.159375 0.139583
1 0.182812 0.253125 0.162500 0.264583
1 0.649219 0.510417 0.185938 0.250000
1 0.500000 0.919792 0.178125 0.160417
0 0.413281 0.261458 0.364063 0.506250
1 0.759375 0.303125 0.178125 0.243750
1 0.074219 0.677083 0.148438 0.212500
1 0.925000 0.188542 0.150000 0.206250
1 0.623438 0.134375 0.150000 0.214583
1 0.741406 0.850000 0.170313 0.200000
1 0.633594 0.956250 0.154688 0.087500
1 0.100781 0.414583 0.170313 0.225000
1 0.055469 0.243750 0.110937 0.229167
1 0.469531 0.515625 0.182812 0.210417
1 0.217969 0.708333 0.157813 0.195833
1 0.944531 0.394792 0.110937 0.235417
2 0.492969 0.817708 0.064062 0.085417
2 0.254688 0.027083 0.062500 0.054167
1 0.093750 0.916667 0.175000 0.166667
1 0.760938 0.069792 0.159375 0.139583
1 0.182812 0.253125 0.162500 0.264583
1 0.649219 0.510417 0.185938 0.250000
1 0.500000 0.919792 0.178125 0.160417
0 0.413281 0.261458 0.364063 0.506250
1 0.759375 0.303125 0.178125 0.243750
1 0.074219 0.677083 0.148438 0.212500
1 0.925000 0.188542 0.150000 0.206250
1 0.623438 0.134375 0.150000 0.214583
1 0.741406 0.850000 0.170313 0.200000
1 0.633594 0.956250 0.154688 0.087500
1 0.100781 0.414583 0.170313 0.225000
1 0.055469 0.243750 0.110937 0.229167
1 0.469531 0.515625 0.182812 0.210417
1 0.217969 0.708333 0.157813 0.195833
1 0.944531 0.394792 0.110937 0.235417
2 0.492969 0.817708 0.064062 0.085417
2 0.254688 0.027083 0.062500 0.054167
1 0.093750 0.916667 0.175000 0.166667
1 0.760938 0.069792 0.159375 0.139583
1 0.182812 0.253125 0.162500 0.264583
1 0.649219 0.510417 0.185938 0.250000
1 0.500000 0.919792 0.178125 0.160417
0 0.413281 0.261458 0.364063 0.506250
1 0.759375 0.303125 0.178125 0.243750
1 0.074219 0.677083 0.148438 0.212500
1 0.925000 0.188542 0.150000 0.206250
1 0.623438 0.134375 0.150000 0.214583
1 0.741406 0.850000 0.170313 0.200000
1 0.633594 0.956250 0.154688 0.087500
1 0.100781 0.414583 0.170313 0.225000
1 0.055469 0.243750 0.110937 0.229167
1 0.469531 0.515625 0.182812 0.210417
1 0.217969 0.708333 0.157813 0.195833
1 0.944531 0.394792 0.110937 0.235417
2 0.492969 0.817708 0.064062 0.085417
2 0.254688 0.027083 0.062500 0.054167
1 0.093750 0.916667 0.175000 0.166667
1 0.760938 0.069792 0.159375 0.139583
1 0.182812 0.253125 0.162500 0.264583
1 0.649219 0.510417 0.185938 0.250000
1 0.500000 0.919792 0.178125 0.160417
0 0.413281 0.261458 0.364063 0.506250
1 0.759375 0.303125 0.178125 0.243750
1 0.074219 0.677083 0.148438 0.212500
1 0.925000 0.188542 0.150000 0.206250
1 0.623438 0.134375 0.150000 0.214583
1 0.741406 0.850000 0.170313 0.200000
1 0.633594 0.956250 0.154688 0.087500
1 0.100781 0.414583 0.170313 0.225000
1 0.055469 0.243750 0.110937 0.229167
1 0.469531 0.515625 0.182812 0.210417
1 0.217969 0.708333 0.157813 0.195833
1 0.944531 0.394792 0.110937 0.235417
2 0.492969 0.817708 0.064062 0.085417
2 0.254688 0.027083 0.062500 0.054167
1 0.093750 0.916667 0.175000 0.166667
1 0.760938 0.069792 0.159375 0.139583
1 0.182812 0.253125 0.162500 0.264583
1 0.649219 0.510417 0.185938 0.250000
1 0.500000 0.919792 0.178125 0.160417
0 0.413281 0.261458 0.364063 0.506250
1 0.759375 0.303125 0.178125 0.243750
1 0.074219 0.677083 0.148438 0.212500
1 0.925000 0.188542 0.150000 0.206250
1 0.623438 0.134375 0.150000 0.214583
1 0.741406 0.850000 0.170313 0.200000
1 0.633594 0.956250 0.154688 0.087500
1 0.100781 0.414583 0.170313 0.225000
1 0.055469 0.243750 0.110937 0.229167
1 0.469531 0.515625 0.182812 0.210417
1 0.217969 0.708333 0.157813 0.195833
1 0.944531 0.394792 0.110937 0.235417
2 0.492969 0.817708 0.064062 0.085417
2 0.254688 0.027083 0.062500 0.054167
1 0.093750 0.916667 0.175000 0.166667
1 0.760938 0.069792 0.159375 0.139583
1 0.182812 0.253125 0.162500 0.264583
1 0.649219 0.510417 0.185938 0.250000
1 0.500000 0.919792 0.178125 0.160417
0 0.413281 0.261458 0.364063 0.506250
1 0.759375 0.303125 0.178125 0.243750
1 0.074219 0.677083 0.148438 0.212500
1 0.925000 0.188542 0.150000 0.206250
1 0.623438 0.134375 0.150000 0.214583
1 0.741406 0.850000 0.170313 0.200000
1 0.633594 0.956250 0.154688 0.087500
1 0.100781 0.414583 0.170313 0.225000
1 0.055469 0.243750 0.110937 0.229167
1 0.469531 0.515625 0.182812 0.210417
1 0.217969 0.708333 0.157813 0.195833
1 0.944531 0.394792 0.110937 0.235417
2 0.492969 0.817708 0.064062 0.085417
2 0.254688 0.027083 0.062500 0.054167
1 0.093750 0.916667 0.175000 0.166667
1 0.760938 0.069792 0.159375 0.139583
1 0.182812 0.253125 0.162500 0.264583
1 0.649219 0.510417 0.185938 0.250000
1 0.500000 0.919792 0.178125 0.160417
0 0.413281 0.261458 0.364063 0.506250
1 0.759375 0.303125 0.178125 0.243750
1 0.074219 0.677083 0.148438 0.212500
1 0.925000 0.188542 0.150000 0.206250
1 0.623438 0.134375 0.150000 0.214583
1 0.741406 0.850000 0.170313 0.200000
1 0.633594 0.956250 0.154688 0.087500
1 0.100781 0.414583 0.170313 0.225000
1 0.055469 0.243750 0.110937 0.229167
1 0.469531 0.515625 0.182812 0.210417
1 0.217969 0.708333 0.157813 0.195833
1 0.944531 0.394792 0.110937 0.235417
2 0.492969 0.817708 0.064062 0.085417
2 0.254688 0.027083 0.062500 0.054167
1 0.093750 0.916667 0.175000 0.166667
1 0.760938 0.069792 0.159375 0.139583
1 0.182812 0.253125 0.162500 0.264583
1 0.649219 0.510417 0.185938 0.250000
1 0.500000 0.919792 0.178125 0.160417
0 0.413281 0.261458 0.364063 0.506250
1 0.759375 0.303125 0.178125 0.243750
1 0.074219 0.677083 0.148438 0.212500
1 0.925000 0.188542 0.150000 0.206250
1 0.623438 0.134375 0.150000 0.214583
1 0.741406 0.850000 0.170313 0.200000
1 0.633594 0.956250 0.154688 0.087500
1 0.100781 0.414583 0.170313 0.225000
1 0.055469 0.243750 0.110937 0.229167
1 0.469531 0.515625 0.182812 0.210417
1 0.217969 0.708333 0.157813 0.195833
1 0.944531 0.394792 0.110937 0.235417
2 0.492969 0.817708 0.064062 0.085417
2 0.254688 0.027083 0.062500 0.054167
1 0.093750 0.916667 0.175000 0.166667
1 0.760938 0.069792 0.159375 0.139583
1 0.182812 0.253125 0.162500 0.264583
1 0.649219 0.510417 0.185938 0.250000
1 0.500000 0.919792 0.178125 0.160417
0 0.413281 0.261458 0.364063 0.506250
1 0.759375 0.303125 0.178125 0.243750
1 0.074219 0.677083 0.148438 0.212500
1 0.925000 0.188542 0.150000 0.206250
1 0.623438 0.134375 0.150000 0.214583
1 0.741406 0.850000 0.170313 0.200000
1 0.633594 0.956250 0.154688 0.087500
1 0.100781 0.414583 0.170313 0.225000
1 0.055469 0.243750 0.110937 0.229167
1 0.469531 0.515625 0.182812 0.210417
1 0.217969 0.708333 0.157813 0.195833
1 0.944531 0.394792 0.110937 0.235417
2 0.492969 0.817708 0.064062 0.085417
2 0.254688 0.027083 0.062500 0.054167
1 0.093750 0.916667 0.175000 0.166667
1 0.760938 0.069792 0.159375 0.139583
1 0.182812 0.253125 0.162500 0.264583
1 0.649219 0.510417 0.185938 0.250000
1 0.500000 0.919792 0.178125 0.160417
0 0.413281 0.261458 0.364063 0.506250
1 0.759375 0.303125 0.178125 0.243750
1 0.074219 0.677083 0.148438 0.212500
1 0.925000 0.188542 0.150000 0.206250
1 0.623438 0.134375 0.150000 0.214583
1 0.741406 0.850000 0.170313 0.200000
1 0.633594 0.956250 0.154688 0.087500
1 0.100781 0.414583 0.170313 0.225000
1 0.055469 0.243750 0.110937 0.229167
1 0.469531 0.515625 0.182812 0.210417
1 0.217969 0.708333 0.157813 0.195833
1 0.944531 0.394792 0.110937 0.235417
2 0.492969 0.817708 0.064062 0.085417
2 0.254688 0.027083 0.062500 0.054167
1 0.093750 0.916667 0.175000 0.166667
1 0.760938 0.069792 0.159375 0.139583
1 0.182812 0.253125 0.162500 0.264583
1 0.649219 0.510417 0.185938 0.250000
1 0.500000 0.919792 0.178125 0.160417
0 0.413281 0.261458 0.364063 0.506250
1 0.759375 0.303125 0.178125 0.243750
1 0.074219 0.677083 0.148438 0.212500
1 0.925000 0.188542 0.150000 0.206250
1 0.623438 0.134375 0.150000 0.214583
1 0.741406 0.850000 0.170313 0.200000
1 0.633594 0.956250 0.154688 0.087500
1 0.100781 0.414583 0.170313 0.225000
1 0.055469 0.243750 0.110937 0.229167
1 0.469531 0.515625 0.182812 0.210417
1 0.217969 0.708333 0.157813 0.195833
1 0.944531 0.394792 0.110937 0.235417
2 0.492969 0.817708 0.064062 0.085417
2 0.254688 0.027083 0.062500 0.054167
1 0.093750 0.916667 0.175000 0.166667
1 0.760938 0.069792 0.159375 0.139583
1 0.182812 0.253125 0.162500 0.264583
1 0.649219 0.510417 0.185938 0.250000
1 0.500000 0.919792 0.178125 0.160417
0 0.413281 0.261458 0.364063 0.506250
1 0.759375 0.303125 0.178125 0.243750
1 0.074219 0.677083 0.148438 0.212500
1 0.925000 0.188542 0.150000 0.206250
1 0.623438 0.134375 0.150000 0.214583
1 0.741406 0.850000 0.170313 0.200000
