1 0.045313 0.923958 0.090625 0.152083
1 0.025000 0.113542 0.050000 0.189583
1 0.616406 0.962500 0.160938 0.075000
1 0.863281 0.962500 0.160938 0.075000
1 0.855469 0.067708 0.176563 0.131250
1 0.252344 0.090625 0.185938 0.181250
1 0.942187 0.232292 0.115625 0.210417
1 0.671094 0.387500 0.167187 0.229167
1 0.569531 0.067708 0.145313 0.135417
1 0.776563 0.875000 0.159375 0.195833
1 0.717969 0.595833 0.164062 0.204167
1 0.214062 0.919792 0.156250 0.160417
1 0.623438 0.597917 0.159375 0.216667
1 0.636719 0.826042 0.160938 0.202083
1 0.512500 0.367708 0.159375 0.227083
1 0.121875 0.226042 0.165625 0.231250
1 0.182812 0.738542 0.153125 0.239583
1 0.071875 0.557292 0.140625 0.202083
1 0.314844 0.402083 0.151562 0.216667
1 0.739844 0.086458 0.176563 0.172917
0 0.388281 0.682292 0.304688 0.397917
1 0.045313 0.923958 0.090625 0.152083
1 0.025000 0.113542 0.050000 0.189583
1 0.616406 0.962500 0.160938 0.075000
1 0.863281 0.962500 0.160938 0.075000
1 0.855469 0.067708 0.176563 0.131250
1 0.252344 0.090625 0.185938 0.181250
1 0.942187 0.232292 0.115625 0.210417
1 0.671094 0.387500 0.167187 0.229167
1 0.569531 0.067708 0.145313 0.135417
1 0.776563 0.875000 0.159375 0.195833
1 0.717969 0.595833 0.164062 0.204167
1 0.214062 0.919792 0.156250 0.160417
1 0.623438 0.597917 0.159375 0.216667
1 0.636719 0.826042 0.160938 0.202083
1 0.512500 0.367708 0.159375 0.227083
1 0.121875 0.226042 0.165625 0.231250
1 0.182812 0.738542 0.153125 0.239583
1 0.071875 0.557292 0.140625 0.202083
1 0.314844 0.402083 0.151562 0.216667
1 0.739844 0.086458 0.176563 0.172917
0 0.388281 0.682292 0.304688 0.397917
1 0.045313 0.923958 0.090625 0.152083
1 0.025000 0.113542 0.050000 0.189583
1 0.616406 0.962500 0.160938 0.075000
1 0.863281 0.962500 0.160938 0.075000
1 0.855469 0.067708 0.176563 0.131250
1 0.252344 0.090625 0.185938 0.181250
1 0.942187 0.232292 0.115625 0.210417
1 0.671094 0.387500 0.167187 0.229167
1 0.569531 0.067708 0.145313 0.135417
1 0.776563 0.875000 0.159375 0.195833
1 0.717969 0.595833 0.164062 0.204167
1 0.214062 0.919792 0.156250 0.160417
1 0.623438 0.597917 0.159375 0.216667
1 0.636719 0.826042 0.160938 0.202083
1 0.512500 0.367708 0.159375 0.227083
1 0.121875 0.226042 0.165625 0.231250
1 0.182812 0.738542 0.153125 0.239583
1 0.071875 0.557292 0.140625 0.202083
1 0.314844 0.402083 0.151562 0.216667
1 0.739844 0.086458 0.176563 0.172917
0 0.388281 0.682292 0.304688 0.397917
1 0.045313 0.923958 0.090625 0.152083
1 0.025000 0.113542 0.050000 0.189583
1 0.616406 0.962500 0.160938 0.075000
1 0.863281 0.962500 0.160938 0.075000
1 0.855469 0.067708 0.176563 0.131250
1 0.252344 0.090625 0.185938 0.181250
1 0.942187 0.232292 0.115625 0.210417
1 0.671094 0.387500 0.167187 0.229167
1 0.569531 0.067708 0.145313 0.135417
1 0.776563 0.875000 0.159375 0.195833
1 0.717969 0.595833 0.164062 0.204167
1 0.214062 0.919792 0.156250 0.160417
1 0.623438 0.597917 0.159375 0.216667
1 0.636719 0.826042 0.160938 0.202083
1 0.512500 0.367708 0.159375 0.227083
1 0.121875 0.226042 0.165625 0.231250
1 0.182812 0.738542 0.153125 0.239583
1 0.071875 0.557292 0.140625 0.202083
1 0.314844 0.402083 0.151562 0.216667
1 0.739844 0.086458 0.176563 0.172917
0 0.388281 0.682292 0.304688 0.397917
1 0.045313 0.923958 0.090625 0.152083
1 0.025000 0.113542 0.050000 0.189583
1 0.616406 0.962500 0.160938 0.075000
1 0.863281 0.962500 0.160938 0.075000
1 0.855469 0.067708 0.176563 0.131250
1 0.252344 0.090625 0.185938 0.181250
1 0.942187 0.232292 0.115625 0.210417
1 0.671094 0.387500 0.167187 0.229167
1 0.569531 0.067708 0.145313 0.135417
1 0.776563 0.875000 0.159375 0.195833
1 0.717969 0.595833 0.164062 0.204167
1 0.214062 0.919792 0.156250 0.160417
1 0.623438 0.597917 0.159375 0.216667
1 0.636719 0.826042 0.160938 0.202083
1 0.512500 0.367708 0.159375 0.227083
1 0.121875 0.226042 0.165625 0.231250
1 0.182812 0.738542 0.153125 0.239583
1 0.071875 0.557292 0.140625 0.202083
1 0.314844 0.402083 0.151562 0.216667
1 0.739844 0.086458 0.176563 0.172917
0 0.388281 0.682292 0.304688 0.397917
1 0.045313 0.923958 0.090625 0.152083
1 0.025000 0.113542 0.050000 0.189583
1 0.616406 0.962500 0.160938 0.075000
1 0.863281 0.962500 0.160938 0.075000
1 0.855469 0.067708 0.176563 0.131250
1 0.252344 0.090625 0.185938 0.181250
1 0.942187 0.232292 0.115625 0.210417
1 0.671094 0.387500 0.167187 0.229167
1 0.569531 0.067708 0.145313 0.135417
1 0.776563 0.875000 0.159375 0.195833
1 0.717969 0.595833 0.164062 0.204167
1 0.214062 0.919792 0.156250 0.160417
1 0.623438 0.597917 0.159375 0.216667
1 0.636719 0.826042 0.160938 0.202083
1 0.512500 0.367708 0.159375 0.227083
1 0.121875 0.226042 0.165625 0.231250
1 0.182812 0.738542 0.153125 0.239583
1 0.071875 0.557292 0.140625 0.202083
1 0.314844 0.402083 0.151562 0.216667
1 0.739844 0.086458 0.176563 0.172917
0 0.388281 0.682292 0.304688 0.397917
1 0.045313 0.923958 0.090625 0.152083
1 0.025000 0.113542 0.050000 0.189583
1 0.616406 0.962500 0.160938 0.075000
1 0.863281 0.962500 0.160938 0.075000
1 0.855469 0.067708 0.176563 0.131250
1 0.252344 0.090625 0.185938 0.181250
1 0.942187 0.232292 0.115625 0.210417
1 0.671094 0.387500 0.167187 0.229167
1 0.569531 0.067708 0.145313 0.135417
1 0.776563 0.875000 0.159375 0.195833
1 0.717969 0.595833 0.164062 0.204167
1 0.214062 0.919792 0.156250 0.160417
1 0.623438 0.597917 0.159375 0.216667
1 0.636719 0.826042 0.160938 0.202083
1 0.512500 0.367708 0.159375 0.227083
1 0.121875 0.226042 0.165625 0.231250
1 0.182812 0.738542 0.153125 0.239583
1 0.071875 0.557292 0.140625 0.202083
1 0.314844 0.402083 0.151562 0.216667
1 0.739844 0.086458 0.176563 0.172917
0 0.388281 0.682292 0.304688 0.397917
1 0.045313 0.923958 0.090625 0.152083
1 0.025000 0.113542 0.050000 0.189583
1 0.616406 0.962500 0.160938 0.075000
1 0.863281 0.962500 0.160938 0.075000
1 0.855469 0.067708 0.176563 0.131250
1 0.252344 0.090625 0.185938 0.181250
1 0.942187 0.232292 0.115625 0.210417
1 0.671094 0.387500 0.167187 0.229167
1 0.569531 0.067708 0.145313 0.135417
1 0.776563 0.875000 0.159375 0.195833
1 0.717969 0.595833 0.164062 0.204167
1 0.214062 0.919792 0.156250 0.160417
1 0.623438 0.597917 0.159375 0.216667
1 0.636719 0.826042 0.160938 0.202083
1 0.512500 0.367708 0.159375 0.227083
1 0.121875 0.226042 0.165625 0.231250
1 0.182812 0.738542 0.153125 0.239583
1 0.071875 0.557292 0.140625 0.202083
1 0.314844 0.402083 0.151562 0.216667
1 0.739844 0.086458 0.176563 0.172917
0 0.388281 0.682292 0.304688 0.397917
1 0.045313 0.923958 0.090625 0.152083
1 0.025000 0.113542 0.050000 0.189583
1 0.616406 0.962500 0.160938 0.075000
1 0.863281 0.962500 0.160938 0.075000
1 0.855469 0.067708 0.176563 0.131250
1 0.252344 0.090625 0.185938 0.181250
1 0.942187 0.232292 0.115625 0.210417
1 0.671094 0.387500 0.167187 0.229167
1 0.569531 0.067708 0.145313 0.135417
1 0.776563 0.875000 0.159375 0.195833
1 0.717969 0.595833 0.164062 0.204167
1 0.214062 0.919792 0.156250 0.160417
1 0.623438 0.597917 0.159375 0.216667
1 0.636719 0.826042 0.160938 0.202083
1 0.512500 0.367708 0.159375 0.227083
1 0.121875 0.226042 0.165625 0.231250
1 0.182812 0.738542 0.153125 0.239583
1 0.071875 0.557292 0.140625 0.202083
1 0.314844 0.402083 0.151562 0.216667
1 0.739844 0.086458 0.176563 0.172917
0 0.388281 0.682292 0.304688 0.397917
1 0.045313 0.923958 0.090625 0.152083
1 0.025000 0.113542 0.050000 0.189583
1 0.616406 0.962500 0.160938 0.075000
1 0.863281 0.962500 0.160938 0.075000
1 0.855469 0.067708 0.176563 0.131250
1 0.252344 0.090625 0.185938 0.181250
1 0.942187 0.232292 0.115625 0.210417
1 0.671094 0.387500 0.167187 0.229167
1 0.569531 0.067708 0.145313 0.135417
1 0.776563 0.875000 0.159375 0.195833
1 0.717969 0.595833 0.164062 0.204167
1 0.214062 0.919792 0.156250 0.160417
1 0.623438 0.597917 0.159375 0.216667
1 0.636719 0.826042 0.160938 0.202083
1 0.512500 0.367708 0.159375 0.227083
1 0.121875 0.226042 0.165625 0.231250
1 0.182812 0.738542 0.153125 0.239583
1 0.071875 0.557292 0.140625 0.202083
1 0.314844 0.402083 0.151562 0.216667
1 0.739844 0.086458 0.176563 0.172917
0 0.388281 0.682292 0.304688 0.397917
1 0.045313 0.923958 0.090625 0.152083
1 0.025000 0.113542 0.050000 0.189583
1 0.616406 0.962500 0.160938 0.075000
1 0.863281 0.962500 0.160938 0.075000
1 0.855469 0.067708 0.176563 0.131250
1 0.252344 0.090625 0.185938 0.181250
1 0.942187 0.232292 0.115625 0.210417
1 0.671094 0.387500 0.167187 0.229167
1 0.569531 0.067708 0.145313 0.135417
1 0.776563 0.875000 0.159375 0.195833
1 0.717969 0.595833 0.164062 0.204167
1 0.214062 0.919792 0.156250 0.160417
1 0.623438 0.597917 0.159375 0.216667
1 0.636719 0.826042 0.160938 0.202083
1 0.512500 0.367708 0.159375 0.227083
1 0.121875 0.226042 0.165625 0.231250
1 0.182812 0.738542 0.153125 0.239583
1 0.071875 0.557292 0.140625 0.202083
1 0.314844 0.402083 0.151562 0.216667
1 0.739844 0.086458 0.176563 0.172917
0 0.388281 0.682292 0.304688 0.397917
1 0.045313 0.923958 0.090625 0.152083
1 0.025000 0.113542 0.050000 0.189583
1 0.616406 0.962500 0.160938 0.075000
1 0.863281 0.962500 0.160938 0.075000
1 0.855469 0.067708 0.176563 0.131250
1 0.252344 0.090625 0.185938 0.181250
1 0.942187 0.232292 0.115625 0.210417
1 0.671094 0.387500 0.167187 0.229167
1 0.569531 0.067708 0.145313 0.135417
1 0.776563 0.875000 0.159375 0.195833
1 0.717969 0.595833 0.164062 0.204167
1 0.214062 0.919792 0.156250 0.160417
1 0.623438 0.597917 0.159375 0.216667
1 0.636719 0.826042 0.160938 0.202083
1 0.512500 0.367708 0.159375 0.227083
1 0.121875 0.226042 0.165625 0.231250
1 0.182812 0.738542 0.153125 0.239583
1 0.071875 0.557292 0.140625 0.202083
1 0.314844 0.402083 0.151562 0.216667
1 0.739844 0.086458 0.176563 0.172917
0 0.388281 0.682292 0.304688 0.397917
1 0.045313 0.923958 0.090625 0.152083
1 0.025000 0.113542 0.050000 0.189583
1 0.616406 0.962500 0.160938 0.075000
1 0.863281 0.962500 0.160938 0.075000
1 0.855469 0.067708 0.176563 0.131250
1 0.252344 0.090625 0.185938 0.181250
1 0.942187 0.232292 0.115625 0.210417
1 0.671094 0.387500 0.167187 0.229167
1 0.569531 0.067708 0.145313 0.135417
1 0.776563 0.875000 0.159375 0.195833
1 0.717969 0.595833 0.164062 0.204167
1 0.214062 0.919792 0.156250 0.160417
1 0.623438 0.597917 0.159375 0.216667
1 0.636719 0.826042 0.160938 0.202083
1 0.512500 0.367708 0.159375 0.227083
1 0.121875 0.226042 0.165625 0.231250
1 0.182812 0.738542 0.153125 0.239583
1 0.071875 0.557292 0.140625 0.202083
1 0.314844 0.402083 0.151562 0.216667
1 0.739844 0.086458 0.176563 0.172917
0 0.388281 0.682292 0.304688 0.397917
1 0.045313 0.923958 0.090625 0.152083
1 0.025000 0.113542 0.050000 0.189583
1 0.616406 0.962500 0.160938 0.075000
1 0.863281 0.962500 0.160938 0.075000
1 0.855469 0.067708 0.176563 0.131250
1 0.252344 0.090625 0.185938 0.181250
1 0.942187 0.232292 0.115625 0.210417
1 0.671094 0.387500 0.167187 0.229167
1 0.569531 0.067708 0.145313 0.135417
1 0.776563 0.875000 0.159375 0.195833
1 0.717969 0.595833 0.164062 0.204167
1 0.214062 0.919792 0.156250 0.160417
1 0.623438 0.597917 0.159375 0.216667
1 0.636719 0.826042 0.160938 0.202083
1 0.512500 0.367708 0.159375 0.227083
1 0.121875 0.226042 0.165625 0.231250
1 0.182812 0.738542 0.153125 0.239583
1 0.071875 0.557292 0.140625 0.202083
1 0.314844 0.402083 0.151562 0.216667
1 0.739844 0.086458 0.176563 0.172917
0 0.388281 0.682292 0.304688 0.397917
1 0.045313 0.923958 0.090625 0.152083
1 0.025000 0.113542 0.050000 0.189583
1 0.616406 0.962500 0.160938 0.075000
1 0.863281 0.962500 0.160938 0.075000
1 0.855469 0.067708 0.176563 0.131250
1 0.252344 0.090625 0.185938 0.181250
1 0.942187 0.232292 0.115625 0.210417
1 0.671094 0.387500 0.167187 0.229167
1 0.569531 0.067708 0.145313 0.135417
1 0.776563 0.875000 0.159375 0.195833
1 0.717969 0.595833 0.164062 0.204167
1 0.214062 0.919792 0.156250 0.160417
1 0.623438 0.597917 0.159375 0.216667
1 0.636719 0.826042 0.160938 0.202083
1 0.512500 0.367708 0.159375 0.227083
1 0.121875 0.226042 0.165625 0.231250
1 0.182812 0.738542 0.153125 0.239583
1 0.071875 0.557292 0.140625 0.202083
1 0.314844 0.402083 0.151562 0.216667
1 0.739844 0.086458 0.176563 0.172917
0 0.388281 0.682292 0.304688 0.397917
1 0.045313 0.923958 0.090625 0.152083
1 0.025000 0.113542 0.050000 0.189583
1 0.616406 0.962500 0.160938 0.075000
1 0.863281 0.962500 0.160938 0.075000
1 0.855469 0.067708 0.176563 0.131250
1 0.252344 0.090625 0.185938 0.181250
1 0.942187 0.232292 0.115625 0.210417
1 0.671094 0.387500 0.167187 0.229167
1 0.569531 0.067708 0.145313 0.135417
1 0.776563 0.875000 0.159375 0.195833
1 0.717969 0.595833 0.164062 0.204167
1 0.214062 0.919792 0.156250 0.160417
1 0.623438 0.597917 0.159375 0.216667
1 0.636719 0.826042 0.160938 0.202083
1 0.512500 0.367708 0.159375 0.227083
1 0.121875 0.226042 0.165625 0.231250
1 0.182812 0.738542 0.153125 0.239583
1 0.071875 0.557292 0.140625 0.202083
1 0.314844 0.402083 0.151562 0.216667
1 0.739844 0.086458 0.176563 0.172917
0 0.388281 0.682292 0.304688 0.397917
1 0.045313 0.923958 0.090625 0.152083
1 0.025000 0.113542 0.050000 0.189583
1 0.616406 0.962500 0.160938 0.075000
1 0.863281 0.962500 0.160938 0.075000
1 0.855469 0.067708 0.176563 0.131250
1 0.252344 0.090625 0.185938 0.181250
1 0.942187 0.232292 0.115625 0.210417
1 0.671094 0.387500 0.167187 0.229167
1 0.569531 0.067708 0.145313 0.135417
1 0.776563 0.875000 0.159375 0.195833
1 0.717969 0.595833 0.164062 0.204167
1 0.214062 0.919792 0.156250 0.160417
1 0.623438 0.597917 0.159375 0.216667
1 0.636719 0.826042 0.160938 0.202083
1 0.512500 0.367708 0.159375 0.227083
1 0.121875 0.226042 0.165625 0.231250
1 0.182812 0.738542 0.153125 0.239583
1 0.071875 0.557292 0.140625 0.202083
1 0.314844 0.402083 0.151562 0.216667
1 0.739844 0.086458 0.176563 0.172917
0 0.388281 0.682292 0.304688 0.397917
1 0.045313 0.923958 0.090625 0.152083
1 0.025000 0.113542 0.050000 0.189583
1 0.616406 0.962500 0.160938 0.075000
1 0.863281 0.962500 0.160938 0.075000
1 0.855469 0.067708 0.176563 0.131250
1 0.252344 0.090625 0.185938 0.181250
1 0.942187 0.232292 0.115625 0.210417
1 0.671094 0.387500 0.167187 0.229167
1 0.569531 0.067708 0.145313 0.135417
1 0.776563 0.875000 0.159375 0.195833
1 0.717969 0.595833 0.164062 0.204167
1 0.214062 0.919792 0.156250 0.160417
1 0.623438 0.597917 0.159375 0.216667
1 0.636719 0.826042 0.160938 0.202083
1 0.512500 0.367708 0.159375 0.227083
1 0.121875 0.226042 0.165625 0.231250
1 0.182812 0.738542 0.153125 0.239583
1 0.071875 0.557292 0.140625 0.202083
1 0.314844 0.402083 0.151562 0.216667
1 0.739844 0.086458 0.176563 0.172917
0 0.388281 0.682292 0.304688 0.397917
1 0.045313 0.923958 0.090625 0.152083
1 0.025000 0.113542 0.050000 0.189583
1 0.616406 0.962500 0.160938 0.075000
1 0.863281 0.962500 0.160938 0.075000
1 0.855469 0.067708 0.176563 0.131250
1 0.252344 0.090625 0.185938 0.181250
1 0.942187 0.232292 0.115625 0.210417
1 0.671094 0.387500 0.167187 0.229167
1 0.569531 0.067708 0.145313 0.135417
1 0.776563 0.875000 0.159375 0.195833
1 0.717969 0.595833 0.164062 0.204167
1 0.214062 0.919792 0.156250 0.160417
1 0.623438 0.597917 0.159375 0.216667
1 0.636719 0.826042 0.160938 0.202083
1 0.512500 0.367708 0.159375 0.227083
1 0.121875 0.226042 0.165625 0.231250
1 0.182812 0.738542 0.153125 0.239583
1 0.071875 0.557292 0.140625 0.202083
1 0.314844 0.402083 0.151562 0.216667
1 0.739844 0.086458 0.176563 0.172917
0 0.388281 0.682292 0.304688 0.397917
1 0.045313 0.923958 0.090625 0.152083
1 0.025000 0.113542 0.050000 0.189583
1 0.616406 0.962500 0.160938 0.075000
1 0.863281 0.962500 0.160938 0.075000
1 0.855469 0.067708 0.176563 0.131250
1 0.252344 0.090625 0.185938 0.181250
1 0.942187 0.232292 0.115625 0.210417
1 0.671094 0.387500 0.167187 0.229167
1 0.569531 0.067708 0.145313 0.135417
1 0.776563 0.875000 0.159375 0.195833
1 0.717969 0.595833 0.164062 0.204167
1 0.214062 0.919792 0.156250 0.160417
1 0.623438 0.597917 0.159375 0.216667
1 0.636719 0.826042 0.160938 0.202083
1 0.512500 0.367708 0.159375 0.227083
1 0.121875 0.226042 0.165625 0.231250
1 0.182812 0.738542 0.153125 0.239583
1 0.071875 0.557292 0.140625 0.202083
1 0.314844 0.402083 0.151562 0.216667
1 0.739844 0.086458 0.176563 0.172917
0 0.388281 0.682292 0.304688 0.397917
1 0.045313 0.923958 0.090625 0.152083
1 0.025000 0.113542 0.050000 0.189583
1 0.616406 0.962500 0.160938 0.075000
1 0.863281 0.962500 0.160938 0.075000
1 0.855469 0.067708 0.176563 0.131250
1 0.252344 0.090625 0.185938 0.181250
1 0.942187 0.232292 0.115625 0.210417
1 0.671094 0.387500 0.167187 0.229167
1 0.569531 0.067708 0.145313 0.135417
1 0.776563 0.875000 0.159375 0.195833
1 0.717969 0.595833 0.164062 0.204167
1 0.214062 0.919792 0.156250 0.160417
1 0.623438 0.597917 0.159375 0.216667
1 0.636719 0.826042 0.160938 0.202083
1 0.512500 0.367708 0.159375 0.227083
1 0.121875 0.226042 0.165625 0.231250
1 0.182812 0.738542 0.153125 0.239583
1 0.071875 0.557292 0.140625 0.202083
1 0.314844 0.402083 0.151562 0.216667
1 0.739844 0.086458 0.176563 0.172917
0 0.388281 0.682292 0.304688 0.397917
