1 0.812500 0.606250 0.218750 0.120833
1 0.523438 0.426042 0.150000 0.210417
1 0.838281 0.101042 0.176563 0.202083
1 0.353906 0.904167 0.157813 0.191667
1 0.832031 0.939583 0.195312 0.120833
1 0.505469 0.737500 0.132812 0.183333
1 0.175781 0.773958 0.157813 0.206250
1 0.783594 0.728125 0.170313 0.231250
1 0.799219 0.352083 0.192188 0.216667
1 0.066406 0.667708 0.132812 0.168750
1 0.275781 0.448958 0.164062 0.210417
1 0.590625 0.258333 0.165625 0.225000
0 0.302344 0.178125 0.310937 0.356250
1 0.812500 0.606250 0.218750 0.120833
1 0.523438 0.426042 0.150000 0.210417
1 0.838281 0.101042 0.176563 0.202083
1 0.353906 0.904167 0.157813 0.191667
1 0.832031 0.939583 0.195312 0.120833
1 0.505469 0.737500 0.132812 0.183333
1 0.175781 0.773958 0.157813 0.206250
1 0.783594 0.728125 0.170313 0.231250
1 0.799219 0.352083 0.192188 0.216667
1 0.066406 0.667708 0.132812 0.168750
1 0.275781 0.448958 0.164062 0.210417
1 0.590625 0.258333 0.165625 0.225000
0 0.302344 0.178125 0.310937 0.356250
1 0.812500 0.606250 0.218750 0.120833
1 0.523438 0.426042 0.150000 0.210417
1 0.838281 0.101042 0.176563 0.202083
1 0.353906 0.904167 0.157813 0.191667
1 0.832031 0.939583 0.195312 0.120833
1 0.505469 0.737500 0.132812 0.183333
1 0.175781 0.773958 0.157813 0.206250
1 0.783594 0.728125 0.170313 0.231250
1 0.799219 0.352083 0.192188 0.216667
1 0.066406 0.667708 0.132812 0.168750
1 0.275781 0.448958 0.164062 0.210417
1 0.590625 0.258333 0.165625 0.225000
0 0.302344 0.178125 0.310937 0.356250
1 0.812500 0.606250 0.218750 0.120833
1 0.523438 0.426042 0.150000 0.210417
1 0.838281 0.101042 0.176563 0.202083
1 0.353906 0.904167 0.157813 0.191667
1 0.832031 0.939583 0.195312 0.120833
1 0.505469 0.737500 0.132812 0.183333
1 0.175781 0.773958 0.157813 0.206250
1 0.783594 0.728125 0.170313 0.231250
1 0.799219 0.352083 0.192188 0.216667
1 0.066406 0.667708 0.132812 0.168750
1 0.275781 0.448958 0.164062 0.210417
1 0.590625 0.258333 0.165625 0.225000
0 0.302344 0.178125 0.310937 0.356250
1 0.812500 0.606250 0.218750 0.120833
1 0.523438 0.426042 0.150000 0.210417
1 0.838281 0.101042 0.176563 0.202083
1 0.353906 0.904167 0.157813 0.191667
1 0.832031 0.939583 0.195312 0.120833
1 0.505469 0.737500 0.132812 0.183333
1 0.175781 0.773958 0.157813 0.206250
1 0.783594 0.728125 0.170313 0.231250
1 0.799219 0.352083 0.192188 0.216667
1 0.066406 0.667708 0.132812 0.168750
1 0.275781 0.448958 0.164062 0.210417
1 0.590625 0.258333 0.165625 0.225000
0 0.302344 0.178125 0.310937 0.356250
1 0.812500 0.606250 0.218750 0.120833
1 0.523438 0.426042 0.150000 0.210417
1 0.838281 0.101042 0.176563 0.202083
1 0.353906 0.904167 0.157813 0.191667
1 0.832031 0.939583 0.195312 0.120833
1 0.505469 0.737500 0.132812 0.183333
1 0.175781 0.773958 0.157813 0.206250
1 0.783594 0.728125 0.170313 0.231250
1 0.799219 0.352083 0.192188 0.216667
1 0.066406 0.667708 0.132812 0.168750
1 0.275781 0.448958 0.164062 0.210417
1 0.590625 0.258333 0.165625 0.225000
0 0.302344 0.178125 0.310937 0.356250
1 0.812500 0.606250 0.218750 0.120833
1 0.523438 0.426042 0.150000 0.210417
1 0.838281 0.101042 0.176563 0.202083
1 0.353906 0.904167 0.157813 0.191667
1 0.832031 0.939583 0.195312 0.120833
1 0.505469 0.737500 0.132812 0.183333
1 0.175781 0.773958 0.157813 0.206250
1 0.783594 0.728125 0.170313 0.231250
1 0.799219 0.352083 0.192188 0.216667
1 0.066406 0.667708 0.132812 0.168750
1 0.275781 0.448958 0.164062 0.210417
1 0.590625 0.258333 0.165625 0.225000
0 0.302344 0.178125 0.310937 0.356250
1 0.812500 0.606250 0.218750 0.120833
1 0.523438 0.426042 0.150000 0.210417
1 0.838281 0.101042 0.176563 0.202083
1 0.353906 0.904167 0.157813 0.191667
1 0.832031 0.939583 0.195312 0.120833
1 0.505469 0.737500 0.132812 0.183333
1 0.175781 0.773958 0.157813 0.206250
1 0.783594 0.728125 0.170313 0.231250
1 0.799219 0.352083 0.192188 0.216667
1 0.066406 0.667708 0.132812 0.168750
1 0.275781 0.448958 0.164062 0.210417
1 0.590625 0.258333 0.165625 0.225000
0 0.302344 0.178125 0.310937 0.356250
1 0.812500 0.606250 0.218750 0.120833
1 0.523438 0.426042 0.150000 0.210417
1 0.838281 0.101042 0.176563 0.202083
1 0.353906 0.904167 0.157813 0.191667
1 0.832031 0.939583 0.195312 0.120833
1 0.505469 0.737500 0.132812 0.183333
1 0.175781 0.773958 0.157813 0.206250
1 0.783594 0.728125 0.170313 0.231250
1 0.799219 0.352083 0.192188 0.216667
1 0.066406 0.667708 0.132812 0.168750
1 0.275781 0.448958 0.164062 0.210417
1 0.590625 0.258333 0.165625 0.225000
0 0.302344 0.178125 0.310937 0.356250
1 0.812500 0.606250 0.218750 0.120833
1 0.523438 0.426042 0.150000 0.210417
1 0.838281 0.101042 0.176563 0.202083
1 0.353906 0.904167 0.157813 0.191667
1 0.832031 0.939583 0.195312 0.120833
1 0.505469 0.737500 0.132812 0.183333
1 0.175781 0.773958 0.157813 0.206250
1 0.783594 0.728125 0.170313 0.231250
1 0.799219 0.352083 0.192188 0.216667
1 0.066406 0.667708 0.132812 0.168750
1 0.275781 0.448958 0.164062 0.210417
1 0.590625 0.258333 0.165625 0.225000
0 0.302344 0.178125 0.310937 0.356250
1 0.812500 0.606250 0.218750 0.120833
1 0.523438 0.426042 0.150000 0.210417
1 0.838281 0.101042 0.176563 0.202083
1 0.353906 0.904167 0.157813 0.191667
1 0.832031 0.939583 0.195312 0.120833
1 0.505469 0.737500 0.132812 0.183333
1 0.175781 0.773958 0.157813 0.206250
1 0.783594 0.728125 0.170313 0.231250
1 0.799219 0.352083 0.192188 0.216667
1 0.066406 0.667708 0.132812 0.168750
1 0.275781 0.448958 0.164062 0.210417
1 0.590625 0.258333 0.165625 0.225000
0 0.302344 0.178125 0.310937 0.356250
1 0.812500 0.606250 0.218750 0.120833
1 0.523438 0.426042 0.150000 0.210417
1 0.838281 0.101042 0.176563 0.202083
1 0.353906 0.904167 0.157813 0.191667
1 0.832031 0.939583 0.195312 0.120833
1 0.505469 0.737500 0.132812 0.183333
1 0.175781 0.773958 0.157813 0.206250
1 0.783594 0.728125 0.170313 0.231250
1 0.799219 0.352083 0.192188 0.216667
1 0.066406 0.667708 0.132812 0.168750
1 0.275781 0.448958 0.164062 0.210417
1 0.590625 0.258333 0.165625 0.225000
0 0.302344 0.178125 0.310937 0.356250
1 0.812500 0.606250 0.218750 0.120833
1 0.523438 0.426042 0.150000 0.210417
1 0.838281 0.101042 0.176563 0.202083
1 0.353906 0.904167 0.157813 0.191667
1 0.832031 0.939583 0.195312 0.120833
1 0.505469 0.737500 0.132812 0.183333
1 0.175781 0.773958 0.157813 0.206250
1 0.783594 0.728125 0.170313 0.231250
1 0.799219 0.352083 0.192188 0.216667
1 0.066406 0.667708 0.132812 0.168750
1 0.275781 0.448958 0.164062 0.210417
1 0.590625 0.258333 0.165625 0.225000
0 0.302344 0.178125 0.310937 0.356250
