1 0.289844 0.025000 0.179688 0.045833
1 0.971094 0.409375 0.057813 0.222917
1 0.034375 0.077083 0.068750 0.154167
2 0.586719 0.461458 0.070312 0.102083
2 0.736719 0.967708 0.057813 0.060417
2 0.578125 0.769792 0.071875 0.089583
1 0.100000 0.098958 0.181250 0.185417
1 0.632031 0.044792 0.242188 0.089583
1 0.971094 0.618750 0.057813 0.212500
1 0.686719 0.839583 0.176563 0.229167
1 0.678125 0.651042 0.181250 0.206250
1 0.438281 0.914583 0.164062 0.170833
1 0.273438 0.475000 0.181250 0.245833
1 0.096094 0.855208 0.179688 0.235417
1 0.287500 0.097917 0.168750 0.187500
1 0.932031 0.830208 0.135937 0.235417
1 0.068750 0.318750 0.137500 0.233333
1 0.853906 0.391667 0.167187 0.195833
1 0.121094 0.637500 0.182812 0.212500
1 0.930469 0.108333 0.139063 0.195833
0 0.468750 0.245833 0.306250 0.445833
1 0.414062 0.675000 0.168750 0.266667
1 0.856250 0.627083 0.168750 0.237500
1 0.266406 0.793750 0.160938 0.216667
1 0.289844 0.025000 0.179688 0.045833
1 0.971094 0.409375 0.057813 0.222917
1 0.034375 0.077083 0.068750 0.154167
2 0.586719 0.461458 0.070312 0.102083
2 0.736719 0.967708 0.057813 0.060417
2 0.578125 0.769792 0.071875 0.089583
1 0.100000 0.098958 0.181250 0.185417
1 0.632031 0.044792 0.242188 0.089583
1 0.971094 0.618750 0.057813 0.212500
1 0.686719 0.839583 0.176563 0.229167
1 0.678125 0.651042 0.181250 0.206250
1 0.438281 0.914583 0.164062 0.170833
1 0.273438 0.475000 0.181250 0.245833
1 0.096094 0.855208 0.179688 0.235417
1 0.287500 0.097917 0.168750 0.187500
1 0.932031 0.830208 0.135937 0.235417
1 0.068750 0.318750 0.137500 0.233333
1 0.853906 0.391667 0.167187 0.195833
1 0.121094 0.637500 0.182812 0.212500
1 0.930469 0.108333 0.139063 0.195833
0 0.468750 0.245833 0.306250 0.445833
1 0.414062 0.675000 0.168750 0.266667
1 0.856250 0.627083 0.168750 0.237500
1 0.266406 0.793750 0.160938 0.216667
1 0.289844 0.025000 0.179688 0.045833
1 0.971094 0.409375 0.057813 0.222917
1 0.034375 0.077083 0.068750 0.154167
2 0.586719 0.461458 0.070312 0.102083
2 0.736719 0.967708 0.057813 0.060417
2 0.578125 0.769792 0.071875 0.089583
1 0.100000 0.098958 0.181250 0.185417
1 0.632031 0.044792 0.242188 0.089583
1 0.971094 0.618750 0.057813 0.212500
1 0.686719 0.839583 0.176563 0.229167
1 0.678125 0.651042 0.181250 0.206250
1 0.438281 0.914583 0.164062 0.170833
1 0.273438 0.475000 0.181250 0.245833
1 0.096094 0.855208 0.179688 0.235417
1 0.287500 0.097917 0.168750 0.187500
1 0.932031 0.830208 0.135937 0.235417
1 0.068750 0.318750 0.137500 0.233333
1 0.853906 0.391667 0.167187 0.195833
1 0.121094 0.637500 0.182812 0.212500
1 0.930469 0.108333 0.139063 0.195833
0 0.468750 0.245833 0.306250 0.445833
1 0.414062 0.675000 0.168750 0.266667
1 0.856250 0.627083 0.168750 0.237500
1 0.266406 0.793750 0.160938 0.216667
1 0.289844 0.025000 0.179688 0.045833
1 0.971094 0.409375 0.057813 0.222917
1 0.034375 0.077083 0.068750 0.154167
2 0.586719 0.461458 0.070312 0.102083
2 0.736719 0.967708 0.057813 0.060417
2 0.578125 0.769792 0.071875 0.089583
1 0.100000 0.098958 0.181250 0.185417
1 0.632031 0.044792 0.242188 0.089583
1 0.971094 0.618750 0.057813 0.212500
1 0.686719 0.839583 0.176563 0.229167
1 0.678125 0.651042 0.181250 0.206250
1 0.438281 0.914583 0.164062 0.170833
1 0.273438 0.475000 0.181250 0.245833
1 0.096094 0.855208 0.179688 0.235417
1 0.287500 0.097917 0.168750 0.187500
1 0.932031 0.830208 0.135937 0.235417
1 0.068750 0.318750 0.137500 0.233333
1 0.853906 0.391667 0.167187 0.195833
1 0.121094 0.637500 0.182812 0.212500
1 0.930469 0.108333 0.139063 0.195833
0 0.468750 0.245833 0.306250 0.445833
1 0.414062 0.675000 0.168750 0.266667
1 0.856250 0.627083 0.168750 0.237500
1 0.266406 0.793750 0.160938 0.216667
1 0.289844 0.025000 0.179688 0.045833
1 0.971094 0.409375 0.057813 0.222917
1 0.034375 0.077083 0.068750 0.154167
2 0.586719 0.461458 0.070312 0.102083
2 0.736719 0.967708 0.057813 0.060417
2 0.578125 0.769792 0.071875 0.089583
1 0.100000 0.098958 0.181250 0.185417
1 0.632031 0.044792 0.242188 0.089583
1 0.971094 0.618750 0.057813 0.212500
1 0.686719 0.839583 0.176563 0.229167
1 0.678125 0.651042 0.181250 0.206250
1 0.438281 0.914583 0.164062 0.170833
1 0.273438 0.475000 0.181250 0.245833
1 0.096094 0.855208 0.179688 0.235417
1 0.287500 0.097917 0.168750 0.187500
1 0.932031 0.830208 0.135937 0.235417
1 0.068750 0.318750 0.137500 0.233333
1 0.853906 0.391667 0.167187 0.195833
1 0.121094 0.637500 0.182812 0.212500
1 0.930469 0.108333 0.139063 0.195833
0 0.468750 0.245833 0.306250 0.445833
1 0.414062 0.675000 0.168750 0.266667
1 0.856250 0.627083 0.168750 0.237500
1 0.266406 0.793750 0.160938 0.216667
1 0.289844 0.025000 0.179688 0.045833
1 0.971094 0.409375 0.057813 0.222917
1 0.034375 0.077083 0.068750 0.154167
2 0.586719 0.461458 0.070312 0.102083
2 0.736719 0.967708 0.057813 0.060417
2 0.578125 0.769792 0.071875 0.089583
1 0.100000 0.098958 0.181250 0.185417
1 0.632031 0.044792 0.242188 0.089583
1 0.971094 0.618750 0.057813 0.212500
1 0.686719 0.839583 0.176563 0.229167
1 0.678125 0.651042 0.181250 0.206250
1 0.438281 0.914583 0.164062 0.170833
1 0.273438 0.475000 0.181250 0.245833
1 0.096094 0.855208 0.179688 0.235417
1 0.287500 0.097917 0.168750 0.187500
1 0.932031 0.830208 0.135937 0.235417
1 0.068750 0.318750 0.137500 0.233333
1 0.853906 0.391667 0.167187 0.195833
1 0.121094 0.637500 0.182812 0.212500
1 0.930469 0.108333 0.139063 0.195833
0 0.468750 0.245833 0.306250 0.445833
1 0.414062 0.675000 0.168750 0.266667
1 0.856250 0.627083 0.168750 0.237500
1 0.266406 0.793750 0.160938 0.216667
1 0.289844 0.025000 0.179688 0.045833
1 0.971094 0.409375 0.057813 0.222917
1 0.034375 0.077083 0.068750 0.154167
2 0.586719 0.461458 0.070312 0.102083
2 0.736719 0.967708 0.057813 0.060417
2 0.578125 0.769792 0.071875 0.089583
1 0.100000 0.098958 0.181250 0.185417
1 0.632031 0.044792 0.242188 0.089583
1 0.971094 0.618750 0.057813 0.212500
1 0.686719 0.839583 0.176563 0.229167
1 0.678125 0.651042 0.181250 0.206250
1 0.438281 0.914583 0.164062 0.170833
1 0.273438 0.475000 0.181250 0.245833
1 0.096094 0.855208 0.179688 0.235417
1 0.287500 0.097917 0.168750 0.187500
1 0.932031 0.830208 0.135937 0.235417
1 0.068750 0.318750 0.137500 0.233333
1 0.853906 0.391667 0.167187 0.195833
1 0.121094 0.637500 0.182812 0.212500
1 0.930469 0.108333 0.139063 0.195833
0 0.468750 0.245833 0.306250 0.445833
1 0.414062 0.675000 0.168750 0.266667
1 0.856250 0.627083 0.168750 0.237500
1 0.266406 0.793750 0.160938 0.216667
1 0.289844 0.025000 0.179688 0.045833
1 0.971094 0.409375 0.057813 0.222917
1 0.034375 0.077083 0.068750 0.154167
2 0.586719 0.461458 0.070312 0.102083
2 0.736719 0.967708 0.057813 0.060417
2 0.578125 0.769792 0.071875 0.089583
1 0.100000 0.098958 0.181250 0.185417
1 0.632031 0.044792 0.242188 0.089583
1 0.971094 0.618750 0.057813 0.212500
1 0.686719 0.839583 0.176563 0.229167
1 0.678125 0.651042 0.181250 0.206250
1 0.438281 0.914583 0.164062 0.170833
1 0.273438 0.475000 0.181250 0.245833
1 0.096094 0.855208 0.179688 0.235417
1 0.287500 0.097917 0.168750 0.187500
1 0.932031 0.830208 0.135937 0.235417
1 0.068750 0.318750 0.137500 0.233333
1 0.853906 0.391667 0.167187 0.195833
1 0.121094 0.637500 0.182812 0.212500
1 0.930469 0.108333 0.139063 0.195833
0 0.468750 0.245833 0.306250 0.445833
1 0.414062 0.675000 0.168750 0.266667
1 0.856250 0.627083 0.168750 0.237500
1 0.266406 0.793750 0.160938 0.216667
1 0.289844 0.025000 0.179688 0.045833
1 0.971094 0.409375 0.057813 0.222917
1 0.034375 0.077083 0.068750 0.154167
2 0.586719 0.461458 0.070312 0.102083
2 0.736719 0.967708 0.057813 0.060417
2 0.578125 0.769792 0.071875 0.089583
1 0.100000 0.098958 0.181250 0.185417
1 0.632031 0.044792 0.242188 0.089583
1 0.971094 0.618750 0.057813 0.212500
1 0.686719 0.839583 0.176563 0.229167
1 0.678125 0.651042 0.181250 0.206250
1 0.438281 0.914583 0.164062 0.170833
1 0.273438 0.475000 0.181250 0.245833
1 0.096094 0.855208 0.179688 0.235417
1 0.287500 0.097917 0.168750 0.187500
1 0.932031 0.830208 0.135937 0.235417
1 0.068750 0.318750 0.137500 0.233333
1 0.853906 0.391667 0.167187 0.195833
1 0.121094 0.637500 0.182812 0.212500
1 0.930469 0.108333 0.139063 0.195833
0 0.468750 0.245833 0.306250 0.445833
1 0.414062 0.675000 0.168750 0.266667
1 0.856250 0.627083 0.168750 0.237500
1 0.266406 0.793750 0.160938 0.216667
1 0.289844 0.025000 0.179688 0.045833
1 0.971094 0.409375 0.057813 0.222917
1 0.034375 0.077083 0.068750 0.154167
2 0.586719 0.461458 0.070312 0.102083
2 0.736719 0.967708 0.057813 0.060417
2 0.578125 0.769792 0.071875 0.089583
1 0.100000 0.098958 0.181250 0.185417
1 0.632031 0.044792 0.242188 0.089583
1 0.971094 0.618750 0.057813 0.212500
1 0.686719 0.839583 0.176563 0.229167
1 0.678125 0.651042 0.181250 0.206250
1 0.438281 0.914583 0.164062 0.170833
1 0.273438 0.475000 0.181250 0.245833
1 0.096094 0.855208 0.179688 0.235417
1 0.287500 0.097917 0.168750 0.187500
1 0.932031 0.830208 0.135937 0.235417
1 0.068750 0.318750 0.137500 0.233333
1 0.853906 0.391667 0.167187 0.195833
1 0.121094 0.637500 0.182812 0.212500
1 0.930469 0.108333 0.139063 0.195833
0 0.468750 0.245833 0.306250 0.445833
1 0.414062 0.675000 0.168750 0.266667
1 0.856250 0.627083 0.168750 0.237500
1 0.266406 0.793750 0.160938 0.216667
1 0.289844 0.025000 0.179688 0.045833
1 0.971094 0.409375 0.057813 0.222917
1 0.034375 0.077083 0.068750 0.154167
2 0.586719 0.461458 0.070312 0.102083
2 0.736719 0.967708 0.057813 0.060417
2 0.578125 0.769792 0.071875 0.089583
1 0.100000 0.098958 0.181250 0.185417
1 0.632031 0.044792 0.242188 0.089583
1 0.971094 0.618750 0.057813 0.212500
1 0.686719 0.839583 0.176563 0.229167
1 0.678125 0.651042 0.181250 0.206250
1 0.438281 0.914583 0.164062 0.170833
1 0.273438 0.475000 0.181250 0.245833
1 0.096094 0.855208 0.179688 0.235417
1 0.287500 0.097917 0.168750 0.187500
1 0.932031 0.830208 0.135937 0.235417
1 0.068750 0.318750 0.137500 0.233333
1 0.853906 0.391667 0.167187 0.195833
1 0.121094 0.637500 0.182812 0.212500
1 0.930469 0.108333 0.139063 0.195833
0 0.468750 0.245833 0.306250 0.445833
1 0.414062 0.675000 0.168750 0.266667
1 0.856250 0.627083 0.168750 0.237500
1 0.266406 0.793750 0.160938 0.216667
1 0.289844 0.025000 0.179688 0.045833
1 0.971094 0.409375 0.057813 0.222917
1 0.034375 0.077083 0.068750 0.154167
2 0.586719 0.461458 0.070312 0.102083
2 0.736719 0.967708 0.057813 0.060417
2 0.578125 0.769792 0.071875 0.089583
1 0.100000 0.098958 0.181250 0.185417
1 0.632031 0.044792 0.242188 0.089583
1 0.971094 0.618750 0.057813 0.212500
1 0.686719 0.839583 0.176563 0.229167
1 0.678125 0.651042 0.181250 0.206250
1 0.438281 0.914583 0.164062 0.170833
1 0.273438 0.475000 0.181250 0.245833
1 0.096094 0.855208 0.179688 0.235417
1 0.287500 0.097917 0.168750 0.187500
1 0.932031 0.830208 0.135937 0.235417
1 0.068750 0.318750 0.137500 0.233333
1 0.853906 0.391667 0.167187 0.195833
1 0.121094 0.637500 0.182812 0.212500
1 0.930469 0.108333 0.139063 0.195833
0 0.468750 0.245833 0.306250 0.445833
1 0.414062 0.675000 0.168750 0.266667
1 0.856250 0.627083 0.168750 0.237500
1 0.266406 0.793750 0.160938 0.216667
1 0.289844 0.025000 0.179688 0.045833
1 0.971094 0.409375 0.057813 0.222917
1 0.034375 0.077083 0.068750 0.154167
2 0.586719 0.461458 0.070312 0.102083
2 0.736719 0.967708 0.057813 0.060417
2 0.578125 0.769792 0.071875 0.089583
1 0.100000 0.098958 0.181250 0.185417
1 0.632031 0.044792 0.242188 0.089583
1 0.971094 0.618750 0.057813 0.212500
1 0.686719 0.839583 0.176563 0.229167
1 0.678125 0.651042 0.181250 0.206250
1 0.438281 0.914583 0.164062 0.170833
1 0.273438 0.475000 0.181250 0.245833
1 0.096094 0.855208 0.179688 0.235417
1 0.287500 0.097917 0.168750 0.187500
1 0.932031 0.830208 0.135937 0.235417
1 0.068750 0.318750 0.137500 0.233333
1 0.853906 0.391667 0.167187 0.195833
1 0.121094 0.637500 0.182812 0.212500
1 0.930469 0.108333 0.139063 0.195833
0 0.468750 0.245833 0.306250 0.445833
1 0.414062 0.675000 0.168750 0.266667
1 0.856250 0.627083 0.168750 0.237500
1 0.266406 0.793750 0.160938 0.216667
1 0.289844 0.025000 0.179688 0.045833
1 0.971094 0.409375 0.057813 0.222917
1 0.034375 0.077083 0.068750 0.154167
2 0.586719 0.461458 0.070312 0.102083
2 0.736719 0.967708 0.057813 0.060417
2 0.578125 0.769792 0.071875 0.089583
1 0.100000 0.098958 0.181250 0.185417
1 0.632031 0.044792 0.242188 0.089583
1 0.971094 0.618750 0.057813 0.212500
1 0.686719 0.839583 0.176563 0.229167
1 0.678125 0.651042 0.181250 0.206250
1 0.438281 0.914583 0.164062 0.170833
1 0.273438 0.475000 0.181250 0.245833
1 0.096094 0.855208 0.179688 0.235417
1 0.287500 0.097917 0.168750 0.187500
1 0.932031 0.830208 0.135937 0.235417
1 0.068750 0.318750 0.137500 0.233333
1 0.853906 0.391667 0.167187 0.195833
1 0.121094 0.637500 0.182812 0.212500
1 0.930469 0.108333 0.139063 0.195833
0 0.468750 0.245833 0.306250 0.445833
1 0.414062 0.675000 0.168750 0.266667
1 0.856250 0.627083 0.168750 0.237500
1 0.266406 0.793750 0.160938 0.216667
1 0.289844 0.025000 0.179688 0.045833
1 0.971094 0.409375 0.057813 0.222917
1 0.034375 0.077083 0.068750 0.154167
2 0.586719 0.461458 0.070312 0.102083
2 0.736719 0.967708 0.057813 0.060417
2 0.578125 0.769792 0.071875 0.089583
1 0.100000 0.098958 0.181250 0.185417
1 0.632031 0.044792 0.242188 0.089583
1 0.971094 0.618750 0.057813 0.212500
1 0.686719 0.839583 0.176563 0.229167
1 0.678125 0.651042 0.181250 0.206250
1 0.438281 0.914583 0.164062 0.170833
1 0.273438 0.475000 0.181250 0.245833
1 0.096094 0.855208 0.179688 0.235417
1 0.287500 0.097917 0.168750 0.187500
1 0.932031 0.830208 0.135937 0.235417
1 0.068750 0.318750 0.137500 0.233333
1 0.853906 0.391667 0.167187 0.195833
1 0.121094 0.637500 0.182812 0.212500
1 0.930469 0.108333 0.139063 0.195833
0 0.468750 0.245833 0.306250 0.445833
1 0.414062 0.675000 0.168750 0.266667
1 0.856250 0.627083 0.168750 0.237500
1 0.266406 0.793750 0.160938 0.216667
1 0.289844 0.025000 0.179688 0.045833
1 0.971094 0.409375 0.057813 0.222917
1 0.034375 0.077083 0.068750 0.154167
2 0.586719 0.461458 0.070312 0.102083
2 0.736719 0.967708 0.057813 0.060417
2 0.578125 0.769792 0.071875 0.089583
1 0.100000 0.098958 0.181250 0.185417
1 0.632031 0.044792 0.242188 0.089583
1 0.971094 0.618750 0.057813 0.212500
1 0.686719 0.839583 0.176563 0.229167
1 0.678125 0.651042 0.181250 0.206250
1 0.438281 0.914583 0.164062 0.170833
1 0.273438 0.475000 0.181250 0.245833
1 0.096094 0.855208 0.179688 0.235417
1 0.287500 0.097917 0.168750 0.187500
1 0.932031 0.830208 0.135937 0.235417
1 0.068750 0.318750 0.137500 0.233333
1 0.853906 0.391667 0.167187 0.195833
1 0.121094 0.637500 0.182812 0.212500
1 0.930469 0.108333 0.139063 0.195833
0 0.468750 0.245833 0.306250 0.445833
1 0.414062 0.675000 0.168750 0.266667
1 0.856250 0.627083 0.168750 0.237500
1 0.266406 0.793750 0.160938 0.216667
1 0.289844 0.025000 0.179688 0.045833
1 0.971094 0.409375 0.057813 0.222917
1 0.034375 0.077083 0.068750 0.154167
2 0.586719 0.461458 0.070312 0.102083
2 0.736719 0.967708 0.057813 0.060417
2 0.578125 0.769792 0.071875 0.089583
1 0.100000 0.098958 0.181250 0.185417
1 0.632031 0.044792 0.242188 0.089583
1 0.971094 0.618750 0.057813 0.212500
1 0.686719 0.839583 0.176563 0.229167
1 0.678125 0.651042 0.181250 0.206250
1 0.438281 0.914583 0.164062 0.170833
1 0.273438 0.475000 0.181250 0.245833
1 0.096094 0.855208 0.179688 0.235417
1 0.287500 0.097917 0.168750 0.187500
1 0.932031 0.830208 0.135937 0.235417
1 0.068750 0.318750 0.137500 0.233333
1 0.853906 0.391667 0.167187 0.195833
1 0.121094 0.637500 0.182812 0.212500
1 0.930469 0.108333 0.139063 0.195833
0 0.468750 0.245833 0.306250 0.445833
1 0.414062 0.675000 0.168750 0.266667
1 0.856250 0.627083 0.168750 0.237500
1 0.266406 0.793750 0.160938 0.216667
1 0.289844 0.025000 0.179688 0.045833
1 0.971094 0.409375 0.057813 0.222917
1 0.034375 0.077083 0.068750 0.154167
2 0.586719 0.461458 0.070312 0.102083
2 0.736719 0.967708 0.057813 0.060417
2 0.578125 0.769792 0.071875 0.089583
1 0.100000 0.098958 0.181250 0.185417
1 0.632031 0.044792 0.242188 0.089583
1 0.971094 0.618750 0.057813 0.212500
1 0.686719 0.839583 0.176563 0.229167
1 0.678125 0.651042 0.181250 0.206250
1 0.438281 0.914583 0.164062 0.170833
1 0.273438 0.475000 0.181250 0.245833
1 0.096094 0.855208 0.179688 0.235417
1 0.287500 0.097917 0.168750 0.187500
1 0.932031 0.830208 0.135937 0.235417
1 0.068750 0.318750 0.137500 0.233333
1 0.853906 0.391667 0.167187 0.195833
1 0.121094 0.637500 0.182812 0.212500
1 0.930469 0.108333 0.139063 0.195833
0 0.468750 0.245833 0.306250 0.445833
1 0.414062 0.675000 0.168750 0.266667
1 0.856250 0.627083 0.168750 0.237500
1 0.266406 0.793750 0.160938 0.216667
1 0.289844 0.025000 0.179688 0.045833
1 0.971094 0.409375 0.057813 0.222917
1 0.034375 0.077083 0.068750 0.154167
2 0.586719 0.461458 0.070312 0.102083
2 0.736719 0.967708 0.057813 0.060417
2 0.578125 0.769792 0.071875 0.089583
1 0.100000 0.098958 0.181250 0.185417
1 0.632031 0.044792 0.242188 0.089583
1 0.971094 0.618750 0.057813 0.212500
1 0.686719 0.839583 0.176563 0.229167
1 0.678125 0.651042 0.181250 0.206250
1 0.438281 0.914583 0.164062 0.170833
1 0.273438 0.475000 0.181250 0.245833
1 0.096094 0.855208 0.179688 0.235417
1 0.287500 0.097917 0.168750 0.187500
1 0.932031 0.830208 0.135937 0.235417
1 0.068750 0.318750 0.137500 0.233333
1 0.853906 0.391667 0.167187 0.195833
1 0.121094 0.637500 0.182812 0.212500
1 0.930469 0.108333 0.139063 0.195833
0 0.468750 0.245833 0.306250 0.445833
1 0.414062 0.675000 0.168750 0.266667
1 0.856250 0.627083 0.168750 0.237500
1 0.266406 0.793750 0.160938 0.216667
1 0.289844 0.025000 0.179688 0.045833
1 0.971094 0.409375 0.057813 0.222917
1 0.034375 0.077083 0.068750 0.154167
2 0.586719 0.461458 0.070312 0.102083
2 0.736719 0.967708 0.057813 0.060417
2 0.578125 0.769792 0.071875 0.089583
1 0.100000 0.098958 0.181250 0.185417
1 0.632031 0.044792 0.242188 0.089583
1 0.971094 0.618750 0.057813 0.212500
1 0.686719 0.839583 0.176563 0.229167
1 0.678125 0.651042 0.181250 0.206250
1 0.438281 0.914583 0.164062 0.170833
1 0.273438 0.475000 0.181250 0.245833
1 0.096094 0.855208 0.179688 0.235417
1 0.287500 0.097917 0.168750 0.187500
1 0.932031 0.830208 0.135937 0.235417
1 0.068750 0.318750 0.137500 0.233333
1 0.853906 0.391667 0.167187 0.195833
1 0.121094 0.637500 0.182812 0.212500
1 0.930469 0.108333 0.139063 0.195833
0 0.468750 0.245833 0.306250 0.445833
1 0.414062 0.675000 0.168750 0.266667
1 0.856250 0.627083 0.168750 0.237500
1 0.266406 0.793750 0.160938 0.216667
1 0.289844 0.025000 0.179688 0.045833
1 0.971094 0.409375 0.057813 0.222917
1 0.034375 0.077083 0.068750 0.154167
2 0.586719 0.461458 0.070312 0.102083
2 0.736719 0.967708 0.057813 0.060417
2 0.578125 0.769792 0.071875 0.089583
1 0.100000 0.098958 0.181250 0.185417
1 0.632031 0.044792 0.242188 0.089583
1 0.971094 0.618750 0.057813 0.212500
1 0.686719 0.839583 0.176563 0.229167
1 0.678125 0.651042 0.181250 0.206250
1 0.438281 0.914583 0.164062 0.170833
1 0.273438 0.475000 0.181250 0.245833
1 0.096094 0.855208 0.179688 0.235417
1 0.287500 0.097917 0.168750 0.187500
1 0.932031 0.830208 0.135937 0.235417
1 0.068750 0.318750 0.137500 0.233333
1 0.853906 0.391667 0.167187 0.195833
1 0.121094 0.637500 0.182812 0.212500
1 0.930469 0.108333 0.139063 0.195833
0 0.468750 0.245833 0.306250 0.445833
1 0.414062 0.675000 0.168750 0.266667
1 0.856250 0.627083 0.168750 0.237500
1 0.266406 0.793750 0.160938 0.216667
1 0.289844 0.025000 0.179688 0.045833
1 0.971094 0.409375 0.057813 0.222917
1 0.034375 0.077083 0.068750 0.154167
2 0.586719 0.461458 0.070312 0.102083
2 0.736719 0.967708 0.057813 0.060417
2 0.578125 0.769792 0.071875 0.089583
1 0.100000 0.098958 0.181250 0.185417
1 0.632031 0.044792 0.242188 0.089583
1 0.971094 0.618750 0.057813 0.212500
1 0.686719 0.839583 0.176563 0.229167
1 0.678125 0.651042 0.181250 0.206250
1 0.438281 0.914583 0.164062 0.170833
1 0.273438 0.475000 0.181250 0.245833
1 0.096094 0.855208 0.179688 0.235417
1 0.287500 0.097917 0.168750 0.187500
1 0.932031 0.830208 0.135937 0.235417
1 0.068750 0.318750 0.137500 0.233333
1 0.853906 0.391667 0.167187 0.195833
1 0.121094 0.637500 0.182812 0.212500
1 0.930469 0.108333 0.139063 0.195833
0 0.468750 0.245833 0.306250 0.445833
1 0.414062 0.675000 0.168750 0.266667
1 0.856250 0.627083 0.168750 0.237500
1 0.266406 0.793750 0.160938 0.216667
1 0.289844 0.025000 0.179688 0.045833
1 0.971094 0.409375 0.057813 0.222917
1 0.034375 0.077083 0.068750 0.154167
2 0.586719 0.461458 0.070312 0.102083
2 0.736719 0.967708 0.057813 0.060417
2 0.578125 0.769792 0.071875 0.089583
1 0.100000 0.098958 0.181250 0.185417
1 0.632031 0.044792 0.242188 0.089583
1 0.971094 0.618750 0.057813 0.212500
1 0.686719 0.839583 0.176563 0.229167
1 0.678125 0.651042 0.181250 0.206250
1 0.438281 0.914583 0.164062 0.170833
1 0.273438 0.475000 0.181250 0.245833
1 0.096094 0.855208 0.179688 0.235417
1 0.287500 0.097917 0.168750 0.187500
1 0.932031 0.830208 0.135937 0.235417
1 0.068750 0.318750 0.137500 0.233333
1 0.853906 0.391667 0.167187 0.195833
1 0.121094 0.637500 0.182812 0.212500
1 0.930469 0.108333 0.139063 0.195833
0 0.468750 0.245833 0.306250 0.445833
1 0.414062 0.675000 0.168750 0.266667
1 0.856250 0.627083 0.168750 0.237500
1 0.266406 0.793750 0.160938 0.216667
1 0.289844 0.025000 0.179688 0.045833
1 0.971094 0.409375 0.057813 0.222917
1 0.034375 0.077083 0.068750 0.154167
2 0.586719 0.461458 0.070312 0.102083
2 0.736719 0.967708 0.057813 0.060417
2 0.578125 0.769792 0.071875 0.089583
1 0.100000 0.098958 0.181250 0.185417
1 0.632031 0.044792 0.242188 0.089583
1 0.971094 0.618750 0.057813 0.212500
1 0.686719 0.839583 0.176563 0.229167
1 0.678125 0.651042 0.181250 0.206250
1 0.438281 0.914583 0.164062 0.170833
1 0.273438 0.475000 0.181250 0.245833
1 0.096094 0.855208 0.179688 0.235417
1 0.287500 0.097917 0.168750 0.187500
1 0.932031 0.830208 0.135937 0.235417
1 0.068750 0.318750 0.137500 0.233333
1 0.853906 0.391667 0.167187 0.195833
1 0.121094 0.637500 0.182812 0.212500
1 0.930469 0.108333 0.139063 0.195833
0 0.468750 0.245833 0.306250 0.445833
1 0.414062 0.675000 0.168750 0.266667
1 0.856250 0.627083 0.168750 0.237500
1 0.266406 0.793750 0.160938 0.216667
