1 0.849219 0.975000 0.198437 0.045833
1 0.535937 0.029167 0.137500 0.058333
2 0.034375 0.068750 0.059375 0.070833
1 0.551562 0.887500 0.150000 0.191667
1 0.033594 0.619792 0.064062 0.168750
2 0.977344 0.648958 0.045313 0.072917
1 0.686719 0.064583 0.176563 0.129167
1 0.955469 0.817708 0.089063 0.210417
1 0.589063 0.925000 0.156250 0.150000
2 0.836719 0.886458 0.067188 0.089583
1 0.259375 0.631250 0.165625 0.270833
1 0.306250 0.170833 0.137500 0.208333
1 0.335156 0.317708 0.173438 0.247917
1 0.714063 0.437500 0.165625 0.212500
1 0.355469 0.591667 0.176563 0.187500
1 0.539844 0.320833 0.210938 0.166667
1 0.706250 0.561458 0.162500 0.193750
1 0.901563 0.322917 0.162500 0.212500
1 0.889844 0.496875 0.154688 0.218750
1 0.061719 0.876042 0.123438 0.185417
1 0.747656 0.755208 0.182812 0.206250
1 0.557813 0.634375 0.175000 0.222917
1 0.182812 0.113542 0.150000 0.197917
1 0.392969 0.805208 0.164062 0.210417
0 0.134375 0.380208 0.262500 0.414583
1 0.461719 0.141667 0.160938 0.191667
1 0.849219 0.975000 0.198437 0.045833
1 0.535937 0.029167 0.137500 0.058333
2 0.034375 0.068750 0.059375 0.070833
1 0.551562 0.887500 0.150000 0.191667
1 0.033594 0.619792 0.064062 0.168750
2 0.977344 0.648958 0.045313 0.072917
1 0.686719 0.064583 0.176563 0.129167
1 0.955469 0.817708 0.089063 0.210417
1 0.589063 0.925000 0.156250 0.150000
2 0.836719 0.886458 0.067188 0.089583
1 0.259375 0.631250 0.165625 0.270833
1 0.306250 0.170833 0.137500 0.208333
1 0.335156 0.317708 0.173438 0.247917
1 0.714063 0.437500 0.165625 0.212500
1 0.355469 0.591667 0.176563 0.187500
1 0.539844 0.320833 0.210938 0.166667
1 0.706250 0.561458 0.162500 0.193750
1 0.901563 0.322917 0.162500 0.212500
1 0.889844 0.496875 0.154688 0.218750
1 0.061719 0.876042 0.123438 0.185417
1 0.747656 0.755208 0.182812 0.206250
1 0.557813 0.634375 0.175000 0.222917
1 0.182812 0.113542 0.150000 0.197917
1 0.392969 0.805208 0.164062 0.210417
0 0.134375 0.380208 0.262500 0.414583
1 0.461719 0.141667 0.160938 0.191667
1 0.849219 0.975000 0.198437 0.045833
1 0.535937 0.029167 0.137500 0.058333
2 0.034375 0.068750 0.059375 0.070833
1 0.551562 0.887500 0.150000 0.191667
1 0.033594 0.619792 0.064062 0.168750
2 0.977344 0.648958 0.045313 0.072917
1 0.686719 0.064583 0.176563 0.129167
1 0.955469 0.817708 0.089063 0.210417
1 0.589063 0.925000 0.156250 0.150000
2 0.836719 0.886458 0.067188 0.089583
1 0.259375 0.631250 0.165625 0.270833
1 0.306250 0.170833 0.137500 0.208333
1 0.335156 0.317708 0.173438 0.247917
1 0.714063 0.437500 0.165625 0.212500
1 0.355469 0.591667 0.176563 0.187500
1 0.539844 0.320833 0.210938 0.166667
1 0.706250 0.561458 0.162500 0.193750
1 0.901563 0.322917 0.162500 0.212500
1 0.889844 0.496875 0.154688 0.218750
1 0.061719 0.876042 0.123438 0.185417
1 0.747656 0.755208 0.182812 0.206250
1 0.557813 0.634375 0.175000 0.222917
1 0.182812 0.113542 0.150000 0.197917
1 0.392969 0.805208 0.164062 0.210417
0 0.134375 0.380208 0.262500 0.414583
1 0.461719 0.141667 0.160938 0.191667
1 0.849219 0.975000 0.198437 0.045833
1 0.535937 0.029167 0.137500 0.058333
2 0.034375 0.068750 0.059375 0.070833
1 0.551562 0.887500 0.150000 0.191667
1 0.033594 0.619792 0.064062 0.168750
2 0.977344 0.648958 0.045313 0.072917
1 0.686719 0.064583 0.176563 0.129167
1 0.955469 0.817708 0.089063 0.210417
1 0.589063 0.925000 0.156250 0.150000
2 0.836719 0.886458 0.067188 0.089583
1 0.259375 0.631250 0.165625 0.270833
1 0.306250 0.170833 0.137500 0.208333
1 0.335156 0.317708 0.173438 0.247917
1 0.714063 0.437500 0.165625 0.212500
1 0.355469 0.591667 0.176563 0.187500
1 0.539844 0.320833 0.210938 0.166667
1 0.706250 0.561458 0.162500 0.193750
1 0.901563 0.322917 0.162500 0.212500
1 0.889844 0.496875 0.154688 0.218750
1 0.061719 0.876042 0.123438 0.185417
1 0.747656 0.755208 0.182812 0.206250
1 0.557813 0.634375 0.175000 0.222917
1 0.182812 0.113542 0.150000 0.197917
1 0.392969 0.805208 0.164062 0.210417
0 0.134375 0.380208 0.262500 0.414583
1 0.461719 0.141667 0.160938 0.191667
1 0.849219 0.975000 0.198437 0.045833
1 0.535937 0.029167 0.137500 0.058333
2 0.034375 0.068750 0.059375 0.070833
1 0.551562 0.887500 0.150000 0.191667
1 0.033594 0.619792 0.064062 0.168750
2 0.977344 0.648958 0.045313 0.072917
1 0.686719 0.064583 0.176563 0.129167
1 0.955469 0.817708 0.089063 0.210417
1 0.589063 0.925000 0.156250 0.150000
2 0.836719 0.886458 0.067188 0.089583
1 0.259375 0.631250 0.165625 0.270833
1 0.306250 0.170833 0.137500 0.208333
1 0.335156 0.317708 0.173438 0.247917
1 0.714063 0.437500 0.165625 0.212500
1 0.355469 0.591667 0.176563 0.187500
1 0.539844 0.320833 0.210938 0.166667
1 0.706250 0.561458 0.162500 0.193750
1 0.901563 0.322917 0.162500 0.212500
1 0.889844 0.496875 0.154688 0.218750
1 0.061719 0.876042 0.123438 0.185417
1 0.747656 0.755208 0.182812 0.206250
1 0.557813 0.634375 0.175000 0.222917
1 0.182812 0.113542 0.150000 0.197917
1 0.392969 0.805208 0.164062 0.210417
0 0.134375 0.380208 0.262500 0.414583
1 0.461719 0.141667 0.160938 0.191667
1 0.849219 0.975000 0.198437 0.045833
1 0.535937 0.029167 0.137500 0.058333
2 0.034375 0.068750 0.059375 0.070833
1 0.551562 0.887500 0.150000 0.191667
1 0.033594 0.619792 0.064062 0.168750
2 0.977344 0.648958 0.045313 0.072917
1 0.686719 0.064583 0.176563 0.129167
1 0.955469 0.817708 0.089063 0.210417
1 0.589063 0.925000 0.156250 0.150000
2 0.836719 0.886458 0.067188 0.089583
1 0.259375 0.631250 0.165625 0.270833
1 0.306250 0.170833 0.137500 0.208333
1 0.335156 0.317708 0.173438 0.247917
1 0.714063 0.437500 0.165625 0.212500
1 0.355469 0.591667 0.176563 0.187500
1 0.539844 0.320833 0.210938 0.166667
1 0.706250 0.561458 0.162500 0.193750
1 0.901563 0.322917 0.162500 0.212500
1 0.889844 0.496875 0.154688 0.218750
1 0.061719 0.876042 0.123438 0.185417
1 0.747656 0.755208 0.182812 0.206250
1 0.557813 0.634375 0.175000 0.222917
1 0.182812 0.113542 0.150000 0.197917
1 0.392969 0.805208 0.164062 0.210417
0 0.134375 0.380208 0.262500 0.414583
1 0.461719 0.141667 0.160938 0.191667
1 0.849219 0.975000 0.198437 0.045833
1 0.535937 0.029167 0.137500 0.058333
2 0.034375 0.068750 0.059375 0.070833
1 0.551562 0.887500 0.150000 0.191667
1 0.033594 0.619792 0.064062 0.168750
2 0.977344 0.648958 0.045313 0.072917
1 0.686719 0.064583 0.176563 0.129167
1 0.955469 0.817708 0.089063 0.210417
1 0.589063 0.925000 0.156250 0.150000
2 0.836719 0.886458 0.067188 0.089583
1 0.259375 0.631250 0.165625 0.270833
1 0.306250 0.170833 0.137500 0.208333
1 0.335156 0.317708 0.173438 0.247917
1 0.714063 0.437500 0.165625 0.212500
1 0.355469 0.591667 0.176563 0.187500
1 0.539844 0.320833 0.210938 0.166667
1 0.706250 0.561458 0.162500 0.193750
1 0.901563 0.322917 0.162500 0.212500
1 0.889844 0.496875 0.154688 0.218750
1 0.061719 0.876042 0.123438 0.185417
1 0.747656 0.755208 0.182812 0.206250
1 0.557813 0.634375 0.175000 0.222917
1 0.182812 0.113542 0.150000 0.197917
1 0.392969 0.805208 0.164062 0.210417
0 0.134375 0.380208 0.262500 0.414583
1 0.461719 0.141667 0.160938 0.191667
1 0.849219 0.975000 0.198437 0.045833
1 0.535937 0.029167 0.137500 0.058333
2 0.034375 0.068750 0.059375 0.070833
1 0.551562 0.887500 0.150000 0.191667
1 0.033594 0.619792 0.064062 0.168750
2 0.977344 0.648958 0.045313 0.072917
1 0.686719 0.064583 0.176563 0.129167
1 0.955469 0.817708 0.089063 0.210417
1 0.589063 0.925000 0.156250 0.150000
2 0.836719 0.886458 0.067188 0.089583
1 0.259375 0.631250 0.165625 0.270833
1 0.306250 0.170833 0.137500 0.208333
1 0.335156 0.317708 0.173438 0.247917
1 0.714063 0.437500 0.165625 0.212500
1 0.355469 0.591667 0.176563 0.187500
1 0.539844 0.320833 0.210938 0.166667
1 0.706250 0.561458 0.162500 0.193750
1 0.901563 0.322917 0.162500 0.212500
1 0.889844 0.496875 0.154688 0.218750
1 0.061719 0.876042 0.123438 0.185417
1 0.747656 0.755208 0.182812 0.206250
1 0.557813 0.634375 0.175000 0.222917
1 0.182812 0.113542 0.150000 0.197917
1 0.392969 0.805208 0.164062 0.210417
0 0.134375 0.380208 0.262500 0.414583
1 0.461719 0.141667 0.160938 0.191667
1 0.849219 0.975000 0.198437 0.045833
1 0.535937 0.029167 0.137500 0.058333
2 0.034375 0.068750 0.059375 0.070833
1 0.551562 0.887500 0.150000 0.191667
1 0.033594 0.619792 0.064062 0.168750
2 0.977344 0.648958 0.045313 0.072917
1 0.686719 0.064583 0.176563 0.129167
1 0.955469 0.817708 0.089063 0.210417
1 0.589063 0.925000 0.156250 0.150000
2 0.836719 0.886458 0.067188 0.089583
1 0.259375 0.631250 0.165625 0.270833
1 0.306250 0.170833 0.137500 0.208333
1 0.335156 0.317708 0.173438 0.247917
1 0.714063 0.437500 0.165625 0.212500
1 0.355469 0.591667 0.176563 0.187500
1 0.539844 0.320833 0.210938 0.166667
1 0.706250 0.561458 0.162500 0.193750
1 0.901563 0.322917 0.162500 0.212500
1 0.889844 0.496875 0.154688 0.218750
1 0.061719 0.876042 0.123438 0.185417
1 0.747656 0.755208 0.182812 0.206250
1 0.557813 0.634375 0.175000 0.222917
1 0.182812 0.113542 0.150000 0.197917
1 0.392969 0.805208 0.164062 0.210417
0 0.134375 0.380208 0.262500 0.414583
1 0.461719 0.141667 0.160938 0.191667
1 0.849219 0.975000 0.198437 0.045833
1 0.535937 0.029167 0.137500 0.058333
2 0.034375 0.068750 0.059375 0.070833
1 0.551562 0.887500 0.150000 0.191667
1 0.033594 0.619792 0.064062 0.168750
2 0.977344 0.648958 0.045313 0.072917
1 0.686719 0.064583 0.176563 0.129167
1 0.955469 0.817708 0.089063 0.210417
1 0.589063 0.925000 0.156250 0.150000
2 0.836719 0.886458 0.067188 0.089583
1 0.259375 0.631250 0.165625 0.270833
1 0.306250 0.170833 0.137500 0.208333
1 0.335156 0.317708 0.173438 0.247917
1 0.714063 0.437500 0.165625 0.212500
1 0.355469 0.591667 0.176563 0.187500
1 0.539844 0.320833 0.210938 0.166667
1 0.706250 0.561458 0.162500 0.193750
1 0.901563 0.322917 0.162500 0.212500
1 0.889844 0.496875 0.154688 0.218750
1 0.061719 0.876042 0.123438 0.185417
1 0.747656 0.755208 0.182812 0.206250
1 0.557813 0.634375 0.175000 0.222917
1 0.182812 0.113542 0.150000 0.197917
1 0.392969 0.805208 0.164062 0.210417
0 0.134375 0.380208 0.262500 0.414583
1 0.461719 0.141667 0.160938 0.191667
1 0.849219 0.975000 0.198437 0.045833
1 0.535937 0.029167 0.137500 0.058333
2 0.034375 0.068750 0.059375 0.070833
1 0.551562 0.887500 0.150000 0.191667
1 0.033594 0.619792 0.064062 0.168750
2 0.977344 0.648958 0.045313 0.072917
1 0.686719 0.064583 0.176563 0.129167
1 0.955469 0.817708 0.089063 0.210417
1 0.589063 0.925000 0.156250 0.150000
2 0.836719 0.886458 0.067188 0.089583
1 0.259375 0.631250 0.165625 0.270833
1 0.306250 0.170833 0.137500 0.208333
1 0.335156 0.317708 0.173438 0.247917
1 0.714063 0.437500 0.165625 0.212500
1 0.355469 0.591667 0.176563 0.187500
1 0.539844 0.320833 0.210938 0.166667
1 0.706250 0.561458 0.162500 0.193750
1 0.901563 0.322917 0.162500 0.212500
1 0.889844 0.496875 0.154688 0.218750
1 0.061719 0.876042 0.123438 0.185417
1 0.747656 0.755208 0.182812 0.206250
1 0.557813 0.634375 0.175000 0.222917
1 0.182812 0.113542 0.150000 0.197917
1 0.392969 0.805208 0.164062 0.210417
0 0.134375 0.380208 0.262500 0.414583
1 0.461719 0.141667 0.160938 0.191667
1 0.849219 0.975000 0.198437 0.045833
1 0.535937 0.029167 0.137500 0.058333
2 0.034375 0.068750 0.059375 0.070833
1 0.551562 0.887500 0.150000 0.191667
1 0.033594 0.619792 0.064062 0.168750
2 0.977344 0.648958 0.045313 0.072917
1 0.686719 0.064583 0.176563 0.129167
1 0.955469 0.817708 0.089063 0.210417
1 0.589063 0.925000 0.156250 0.150000
2 0.836719 0.886458 0.067188 0.089583
1 0.259375 0.631250 0.165625 0.270833
1 0.306250 0.170833 0.137500 0.208333
1 0.335156 0.317708 0.173438 0.247917
1 0.714063 0.437500 0.165625 0.212500
1 0.355469 0.591667 0.176563 0.187500
1 0.539844 0.320833 0.210938 0.166667
1 0.706250 0.561458 0.162500 0.193750
1 0.901563 0.322917 0.162500 0.212500
1 0.889844 0.496875 0.154688 0.218750
1 0.061719 0.876042 0.123438 0.185417
1 0.747656 0.755208 0.182812 0.206250
1 0.557813 0.634375 0.175000 0.222917
1 0.182812 0.113542 0.150000 0.197917
1 0.392969 0.805208 0.164062 0.210417
0 0.134375 0.380208 0.262500 0.414583
1 0.461719 0.141667 0.160938 0.191667
1 0.849219 0.975000 0.198437 0.045833
1 0.535937 0.029167 0.137500 0.058333
2 0.034375 0.068750 0.059375 0.070833
1 0.551562 0.887500 0.150000 0.191667
1 0.033594 0.619792 0.064062 0.168750
2 0.977344 0.648958 0.045313 0.072917
1 0.686719 0.064583 0.176563 0.129167
1 0.955469 0.817708 0.089063 0.210417
1 0.589063 0.925000 0.156250 0.150000
2 0.836719 0.886458 0.067188 0.089583
1 0.259375 0.631250 0.165625 0.270833
1 0.306250 0.170833 0.137500 0.208333
1 0.335156 0.317708 0.173438 0.247917
1 0.714063 0.437500 0.165625 0.212500
1 0.355469 0.591667 0.176563 0.187500
1 0.539844 0.320833 0.210938 0.166667
1 0.706250 0.561458 0.162500 0.193750
1 0.901563 0.322917 0.162500 0.212500
1 0.889844 0.496875 0.154688 0.218750
1 0.061719 0.876042 0.123438 0.185417
1 0.747656 0.755208 0.182812 0.206250
1 0.557813 0.634375 0.175000 0.222917
1 0.182812 0.113542 0.150000 0.197917
1 0.392969 0.805208 0.164062 0.210417
0 0.134375 0.380208 0.262500 0.414583
1 0.461719 0.141667 0.160938 0.191667
1 0.849219 0.975000 0.198437 0.045833
1 0.535937 0.029167 0.137500 0.058333
2 0.034375 0.068750 0.059375 0.070833
1 0.551562 0.887500 0.150000 0.191667
1 0.033594 0.619792 0.064062 0.168750
2 0.977344 0.648958 0.045313 0.072917
1 0.686719 0.064583 0.176563 0.129167
1 0.955469 0.817708 0.089063 0.210417
1 0.589063 0.925000 0.156250 0.150000
2 0.836719 0.886458 0.067188 0.089583
1 0.259375 0.631250 0.165625 0.270833
1 0.306250 0.170833 0.137500 0.208333
1 0.335156 0.317708 0.173438 0.247917
1 0.714063 0.437500 0.165625 0.212500
1 0.355469 0.591667 0.176563 0.187500
1 0.539844 0.320833 0.210938 0.166667
1 0.706250 0.561458 0.162500 0.193750
1 0.901563 0.322917 0.162500 0.212500
1 0.889844 0.496875 0.154688 0.218750
1 0.061719 0.876042 0.123438 0.185417
1 0.747656 0.755208 0.182812 0.206250
1 0.557813 0.634375 0.175000 0.222917
1 0.182812 0.113542 0.150000 0.197917
1 0.392969 0.805208 0.164062 0.210417
0 0.134375 0.380208 0.262500 0.414583
1 0.461719 0.141667 0.160938 0.191667
1 0.849219 0.975000 0.198437 0.045833
1 0.535937 0.029167 0.137500 0.058333
2 0.034375 0.068750 0.059375 0.070833
1 0.551562 0.887500 0.150000 0.191667
1 0.033594 0.619792 0.064062 0.168750
2 0.977344 0.648958 0.045313 0.072917
1 0.686719 0.064583 0.176563 0.129167
1 0.955469 0.817708 0.089063 0.210417
1 0.589063 0.925000 0.156250 0.150000
2 0.836719 0.886458 0.067188 0.089583
1 0.259375 0.631250 0.165625 0.270833
1 0.306250 0.170833 0.137500 0.208333
1 0.335156 0.317708 0.173438 0.247917
1 0.714063 0.437500 0.165625 0.212500
1 0.355469 0.591667 0.176563 0.187500
1 0.539844 0.320833 0.210938 0.166667
1 0.706250 0.561458 0.162500 0.193750
1 0.901563 0.322917 0.162500 0.212500
1 0.889844 0.496875 0.154688 0.218750
1 0.061719 0.876042 0.123438 0.185417
1 0.747656 0.755208 0.182812 0.206250
1 0.557813 0.634375 0.175000 0.222917
1 0.182812 0.113542 0.150000 0.197917
1 0.392969 0.805208 0.164062 0.210417
0 0.134375 0.380208 0.262500 0.414583
1 0.461719 0.141667 0.160938 0.191667
1 0.849219 0.975000 0.198437 0.045833
1 0.535937 0.029167 0.137500 0.058333
2 0.034375 0.068750 0.059375 0.070833
1 0.551562 0.887500 0.150000 0.191667
1 0.033594 0.619792 0.064062 0.168750
2 0.977344 0.648958 0.045313 0.072917
1 0.686719 0.064583 0.176563 0.129167
1 0.955469 0.817708 0.089063 0.210417
1 0.589063 0.925000 0.156250 0.150000
2 0.836719 0.886458 0.067188 0.089583
1 0.259375 0.631250 0.165625 0.270833
1 0.306250 0.170833 0.137500 0.208333
1 0.335156 0.317708 0.173438 0.247917
1 0.714063 0.437500 0.165625 0.212500
1 0.355469 0.591667 0.176563 0.187500
1 0.539844 0.320833 0.210938 0.166667
1 0.706250 0.561458 0.162500 0.193750
1 0.901563 0.322917 0.162500 0.212500
1 0.889844 0.496875 0.154688 0.218750
1 0.061719 0.876042 0.123438 0.185417
1 0.747656 0.755208 0.182812 0.206250
1 0.557813 0.634375 0.175000 0.222917
1 0.182812 0.113542 0.150000 0.197917
1 0.392969 0.805208 0.164062 0.210417
0 0.134375 0.380208 0.262500 0.414583
1 0.461719 0.141667 0.160938 0.191667
1 0.849219 0.975000 0.198437 0.045833
1 0.535937 0.029167 0.137500 0.058333
2 0.034375 0.068750 0.059375 0.070833
1 0.551562 0.887500 0.150000 0.191667
1 0.033594 0.619792 0.064062 0.168750
2 0.977344 0.648958 0.045313 0.072917
1 0.686719 0.064583 0.176563 0.129167
1 0.955469 0.817708 0.089063 0.210417
1 0.589063 0.925000 0.156250 0.150000
2 0.836719 0.886458 0.067188 0.089583
1 0.259375 0.631250 0.165625 0.270833
1 0.306250 0.170833 0.137500 0.208333
1 0.335156 0.317708 0.173438 0.247917
1 0.714063 0.437500 0.165625 0.212500
1 0.355469 0.591667 0.176563 0.187500
1 0.539844 0.320833 0.210938 0.166667
1 0.706250 0.561458 0.162500 0.193750
1 0.901563 0.322917 0.162500 0.212500
1 0.889844 0.496875 0.154688 0.218750
1 0.061719 0.876042 0.123438 0.185417
1 0.747656 0.755208 0.182812 0.206250
1 0.557813 0.634375 0.175000 0.222917
1 0.182812 0.113542 0.150000 0.197917
1 0.392969 0.805208 0.164062 0.210417
0 0.134375 0.380208 0.262500 0.414583
1 0.461719 0.141667 0.160938 0.191667
1 0.849219 0.975000 0.198437 0.045833
1 0.535937 0.029167 0.137500 0.058333
2 0.034375 0.068750 0.059375 0.070833
1 0.551562 0.887500 0.150000 0.191667
1 0.033594 0.619792 0.064062 0.168750
2 0.977344 0.648958 0.045313 0.072917
1 0.686719 0.064583 0.176563 0.129167
1 0.955469 0.817708 0.089063 0.210417
1 0.589063 0.925000 0.156250 0.150000
2 0.836719 0.886458 0.067188 0.089583
1 0.259375 0.631250 0.165625 0.270833
1 0.306250 0.170833 0.137500 0.208333
1 0.335156 0.317708 0.173438 0.247917
1 0.714063 0.437500 0.165625 0.212500
1 0.355469 0.591667 0.176563 0.187500
1 0.539844 0.320833 0.210938 0.166667
1 0.706250 0.561458 0.162500 0.193750
1 0.901563 0.322917 0.162500 0.212500
1 0.889844 0.496875 0.154688 0.218750
1 0.061719 0.876042 0.123438 0.185417
1 0.747656 0.755208 0.182812 0.206250
1 0.557813 0.634375 0.175000 0.222917
1 0.182812 0.113542 0.150000 0.197917
1 0.392969 0.805208 0.164062 0.210417
0 0.134375 0.380208 0.262500 0.414583
1 0.461719 0.141667 0.160938 0.191667
1 0.849219 0.975000 0.198437 0.045833
1 0.535937 0.029167 0.137500 0.058333
2 0.034375 0.068750 0.059375 0.070833
1 0.551562 0.887500 0.150000 0.191667
1 0.033594 0.619792 0.064062 0.168750
2 0.977344 0.648958 0.045313 0.072917
1 0.686719 0.064583 0.176563 0.129167
1 0.955469 0.817708 0.089063 0.210417
1 0.589063 0.925000 0.156250 0.150000
2 0.836719 0.886458 0.067188 0.089583
1 0.259375 0.631250 0.165625 0.270833
1 0.306250 0.170833 0.137500 0.208333
1 0.335156 0.317708 0.173438 0.247917
1 0.714063 0.437500 0.165625 0.212500
1 0.355469 0.591667 0.176563 0.187500
1 0.539844 0.320833 0.210938 0.166667
1 0.706250 0.561458 0.162500 0.193750
1 0.901563 0.322917 0.162500 0.212500
1 0.889844 0.496875 0.154688 0.218750
1 0.061719 0.876042 0.123438 0.185417
1 0.747656 0.755208 0.182812 0.206250
1 0.557813 0.634375 0.175000 0.222917
1 0.182812 0.113542 0.150000 0.197917
1 0.392969 0.805208 0.164062 0.210417
0 0.134375 0.380208 0.262500 0.414583
1 0.461719 0.141667 0.160938 0.191667
1 0.849219 0.975000 0.198437 0.045833
1 0.535937 0.029167 0.137500 0.058333
2 0.034375 0.068750 0.059375 0.070833
1 0.551562 0.887500 0.150000 0.191667
1 0.033594 0.619792 0.064062 0.168750
2 0.977344 0.648958 0.045313 0.072917
1 0.686719 0.064583 0.176563 0.129167
1 0.955469 0.817708 0.089063 0.210417
1 0.589063 0.925000 0.156250 0.150000
2 0.836719 0.886458 0.067188 0.089583
1 0.259375 0.631250 0.165625 0.270833
1 0.306250 0.170833 0.137500 0.208333
1 0.335156 0.317708 0.173438 0.247917
1 0.714063 0.437500 0.165625 0.212500
1 0.355469 0.591667 0.176563 0.187500
1 0.539844 0.320833 0.210938 0.166667
1 0.706250 0.561458 0.162500 0.193750
1 0.901563 0.322917 0.162500 0.212500
1 0.889844 0.496875 0.154688 0.218750
1 0.061719 0.876042 0.123438 0.185417
1 0.747656 0.755208 0.182812 0.206250
1 0.557813 0.634375 0.175000 0.222917
1 0.182812 0.113542 0.150000 0.197917
1 0.392969 0.805208 0.164062 0.210417
0 0.134375 0.380208 0.262500 0.414583
1 0.461719 0.141667 0.160938 0.191667
1 0.849219 0.975000 0.198437 0.045833
1 0.535937 0.029167 0.137500 0.058333
2 0.034375 0.068750 0.059375 0.070833
1 0.551562 0.887500 0.150000 0.191667
1 0.033594 0.619792 0.064062 0.168750
2 0.977344 0.648958 0.045313 0.072917
1 0.686719 0.064583 0.176563 0.129167
1 0.955469 0.817708 0.089063 0.210417
1 0.589063 0.925000 0.156250 0.150000
2 0.836719 0.886458 0.067188 0.089583
1 0.259375 0.631250 0.165625 0.270833
1 0.306250 0.170833 0.137500 0.208333
1 0.335156 0.317708 0.173438 0.247917
1 0.714063 0.437500 0.165625 0.212500
1 0.355469 0.591667 0.176563 0.187500
1 0.539844 0.320833 0.210938 0.166667
1 0.706250 0.561458 0.162500 0.193750
1 0.901563 0.322917 0.162500 0.212500
1 0.889844 0.496875 0.154688 0.218750
1 0.061719 0.876042 0.123438 0.185417
1 0.747656 0.755208 0.182812 0.206250
1 0.557813 0.634375 0.175000 0.222917
1 0.182812 0.113542 0.150000 0.197917
1 0.392969 0.805208 0.164062 0.210417
0 0.134375 0.380208 0.262500 0.414583
1 0.461719 0.141667 0.160938 0.191667
1 0.849219 0.975000 0.198437 0.045833
1 0.535937 0.029167 0.137500 0.058333
2 0.034375 0.068750 0.059375 0.070833
1 0.551562 0.887500 0.150000 0.191667
1 0.033594 0.619792 0.064062 0.168750
2 0.977344 0.648958 0.045313 0.072917
1 0.686719 0.064583 0.176563 0.129167
1 0.955469 0.817708 0.089063 0.210417
1 0.589063 0.925000 0.156250 0.150000
2 0.836719 0.886458 0.067188 0.089583
1 0.259375 0.631250 0.165625 0.270833
1 0.306250 0.170833 0.137500 0.208333
1 0.335156 0.317708 0.173438 0.247917
1 0.714063 0.437500 0.165625 0.212500
1 0.355469 0.591667 0.176563 0.187500
1 0.539844 0.320833 0.210938 0.166667
1 0.706250 0.561458 0.162500 0.193750
1 0.901563 0.322917 0.162500 0.212500
1 0.889844 0.496875 0.154688 0.218750
1 0.061719 0.876042 0.123438 0.185417
1 0.747656 0.755208 0.182812 0.206250
1 0.557813 0.634375 0.175000 0.222917
1 0.182812 0.113542 0.150000 0.197917
1 0.392969 0.805208 0.164062 0.210417
0 0.134375 0.380208 0.262500 0.414583
1 0.461719 0.141667 0.160938 0.191667
1 0.849219 0.975000 0.198437 0.045833
1 0.535937 0.029167 0.137500 0.058333
2 0.034375 0.068750 0.059375 0.070833
1 0.551562 0.887500 0.150000 0.191667
1 0.033594 0.619792 0.064062 0.168750
2 0.977344 0.648958 0.045313 0.072917
1 0.686719 0.064583 0.176563 0.129167
1 0.955469 0.817708 0.089063 0.210417
1 0.589063 0.925000 0.156250 0.150000
2 0.836719 0.886458 0.067188 0.089583
1 0.259375 0.631250 0.165625 0.270833
1 0.306250 0.170833 0.137500 0.208333
1 0.335156 0.317708 0.173438 0.247917
1 0.714063 0.437500 0.165625 0.212500
1 0.355469 0.591667 0.176563 0.187500
1 0.539844 0.320833 0.210938 0.166667
1 0.706250 0.561458 0.162500 0.193750
1 0.901563 0.322917 0.162500 0.212500
1 0.889844 0.496875 0.154688 0.218750
1 0.061719 0.876042 0.123438 0.185417
1 0.747656 0.755208 0.182812 0.206250
1 0.557813 0.634375 0.175000 0.222917
1 0.182812 0.113542 0.150000 0.197917
1 0.392969 0.805208 0.164062 0.210417
0 0.134375 0.380208 0.262500 0.414583
1 0.461719 0.141667 0.160938 0.191667
1 0.849219 0.975000 0.198437 0.045833
1 0.535937 0.029167 0.137500 0.058333
2 0.034375 0.068750 0.059375 0.070833
1 0.551562 0.887500 0.150000 0.191667
1 0.033594 0.619792 0.064062 0.168750
2 0.977344 0.648958 0.045313 0.072917
1 0.686719 0.064583 0.176563 0.129167
1 0.955469 0.817708 0.089063 0.210417
1 0.589063 0.925000 0.156250 0.150000
2 0.836719 0.886458 0.067188 0.089583
1 0.259375 0.631250 0.165625 0.270833
1 0.306250 0.170833 0.137500 0.208333
1 0.335156 0.317708 0.173438 0.247917
1 0.714063 0.437500 0.165625 0.212500
1 0.355469 0.591667 0.176563 0.187500
1 0.539844 0.320833 0.210938 0.166667
1 0.706250 0.561458 0.162500 0.193750
1 0.901563 0.322917 0.162500 0.212500
1 0.889844 0.496875 0.154688 0.218750
1 0.061719 0.876042 0.123438 0.185417
1 0.747656 0.755208 0.182812 0.206250
1 0.557813 0.634375 0.175000 0.222917
1 0.182812 0.113542 0.150000 0.197917
1 0.392969 0.805208 0.164062 0.210417
0 0.134375 0.380208 0.262500 0.414583
1 0.461719 0.141667 0.160938 0.191667
1 0.849219 0.975000 0.198437 0.045833
1 0.535937 0.029167 0.137500 0.058333
2 0.034375 0.068750 0.059375 0.070833
1 0.551562 0.887500 0.150000 0.191667
1 0.033594 0.619792 0.064062 0.168750
2 0.977344 0.648958 0.045313 0.072917
1 0.686719 0.064583 0.176563 0.129167
1 0.955469 0.817708 0.089063 0.210417
1 0.589063 0.925000 0.156250 0.150000
2 0.836719 0.886458 0.067188 0.089583
1 0.259375 0.631250 0.165625 0.270833
1 0.306250 0.170833 0.137500 0.208333
1 0.335156 0.317708 0.173438 0.247917
1 0.714063 0.437500 0.165625 0.212500
1 0.355469 0.591667 0.176563 0.187500
1 0.539844 0.320833 0.210938 0.166667
1 0.706250 0.561458 0.162500 0.193750
1 0.901563 0.322917 0.162500 0.212500
1 0.889844 0.496875 0.154688 0.218750
1 0.061719 0.876042 0.123438 0.185417
1 0.747656 0.755208 0.182812 0.206250
1 0.557813 0.634375 0.175000 0.222917
1 0.182812 0.113542 0.150000 0.197917
1 0.392969 0.805208 0.164062 0.210417
0 0.134375 0.380208 0.262500 0.414583
1 0.461719 0.141667 0.160938 0.191667
1 0.849219 0.975000 0.198437 0.045833
1 0.535937 0.029167 0.137500 0.058333
2 0.034375 0.068750 0.059375 0.070833
1 0.551562 0.887500 0.150000 0.191667
1 0.033594 0.619792 0.064062 0.168750
2 0.977344 0.648958 0.045313 0.072917
1 0.686719 0.064583 0.176563 0.129167
1 0.955469 0.817708 0.089063 0.210417
1 0.589063 0.925000 0.156250 0.150000
2 0.836719 0.886458 0.067188 0.089583
1 0.259375 0.631250 0.165625 0.270833
1 0.306250 0.170833 0.137500 0.208333
1 0.335156 0.317708 0.173438 0.247917
1 0.714063 0.437500 0.165625 0.212500
1 0.355469 0.591667 0.176563 0.187500
1 0.539844 0.320833 0.210938 0.166667
1 0.706250 0.561458 0.162500 0.193750
1 0.901563 0.322917 0.162500 0.212500
1 0.889844 0.496875 0.154688 0.218750
1 0.061719 0.876042 0.123438 0.185417
1 0.747656 0.755208 0.182812 0.206250
1 0.557813 0.634375 0.175000 0.222917
1 0.182812 0.113542 0.150000 0.197917
1 0.392969 0.805208 0.164062 0.210417
0 0.134375 0.380208 0.262500 0.414583
1 0.461719 0.141667 0.160938 0.191667
