1 0.264062 0.940625 0.209375 0.118750
1 0.053125 0.387500 0.106250 0.200000
1 0.664062 0.101042 0.171875 0.193750
1 0.472656 0.061458 0.185938 0.122917
1 0.371875 0.098958 0.181250 0.197917
2 0.445312 0.206250 0.065625 0.091667
1 0.810938 0.094792 0.178125 0.189583
1 0.630469 0.681250 0.160938 0.220833
1 0.053125 0.141667 0.106250 0.204167
1 0.178125 0.094792 0.162500 0.189583
1 0.900000 0.571875 0.171875 0.202083
1 0.772656 0.744792 0.220313 0.252083
1 0.716406 0.420833 0.198437 0.245833
1 0.926562 0.198958 0.146875 0.197917
1 0.708594 0.204167 0.157813 0.229167
0 0.265625 0.686458 0.246875 0.289583
1 0.264062 0.940625 0.209375 0.118750
1 0.053125 0.387500 0.106250 0.200000
1 0.664062 0.101042 0.171875 0.193750
1 0.472656 0.061458 0.185938 0.122917
1 0.371875 0.098958 0.181250 0.197917
2 0.445312 0.206250 0.065625 0.091667
1 0.810938 0.094792 0.178125 0.189583
1 0.630469 0.681250 0.160938 0.220833
1 0.053125 0.141667 0.106250 0.204167
1 0.178125 0.094792 0.162500 0.189583
1 0.900000 0.571875 0.171875 0.202083
1 0.772656 0.744792 0.220313 0.252083
1 0.716406 0.420833 0.198437 0.245833
1 0.926562 0.198958 0.146875 0.197917
1 0.708594 0.204167 0.157813 0.229167
0 0.265625 0.686458 0.246875 0.289583
1 0.264062 0.940625 0.209375 0.118750
1 0.053125 0.387500 0.106250 0.200000
1 0.664062 0.101042 0.171875 0.193750
1 0.472656 0.061458 0.185938 0.122917
1 0.371875 0.098958 0.181250 0.197917
2 0.445312 0.206250 0.065625 0.091667
1 0.810938 0.094792 0.178125 0.189583
1 0.630469 0.681250 0.160938 0.220833
1 0.053125 0.141667 0.106250 0.204167
1 0.178125 0.094792 0.162500 0.189583
1 0.900000 0.571875 0.171875 0.202083
1 0.772656 0.744792 0.220313 0.252083
1 0.716406 0.420833 0.198437 0.245833
1 0.926562 0.198958 0.146875 0.197917
1 0.708594 0.204167 0.157813 0.229167
0 0.265625 0.686458 0.246875 0.289583
1 0.264062 0.940625 0.209375 0.118750
1 0.053125 0.387500 0.106250 0.200000
1 0.664062 0.101042 0.171875 0.193750
1 0.472656 0.061458 0.185938 0.122917
1 0.371875 0.098958 0.181250 0.197917
2 0.445312 0.206250 0.065625 0.091667
1 0.810938 0.094792 0.178125 0.189583
1 0.630469 0.681250 0.160938 0.220833
1 0.053125 0.141667 0.106250 0.204167
1 0.178125 0.094792 0.162500 0.189583
1 0.900000 0.571875 0.171875 0.202083
1 0.772656 0.744792 0.220313 0.252083
1 0.716406 0.420833 0.198437 0.245833
1 0.926562 0.198958 0.146875 0.197917
1 0.708594 0.204167 0.157813 0.229167
0 0.265625 0.686458 0.246875 0.289583
1 0.264062 0.940625 0.209375 0.118750
1 0.053125 0.387500 0.106250 0.200000
1 0.664062 0.101042 0.171875 0.193750
1 0.472656 0.061458 0.185938 0.122917
1 0.371875 0.098958 0.181250 0.197917
2 0.445312 0.206250 0.065625 0.091667
1 0.810938 0.094792 0.178125 0.189583
1 0.630469 0.681250 0.160938 0.220833
1 0.053125 0.141667 0.106250 0.204167
1 0.178125 0.094792 0.162500 0.189583
1 0.900000 0.571875 0.171875 0.202083
1 0.772656 0.744792 0.220313 0.252083
1 0.716406 0.420833 0.198437 0.245833
1 0.926562 0.198958 0.146875 0.197917
1 0.708594 0.204167 0.157813 0.229167
0 0.265625 0.686458 0.246875 0.289583
1 0.264062 0.940625 0.209375 0.118750
1 0.053125 0.387500 0.106250 0.200000
1 0.664062 0.101042 0.171875 0.193750
1 0.472656 0.061458 0.185938 0.122917
1 0.371875 0.098958 0.181250 0.197917
2 0.445312 0.206250 0.065625 0.091667
1 0.810938 0.094792 0.178125 0.189583
1 0.630469 0.681250 0.160938 0.220833
1 0.053125 0.141667 0.106250 0.204167
1 0.178125 0.094792 0.162500 0.189583
1 0.900000 0.571875 0.171875 0.202083
1 0.772656 0.744792 0.220313 0.252083
1 0.716406 0.420833 0.198437 0.245833
1 0.926562 0.198958 0.146875 0.197917
1 0.708594 0.204167 0.157813 0.229167
0 0.265625 0.686458 0.246875 0.289583
1 0.264062 0.940625 0.209375 0.118750
1 0.053125 0.387500 0.106250 0.200000
1 0.664062 0.101042 0.171875 0.193750
1 0.472656 0.061458 0.185938 0.122917
1 0.371875 0.098958 0.181250 0.197917
2 0.445312 0.206250 0.065625 0.091667
1 0.810938 0.094792 0.178125 0.189583
1 0.630469 0.681250 0.160938 0.220833
1 0.053125 0.141667 0.106250 0.204167
1 0.178125 0.094792 0.162500 0.189583
1 0.900000 0.571875 0.171875 0.202083
1 0.772656 0.744792 0.220313 0.252083
1 0.716406 0.420833 0.198437 0.245833
1 0.926562 0.198958 0.146875 0.197917
1 0.708594 0.204167 0.157813 0.229167
0 0.265625 0.686458 0.246875 0.289583
1 0.264062 0.940625 0.209375 0.118750
1 0.053125 0.387500 0.106250 0.200000
1 0.664062 0.101042 0.171875 0.193750
1 0.472656 0.061458 0.185938 0.122917
1 0.371875 0.098958 0.181250 0.197917
2 0.445312 0.206250 0.065625 0.091667
1 0.810938 0.094792 0.178125 0.189583
1 0.630469 0.681250 0.160938 0.220833
1 0.053125 0.141667 0.106250 0.204167
1 0.178125 0.094792 0.162500 0.189583
1 0.900000 0.571875 0.171875 0.202083
1 0.772656 0.744792 0.220313 0.252083
1 0.716406 0.420833 0.198437 0.245833
1 0.926562 0.198958 0.146875 0.197917
1 0.708594 0.204167 0.157813 0.229167
0 0.265625 0.686458 0.246875 0.289583
1 0.264062 0.940625 0.209375 0.118750
1 0.053125 0.387500 0.106250 0.200000
1 0.664062 0.101042 0.171875 0.193750
1 0.472656 0.061458 0.185938 0.122917
1 0.371875 0.098958 0.181250 0.197917
2 0.445312 0.206250 0.065625 0.091667
1 0.810938 0.094792 0.178125 0.189583
1 0.630469 0.681250 0.160938 0.220833
1 0.053125 0.141667 0.106250 0.204167
1 0.178125 0.094792 0.162500 0.189583
1 0.900000 0.571875 0.171875 0.202083
1 0.772656 0.744792 0.220313 0.252083
1 0.716406 0.420833 0.198437 0.245833
1 0.926562 0.198958 0.146875 0.197917
1 0.708594 0.204167 0.157813 0.229167
0 0.265625 0.686458 0.246875 0.289583
1 0.264062 0.940625 0.209375 0.118750
1 0.053125 0.387500 0.106250 0.200000
1 0.664062 0.101042 0.171875 0.193750
1 0.472656 0.061458 0.185938 0.122917
1 0.371875 0.098958 0.181250 0.197917
2 0.445312 0.206250 0.065625 0.091667
1 0.810938 0.094792 0.178125 0.189583
1 0.630469 0.681250 0.160938 0.220833
1 0.053125 0.141667 0.106250 0.204167
1 0.178125 0.094792 0.162500 0.189583
1 0.900000 0.571875 0.171875 0.202083
1 0.772656 0.744792 0.220313 0.252083
1 0.716406 0.420833 0.198437 0.245833
1 0.926562 0.198958 0.146875 0.197917
1 0.708594 0.204167 0.157813 0.229167
0 0.265625 0.686458 0.246875 0.289583
1 0.264062 0.940625 0.209375 0.118750
1 0.053125 0.387500 0.106250 0.200000
1 0.664062 0.101042 0.171875 0.193750
1 0.472656 0.061458 0.185938 0.122917
1 0.371875 0.098958 0.181250 0.197917
2 0.445312 0.206250 0.065625 0.091667
1 0.810938 0.094792 0.178125 0.189583
1 0.630469 0.681250 0.160938 0.220833
1 0.053125 0.141667 0.106250 0.204167
1 0.178125 0.094792 0.162500 0.189583
1 0.900000 0.571875 0.171875 0.202083
1 0.772656 0.744792 0.220313 0.252083
1 0.716406 0.420833 0.198437 0.245833
1 0.926562 0.198958 0.146875 0.197917
1 0.708594 0.204167 0.157813 0.229167
0 0.265625 0.686458 0.246875 0.289583
1 0.264062 0.940625 0.209375 0.118750
1 0.053125 0.387500 0.106250 0.200000
1 0.664062 0.101042 0.171875 0.193750
1 0.472656 0.061458 0.185938 0.122917
1 0.371875 0.098958 0.181250 0.197917
2 0.445312 0.206250 0.065625 0.091667
1 0.810938 0.094792 0.178125 0.189583
1 0.630469 0.681250 0.160938 0.220833
1 0.053125 0.141667 0.106250 0.204167
1 0.178125 0.094792 0.162500 0.189583
1 0.900000 0.571875 0.171875 0.202083
1 0.772656 0.744792 0.220313 0.252083
1 0.716406 0.420833 0.198437 0.245833
1 0.926562 0.198958 0.146875 0.197917
1 0.708594 0.204167 0.157813 0.229167
0 0.265625 0.686458 0.246875 0.289583
1 0.264062 0.940625 0.209375 0.118750
1 0.053125 0.387500 0.106250 0.200000
1 0.664062 0.101042 0.171875 0.193750
1 0.472656 0.061458 0.185938 0.122917
1 0.371875 0.098958 0.181250 0.197917
2 0.445312 0.206250 0.065625 0.091667
1 0.810938 0.094792 0.178125 0.189583
1 0.630469 0.681250 0.160938 0.220833
1 0.053125 0.141667 0.106250 0.204167
1 0.178125 0.094792 0.162500 0.189583
1 0.900000 0.571875 0.171875 0.202083
1 0.772656 0.744792 0.220313 0.252083
1 0.716406 0.420833 0.198437 0.245833
1 0.926562 0.198958 0.146875 0.197917
1 0.708594 0.204167 0.157813 0.229167
0 0.265625 0.686458 0.246875 0.289583
1 0.264062 0.940625 0.209375 0.118750
1 0.053125 0.387500 0.106250 0.200000
1 0.664062 0.101042 0.171875 0.193750
1 0.472656 0.061458 0.185938 0.122917
1 0.371875 0.098958 0.181250 0.197917
2 0.445312 0.206250 0.065625 0.091667
1 0.810938 0.094792 0.178125 0.189583
1 0.630469 0.681250 0.160938 0.220833
1 0.053125 0.141667 0.106250 0.204167
1 0.178125 0.094792 0.162500 0.189583
1 0.900000 0.571875 0.171875 0.202083
1 0.772656 0.744792 0.220313 0.252083
1 0.716406 0.420833 0.198437 0.245833
1 0.926562 0.198958 0.146875 0.197917
1 0.708594 0.204167 0.157813 0.229167
0 0.265625 0.686458 0.246875 0.289583
1 0.264062 0.940625 0.209375 0.118750
1 0.053125 0.387500 0.106250 0.200000
1 0.664062 0.101042 0.171875 0.193750
1 0.472656 0.061458 0.185938 0.122917
1 0.371875 0.098958 0.181250 0.197917
2 0.445312 0.206250 0.065625 0.091667
1 0.810938 0.094792 0.178125 0.189583
1 0.630469 0.681250 0.160938 0.220833
1 0.053125 0.141667 0.106250 0.204167
1 0.178125 0.094792 0.162500 0.189583
1 0.900000 0.571875 0.171875 0.202083
1 0.772656 0.744792 0.220313 0.252083
1 0.716406 0.420833 0.198437 0.245833
1 0.926562 0.198958 0.146875 0.197917
1 0.708594 0.204167 0.157813 0.229167
0 0.265625 0.686458 0.246875 0.289583
1 0.264062 0.940625 0.209375 0.118750
1 0.053125 0.387500 0.106250 0.200000
1 0.664062 0.101042 0.171875 0.193750
1 0.472656 0.061458 0.185938 0.122917
1 0.371875 0.098958 0.181250 0.197917
2 0.445312 0.206250 0.065625 0.091667
1 0.810938 0.094792 0.178125 0.189583
1 0.630469 0.681250 0.160938 0.220833
1 0.053125 0.141667 0.106250 0.204167
1 0.178125 0.094792 0.162500 0.189583
1 0.900000 0.571875 0.171875 0.202083
1 0.772656 0.744792 0.220313 0.252083
1 0.716406 0.420833 0.198437 0.245833
1 0.926562 0.198958 0.146875 0.197917
1 0.708594 0.204167 0.157813 0.229167
0 0.265625 0.686458 0.246875 0.289583
