1 0.669531 0.120833 0.201563 0.241667
1 0.289062 0.969792 0.143750 0.060417
1 0.030469 0.583333 0.060938 0.258333
1 0.081250 0.028125 0.146875 0.056250
1 0.225000 0.032292 0.131250 0.064583
1 0.875000 0.732292 0.171875 0.214583
1 0.751563 0.667708 0.200000 0.239583
1 0.752344 0.388542 0.151562 0.202083
1 0.963281 0.907292 0.073438 0.185417
1 0.904688 0.473958 0.181250 0.247917
1 0.817187 0.923958 0.203125 0.152083
1 0.922656 0.096875 0.151562 0.177083
1 0.146094 0.530208 0.170313 0.247917
1 0.566406 0.813542 0.173438 0.243750
1 0.154688 0.904167 0.178125 0.191667
1 0.351562 0.704167 0.165625 0.166667
0 0.435937 0.125000 0.325000 0.250000
1 0.310937 0.457292 0.137500 0.185417
1 0.126563 0.248958 0.162500 0.210417
1 0.243750 0.196875 0.150000 0.206250
1 0.460156 0.547917 0.157813 0.208333
1 0.407813 0.893750 0.187500 0.208333
1 0.915625 0.221875 0.168750 0.222917
1 0.664844 0.375000 0.151562 0.179167
1 0.669531 0.120833 0.201563 0.241667
1 0.289062 0.969792 0.143750 0.060417
1 0.030469 0.583333 0.060938 0.258333
1 0.081250 0.028125 0.146875 0.056250
1 0.225000 0.032292 0.131250 0.064583
1 0.875000 0.732292 0.171875 0.214583
1 0.751563 0.667708 0.200000 0.239583
1 0.752344 0.388542 0.151562 0.202083
1 0.963281 0.907292 0.073438 0.185417
1 0.904688 0.473958 0.181250 0.247917
1 0.817187 0.923958 0.203125 0.152083
1 0.922656 0.096875 0.151562 0.177083
1 0.146094 0.530208 0.170313 0.247917
1 0.566406 0.813542 0.173438 0.243750
1 0.154688 0.904167 0.178125 0.191667
1 0.351562 0.704167 0.165625 0.166667
0 0.435937 0.125000 0.325000 0.250000
1 0.310937 0.457292 0.137500 0.185417
1 0.126563 0.248958 0.162500 0.210417
1 0.243750 0.196875 0.150000 0.206250
1 0.460156 0.547917 0.157813 0.208333
1 0.407813 0.893750 0.187500 0.208333
1 0.915625 0.221875 0.168750 0.222917
1 0.664844 0.375000 0.151562 0.179167
1 0.669531 0.120833 0.201563 0.241667
1 0.289062 0.969792 0.143750 0.060417
1 0.030469 0.583333 0.060938 0.258333
1 0.081250 0.028125 0.146875 0.056250
1 0.225000 0.032292 0.131250 0.064583
1 0.875000 0.732292 0.171875 0.214583
1 0.751563 0.667708 0.200000 0.239583
1 0.752344 0.388542 0.151562 0.202083
1 0.963281 0.907292 0.073438 0.185417
1 0.904688 0.473958 0.181250 0.247917
1 0.817187 0.923958 0.203125 0.152083
1 0.922656 0.096875 0.151562 0.177083
1 0.146094 0.530208 0.170313 0.247917
1 0.566406 0.813542 0.173438 0.243750
1 0.154688 0.904167 0.178125 0.191667
1 0.351562 0.704167 0.165625 0.166667
0 0.435937 0.125000 0.325000 0.250000
1 0.310937 0.457292 0.137500 0.185417
1 0.126563 0.248958 0.162500 0.210417
1 0.243750 0.196875 0.150000 0.206250
1 0.460156 0.547917 0.157813 0.208333
1 0.407813 0.893750 0.187500 0.208333
1 0.915625 0.221875 0.168750 0.222917
1 0.664844 0.375000 0.151562 0.179167
1 0.669531 0.120833 0.201563 0.241667
1 0.289062 0.969792 0.143750 0.060417
1 0.030469 0.583333 0.060938 0.258333
1 0.081250 0.028125 0.146875 0.056250
1 0.225000 0.032292 0.131250 0.064583
1 0.875000 0.732292 0.171875 0.214583
1 0.751563 0.667708 0.200000 0.239583
1 0.752344 0.388542 0.151562 0.202083
1 0.963281 0.907292 0.073438 0.185417
1 0.904688 0.473958 0.181250 0.247917
1 0.817187 0.923958 0.203125 0.152083
1 0.922656 0.096875 0.151562 0.177083
1 0.146094 0.530208 0.170313 0.247917
1 0.566406 0.813542 0.173438 0.243750
1 0.154688 0.904167 0.178125 0.191667
1 0.351562 0.704167 0.165625 0.166667
0 0.435937 0.125000 0.325000 0.250000
1 0.310937 0.457292 0.137500 0.185417
1 0.126563 0.248958 0.162500 0.210417
1 0.243750 0.196875 0.150000 0.206250
1 0.460156 0.547917 0.157813 0.208333
1 0.407813 0.893750 0.187500 0.208333
1 0.915625 0.221875 0.168750 0.222917
1 0.664844 0.375000 0.151562 0.179167
1 0.669531 0.120833 0.201563 0.241667
1 0.289062 0.969792 0.143750 0.060417
1 0.030469 0.583333 0.060938 0.258333
1 0.081250 0.028125 0.146875 0.056250
1 0.225000 0.032292 0.131250 0.064583
1 0.875000 0.732292 0.171875 0.214583
1 0.751563 0.667708 0.200000 0.239583
1 0.752344 0.388542 0.151562 0.202083
1 0.963281 0.907292 0.073438 0.185417
1 0.904688 0.473958 0.181250 0.247917
1 0.817187 0.923958 0.203125 0.152083
1 0.922656 0.096875 0.151562 0.177083
1 0.146094 0.530208 0.170313 0.247917
1 0.566406 0.813542 0.173438 0.243750
1 0.154688 0.904167 0.178125 0.191667
1 0.351562 0.704167 0.165625 0.166667
0 0.435937 0.125000 0.325000 0.250000
1 0.310937 0.457292 0.137500 0.185417
1 0.126563 0.248958 0.162500 0.210417
1 0.243750 0.196875 0.150000 0.206250
1 0.460156 0.547917 0.157813 0.208333
1 0.407813 0.893750 0.187500 0.208333
1 0.915625 0.221875 0.168750 0.222917
1 0.664844 0.375000 0.151562 0.179167
1 0.669531 0.120833 0.201563 0.241667
1 0.289062 0.969792 0.143750 0.060417
1 0.030469 0.583333 0.060938 0.258333
1 0.081250 0.028125 0.146875 0.056250
1 0.225000 0.032292 0.131250 0.064583
1 0.875000 0.732292 0.171875 0.214583
1 0.751563 0.667708 0.200000 0.239583
1 0.752344 0.388542 0.151562 0.202083
1 0.963281 0.907292 0.073438 0.185417
1 0.904688 0.473958 0.181250 0.247917
1 0.817187 0.923958 0.203125 0.152083
1 0.922656 0.096875 0.151562 0.177083
1 0.146094 0.530208 0.170313 0.247917
1 0.566406 0.813542 0.173438 0.243750
1 0.154688 0.904167 0.178125 0.191667
1 0.351562 0.704167 0.165625 0.166667
0 0.435937 0.125000 0.325000 0.250000
1 0.310937 0.457292 0.137500 0.185417
1 0.126563 0.248958 0.162500 0.210417
1 0.243750 0.196875 0.150000 0.206250
1 0.460156 0.547917 0.157813 0.208333
1 0.407813 0.893750 0.187500 0.208333
1 0.915625 0.221875 0.168750 0.222917
1 0.664844 0.375000 0.151562 0.179167
1 0.669531 0.120833 0.201563 0.241667
1 0.289062 0.969792 0.143750 0.060417
1 0.030469 0.583333 0.060938 0.258333
1 0.081250 0.028125 0.146875 0.056250
1 0.225000 0.032292 0.131250 0.064583
1 0.875000 0.732292 0.171875 0.214583
1 0.751563 0.667708 0.200000 0.239583
1 0.752344 0.388542 0.151562 0.202083
1 0.963281 0.907292 0.073438 0.185417
1 0.904688 0.473958 0.181250 0.247917
1 0.817187 0.923958 0.203125 0.152083
1 0.922656 0.096875 0.151562 0.177083
1 0.146094 0.530208 0.170313 0.247917
1 0.566406 0.813542 0.173438 0.243750
1 0.154688 0.904167 0.178125 0.191667
1 0.351562 0.704167 0.165625 0.166667
0 0.435937 0.125000 0.325000 0.250000
1 0.310937 0.457292 0.137500 0.185417
1 0.126563 0.248958 0.162500 0.210417
1 0.243750 0.196875 0.150000 0.206250
1 0.460156 0.547917 0.157813 0.208333
1 0.407813 0.893750 0.187500 0.208333
1 0.915625 0.221875 0.168750 0.222917
1 0.664844 0.375000 0.151562 0.179167
1 0.669531 0.120833 0.201563 0.241667
1 0.289062 0.969792 0.143750 0.060417
1 0.030469 0.583333 0.060938 0.258333
1 0.081250 0.028125 0.146875 0.056250
1 0.225000 0.032292 0.131250 0.064583
1 0.875000 0.732292 0.171875 0.214583
1 0.751563 0.667708 0.200000 0.239583
1 0.752344 0.388542 0.151562 0.202083
1 0.963281 0.907292 0.073438 0.185417
1 0.904688 0.473958 0.181250 0.247917
1 0.817187 0.923958 0.203125 0.152083
1 0.922656 0.096875 0.151562 0.177083
1 0.146094 0.530208 0.170313 0.247917
1 0.566406 0.813542 0.173438 0.243750
1 0.154688 0.904167 0.178125 0.191667
1 0.351562 0.704167 0.165625 0.166667
0 0.435937 0.125000 0.325000 0.250000
1 0.310937 0.457292 0.137500 0.185417
1 0.126563 0.248958 0.162500 0.210417
1 0.243750 0.196875 0.150000 0.206250
1 0.460156 0.547917 0.157813 0.208333
1 0.407813 0.893750 0.187500 0.208333
1 0.915625 0.221875 0.168750 0.222917
1 0.664844 0.375000 0.151562 0.179167
1 0.669531 0.120833 0.201563 0.241667
1 0.289062 0.969792 0.143750 0.060417
1 0.030469 0.583333 0.060938 0.258333
1 0.081250 0.028125 0.146875 0.056250
1 0.225000 0.032292 0.131250 0.064583
1 0.875000 0.732292 0.171875 0.214583
1 0.751563 0.667708 0.200000 0.239583
1 0.752344 0.388542 0.151562 0.202083
1 0.963281 0.907292 0.073438 0.185417
1 0.904688 0.473958 0.181250 0.247917
1 0.817187 0.923958 0.203125 0.152083
1 0.922656 0.096875 0.151562 0.177083
1 0.146094 0.530208 0.170313 0.247917
1 0.566406 0.813542 0.173438 0.243750
1 0.154688 0.904167 0.178125 0.191667
1 0.351562 0.704167 0.165625 0.166667
0 0.435937 0.125000 0.325000 0.250000
1 0.310937 0.457292 0.137500 0.185417
1 0.126563 0.248958 0.162500 0.210417
1 0.243750 0.196875 0.150000 0.206250
1 0.460156 0.547917 0.157813 0.208333
1 0.407813 0.893750 0.187500 0.208333
1 0.915625 0.221875 0.168750 0.222917
1 0.664844 0.375000 0.151562 0.179167
1 0.669531 0.120833 0.201563 0.241667
1 0.289062 0.969792 0.143750 0.060417
1 0.030469 0.583333 0.060938 0.258333
1 0.081250 0.028125 0.146875 0.056250
1 0.225000 0.032292 0.131250 0.064583
1 0.875000 0.732292 0.171875 0.214583
1 0.751563 0.667708 0.200000 0.239583
1 0.752344 0.388542 0.151562 0.202083
1 0.963281 0.907292 0.073438 0.185417
1 0.904688 0.473958 0.181250 0.247917
1 0.817187 0.923958 0.203125 0.152083
1 0.922656 0.096875 0.151562 0.177083
1 0.146094 0.530208 0.170313 0.247917
1 0.566406 0.813542 0.173438 0.243750
1 0.154688 0.904167 0.178125 0.191667
1 0.351562 0.704167 0.165625 0.166667
0 0.435937 0.125000 0.325000 0.250000
1 0.310937 0.457292 0.137500 0.185417
1 0.126563 0.248958 0.162500 0.210417
1 0.243750 0.196875 0.150000 0.206250
1 0.460156 0.547917 0.157813 0.208333
1 0.407813 0.893750 0.187500 0.208333
1 0.915625 0.221875 0.168750 0.222917
1 0.664844 0.375000 0.151562 0.179167
1 0.669531 0.120833 0.201563 0.241667
1 0.289062 0.969792 0.143750 0.060417
1 0.030469 0.583333 0.060938 0.258333
1 0.081250 0.028125 0.146875 0.056250
1 0.225000 0.032292 0.131250 0.064583
1 0.875000 0.732292 0.171875 0.214583
1 0.751563 0.667708 0.200000 0.239583
1 0.752344 0.388542 0.151562 0.202083
1 0.963281 0.907292 0.073438 0.185417
1 0.904688 0.473958 0.181250 0.247917
1 0.817187 0.923958 0.203125 0.152083
1 0.922656 0.096875 0.151562 0.177083
1 0.146094 0.530208 0.170313 0.247917
1 0.566406 0.813542 0.173438 0.243750
1 0.154688 0.904167 0.178125 0.191667
1 0.351562 0.704167 0.165625 0.166667
0 0.435937 0.125000 0.325000 0.250000
1 0.310937 0.457292 0.137500 0.185417
1 0.126563 0.248958 0.162500 0.210417
1 0.243750 0.196875 0.150000 0.206250
1 0.460156 0.547917 0.157813 0.208333
1 0.407813 0.893750 0.187500 0.208333
1 0.915625 0.221875 0.168750 0.222917
1 0.664844 0.375000 0.151562 0.179167
1 0.669531 0.120833 0.201563 0.241667
1 0.289062 0.969792 0.143750 0.060417
1 0.030469 0.583333 0.060938 0.258333
1 0.081250 0.028125 0.146875 0.056250
1 0.225000 0.032292 0.131250 0.064583
1 0.875000 0.732292 0.171875 0.214583
1 0.751563 0.667708 0.200000 0.239583
1 0.752344 0.388542 0.151562 0.202083
1 0.963281 0.907292 0.073438 0.185417
1 0.904688 0.473958 0.181250 0.247917
1 0.817187 0.923958 0.203125 0.152083
1 0.922656 0.096875 0.151562 0.177083
1 0.146094 0.530208 0.170313 0.247917
1 0.566406 0.813542 0.173438 0.243750
1 0.154688 0.904167 0.178125 0.191667
1 0.351562 0.704167 0.165625 0.166667
0 0.435937 0.125000 0.325000 0.250000
1 0.310937 0.457292 0.137500 0.185417
1 0.126563 0.248958 0.162500 0.210417
1 0.243750 0.196875 0.150000 0.206250
1 0.460156 0.547917 0.157813 0.208333
1 0.407813 0.893750 0.187500 0.208333
1 0.915625 0.221875 0.168750 0.222917
1 0.664844 0.375000 0.151562 0.179167
1 0.669531 0.120833 0.201563 0.241667
1 0.289062 0.969792 0.143750 0.060417
1 0.030469 0.583333 0.060938 0.258333
1 0.081250 0.028125 0.146875 0.056250
1 0.225000 0.032292 0.131250 0.064583
1 0.875000 0.732292 0.171875 0.214583
1 0.751563 0.667708 0.200000 0.239583
1 0.752344 0.388542 0.151562 0.202083
1 0.963281 0.907292 0.073438 0.185417
1 0.904688 0.473958 0.181250 0.247917
1 0.817187 0.923958 0.203125 0.152083
1 0.922656 0.096875 0.151562 0.177083
1 0.146094 0.530208 0.170313 0.247917
1 0.566406 0.813542 0.173438 0.243750
1 0.154688 0.904167 0.178125 0.191667
1 0.351562 0.704167 0.165625 0.166667
0 0.435937 0.125000 0.325000 0.250000
1 0.310937 0.457292 0.137500 0.185417
1 0.126563 0.248958 0.162500 0.210417
1 0.243750 0.196875 0.150000 0.206250
1 0.460156 0.547917 0.157813 0.208333
1 0.407813 0.893750 0.187500 0.208333
1 0.915625 0.221875 0.168750 0.222917
1 0.664844 0.375000 0.151562 0.179167
1 0.669531 0.120833 0.201563 0.241667
1 0.289062 0.969792 0.143750 0.060417
1 0.030469 0.583333 0.060938 0.258333
1 0.081250 0.028125 0.146875 0.056250
1 0.225000 0.032292 0.131250 0.064583
1 0.875000 0.732292 0.171875 0.214583
1 0.751563 0.667708 0.200000 0.239583
1 0.752344 0.388542 0.151562 0.202083
1 0.963281 0.907292 0.073438 0.185417
1 0.904688 0.473958 0.181250 0.247917
1 0.817187 0.923958 0.203125 0.152083
1 0.922656 0.096875 0.151562 0.177083
1 0.146094 0.530208 0.170313 0.247917
1 0.566406 0.813542 0.173438 0.243750
1 0.154688 0.904167 0.178125 0.191667
1 0.351562 0.704167 0.165625 0.166667
0 0.435937 0.125000 0.325000 0.250000
1 0.310937 0.457292 0.137500 0.185417
1 0.126563 0.248958 0.162500 0.210417
1 0.243750 0.196875 0.150000 0.206250
1 0.460156 0.547917 0.157813 0.208333
1 0.407813 0.893750 0.187500 0.208333
1 0.915625 0.221875 0.168750 0.222917
1 0.664844 0.375000 0.151562 0.179167
1 0.669531 0.120833 0.201563 0.241667
1 0.289062 0.969792 0.143750 0.060417
1 0.030469 0.583333 0.060938 0.258333
1 0.081250 0.028125 0.146875 0.056250
1 0.225000 0.032292 0.131250 0.064583
1 0.875000 0.732292 0.171875 0.214583
1 0.751563 0.667708 0.200000 0.239583
1 0.752344 0.388542 0.151562 0.202083
1 0.963281 0.907292 0.073438 0.185417
1 0.904688 0.473958 0.181250 0.247917
1 0.817187 0.923958 0.203125 0.152083
1 0.922656 0.096875 0.151562 0.177083
1 0.146094 0.530208 0.170313 0.247917
1 0.566406 0.813542 0.173438 0.243750
1 0.154688 0.904167 0.178125 0.191667
1 0.351562 0.704167 0.165625 0.166667
0 0.435937 0.125000 0.325000 0.250000
1 0.310937 0.457292 0.137500 0.185417
1 0.126563 0.248958 0.162500 0.210417
1 0.243750 0.196875 0.150000 0.206250
1 0.460156 0.547917 0.157813 0.208333
1 0.407813 0.893750 0.187500 0.208333
1 0.915625 0.221875 0.168750 0.222917
1 0.664844 0.375000 0.151562 0.179167
1 0.669531 0.120833 0.201563 0.241667
1 0.289062 0.969792 0.143750 0.060417
1 0.030469 0.583333 0.060938 0.258333
1 0.081250 0.028125 0.146875 0.056250
1 0.225000 0.032292 0.131250 0.064583
1 0.875000 0.732292 0.171875 0.214583
1 0.751563 0.667708 0.200000 0.239583
1 0.752344 0.388542 0.151562 0.202083
1 0.963281 0.907292 0.073438 0.185417
1 0.904688 0.473958 0.181250 0.247917
1 0.817187 0.923958 0.203125 0.152083
1 0.922656 0.096875 0.151562 0.177083
1 0.146094 0.530208 0.170313 0.247917
1 0.566406 0.813542 0.173438 0.243750
1 0.154688 0.904167 0.178125 0.191667
1 0.351562 0.704167 0.165625 0.166667
0 0.435937 0.125000 0.325000 0.250000
1 0.310937 0.457292 0.137500 0.185417
1 0.126563 0.248958 0.162500 0.210417
1 0.243750 0.196875 0.150000 0.206250
1 0.460156 0.547917 0.157813 0.208333
1 0.407813 0.893750 0.187500 0.208333
1 0.915625 0.221875 0.168750 0.222917
1 0.664844 0.375000 0.151562 0.179167
1 0.669531 0.120833 0.201563 0.241667
1 0.289062 0.969792 0.143750 0.060417
1 0.030469 0.583333 0.060938 0.258333
1 0.081250 0.028125 0.146875 0.056250
1 0.225000 0.032292 0.131250 0.064583
1 0.875000 0.732292 0.171875 0.214583
1 0.751563 0.667708 0.200000 0.239583
1 0.752344 0.388542 0.151562 0.202083
1 0.963281 0.907292 0.073438 0.185417
1 0.904688 0.473958 0.181250 0.247917
1 0.817187 0.923958 0.203125 0.152083
1 0.922656 0.096875 0.151562 0.177083
1 0.146094 0.530208 0.170313 0.247917
1 0.566406 0.813542 0.173438 0.243750
1 0.154688 0.904167 0.178125 0.191667
1 0.351562 0.704167 0.165625 0.166667
0 0.435937 0.125000 0.325000 0.250000
1 0.310937 0.457292 0.137500 0.185417
1 0.126563 0.248958 0.162500 0.210417
1 0.243750 0.196875 0.150000 0.206250
1 0.460156 0.547917 0.157813 0.208333
1 0.407813 0.893750 0.187500 0.208333
1 0.915625 0.221875 0.168750 0.222917
1 0.664844 0.375000 0.151562 0.179167
1 0.669531 0.120833 0.201563 0.241667
1 0.289062 0.969792 0.143750 0.060417
1 0.030469 0.583333 0.060938 0.258333
1 0.081250 0.028125 0.146875 0.056250
1 0.225000 0.032292 0.131250 0.064583
1 0.875000 0.732292 0.171875 0.214583
1 0.751563 0.667708 0.200000 0.239583
1 0.752344 0.388542 0.151562 0.202083
1 0.963281 0.907292 0.073438 0.185417
1 0.904688 0.473958 0.181250 0.247917
1 0.817187 0.923958 0.203125 0.152083
1 0.922656 0.096875 0.151562 0.177083
1 0.146094 0.530208 0.170313 0.247917
1 0.566406 0.813542 0.173438 0.243750
1 0.154688 0.904167 0.178125 0.191667
1 0.351562 0.704167 0.165625 0.166667
0 0.435937 0.125000 0.325000 0.250000
1 0.310937 0.457292 0.137500 0.185417
1 0.126563 0.248958 0.162500 0.210417
1 0.243750 0.196875 0.150000 0.206250
1 0.460156 0.547917 0.157813 0.208333
1 0.407813 0.893750 0.187500 0.208333
1 0.915625 0.221875 0.168750 0.222917
1 0.664844 0.375000 0.151562 0.179167
1 0.669531 0.120833 0.201563 0.241667
1 0.289062 0.969792 0.143750 0.060417
1 0.030469 0.583333 0.060938 0.258333
1 0.081250 0.028125 0.146875 0.056250
1 0.225000 0.032292 0.131250 0.064583
1 0.875000 0.732292 0.171875 0.214583
1 0.751563 0.667708 0.200000 0.239583
1 0.752344 0.388542 0.151562 0.202083
1 0.963281 0.907292 0.073438 0.185417
1 0.904688 0.473958 0.181250 0.247917
1 0.817187 0.923958 0.203125 0.152083
1 0.922656 0.096875 0.151562 0.177083
1 0.146094 0.530208 0.170313 0.247917
1 0.566406 0.813542 0.173438 0.243750
1 0.154688 0.904167 0.178125 0.191667
1 0.351562 0.704167 0.165625 0.166667
0 0.435937 0.125000 0.325000 0.250000
1 0.310937 0.457292 0.137500 0.185417
1 0.126563 0.248958 0.162500 0.210417
1 0.243750 0.196875 0.150000 0.206250
1 0.460156 0.547917 0.157813 0.208333
1 0.407813 0.893750 0.187500 0.208333
1 0.915625 0.221875 0.168750 0.222917
1 0.664844 0.375000 0.151562 0.179167
1 0.669531 0.120833 0.201563 0.241667
1 0.289062 0.969792 0.143750 0.060417
1 0.030469 0.583333 0.060938 0.258333
1 0.081250 0.028125 0.146875 0.056250
1 0.225000 0.032292 0.131250 0.064583
1 0.875000 0.732292 0.171875 0.214583
1 0.751563 0.667708 0.200000 0.239583
1 0.752344 0.388542 0.151562 0.202083
1 0.963281 0.907292 0.073438 0.185417
1 0.904688 0.473958 0.181250 0.247917
1 0.817187 0.923958 0.203125 0.152083
1 0.922656 0.096875 0.151562 0.177083
1 0.146094 0.530208 0.170313 0.247917
1 0.566406 0.813542 0.173438 0.243750
1 0.154688 0.904167 0.178125 0.191667
1 0.351562 0.704167 0.165625 0.166667
0 0.435937 0.125000 0.325000 0.250000
1 0.310937 0.457292 0.137500 0.185417
1 0.126563 0.248958 0.162500 0.210417
1 0.243750 0.196875 0.150000 0.206250
1 0.460156 0.547917 0.157813 0.208333
1 0.407813 0.893750 0.187500 0.208333
1 0.915625 0.221875 0.168750 0.222917
1 0.664844 0.375000 0.151562 0.179167
1 0.669531 0.120833 0.201563 0.241667
1 0.289062 0.969792 0.143750 0.060417
1 0.030469 0.583333 0.060938 0.258333
1 0.081250 0.028125 0.146875 0.056250
1 0.225000 0.032292 0.131250 0.064583
1 0.875000 0.732292 0.171875 0.214583
1 0.751563 0.667708 0.200000 0.239583
1 0.752344 0.388542 0.151562 0.202083
1 0.963281 0.907292 0.073438 0.185417
1 0.904688 0.473958 0.181250 0.247917
1 0.817187 0.923958 0.203125 0.152083
1 0.922656 0.096875 0.151562 0.177083
1 0.146094 0.530208 0.170313 0.247917
1 0.566406 0.813542 0.173438 0.243750
1 0.154688 0.904167 0.178125 0.191667
1 0.351562 0.704167 0.165625 0.166667
0 0.435937 0.125000 0.325000 0.250000
1 0.310937 0.457292 0.137500 0.185417
1 0.126563 0.248958 0.162500 0.210417
1 0.243750 0.196875 0.150000 0.206250
1 0.460156 0.547917 0.157813 0.208333
1 0.407813 0.893750 0.187500 0.208333
1 0.915625 0.221875 0.168750 0.222917
1 0.664844 0.375000 0.151562 0.179167
1 0.669531 0.120833 0.201563 0.241667
1 0.289062 0.969792 0.143750 0.060417
1 0.030469 0.583333 0.060938 0.258333
1 0.081250 0.028125 0.146875 0.056250
1 0.225000 0.032292 0.131250 0.064583
1 0.875000 0.732292 0.171875 0.214583
1 0.751563 0.667708 0.200000 0.239583
1 0.752344 0.388542 0.151562 0.202083
1 0.963281 0.907292 0.073438 0.185417
1 0.904688 0.473958 0.181250 0.247917
1 0.817187 0.923958 0.203125 0.152083
1 0.922656 0.096875 0.151562 0.177083
1 0.146094 0.530208 0.170313 0.247917
1 0.566406 0.813542 0.173438 0.243750
1 0.154688 0.904167 0.178125 0.191667
1 0.351562 0.704167 0.165625 0.166667
0 0.435937 0.125000 0.325000 0.250000
1 0.310937 0.457292 0.137500 0.185417
1 0.126563 0.248958 0.162500 0.210417
1 0.243750 0.196875 0.150000 0.206250
1 0.460156 0.547917 0.157813 0.208333
1 0.407813 0.893750 0.187500 0.208333
1 0.915625 0.221875 0.168750 0.222917
1 0.664844 0.375000 0.151562 0.179167
1 0.669531 0.120833 0.201563 0.241667
1 0.289062 0.969792 0.143750 0.060417
1 0.030469 0.583333 0.060938 0.258333
1 0.081250 0.028125 0.146875 0.056250
1 0.225000 0.032292 0.131250 0.064583
1 0.875000 0.732292 0.171875 0.214583
1 0.751563 0.667708 0.200000 0.239583
1 0.752344 0.388542 0.151562 0.202083
1 0.963281 0.907292 0.073438 0.185417
1 0.904688 0.473958 0.181250 0.247917
1 0.817187 0.923958 0.203125 0.152083
1 0.922656 0.096875 0.151562 0.177083
1 0.146094 0.530208 0.170313 0.247917
1 0.566406 0.813542 0.173438 0.243750
1 0.154688 0.904167 0.178125 0.191667
1 0.351562 0.704167 0.165625 0.166667
0 0.435937 0.125000 0.325000 0.250000
1 0.310937 0.457292 0.137500 0.185417
1 0.126563 0.248958 0.162500 0.210417
1 0.243750 0.196875 0.150000 0.206250
1 0.460156 0.547917 0.157813 0.208333
1 0.407813 0.893750 0.187500 0.208333
1 0.915625 0.221875 0.168750 0.222917
1 0.664844 0.375000 0.151562 0.179167
1 0.669531 0.120833 0.201563 0.241667
1 0.289062 0.969792 0.143750 0.060417
1 0.030469 0.583333 0.060938 0.258333
1 0.081250 0.028125 0.146875 0.056250
1 0.225000 0.032292 0.131250 0.064583
1 0.875000 0.732292 0.171875 0.214583
1 0.751563 0.667708 0.200000 0.239583
1 0.752344 0.388542 0.151562 0.202083
1 0.963281 0.907292 0.073438 0.185417
1 0.904688 0.473958 0.181250 0.247917
1 0.817187 0.923958 0.203125 0.152083
1 0.922656 0.096875 0.151562 0.177083
1 0.146094 0.530208 0.170313 0.247917
1 0.566406 0.813542 0.173438 0.243750
1 0.154688 0.904167 0.178125 0.191667
1 0.351562 0.704167 0.165625 0.166667
0 0.435937 0.125000 0.325000 0.250000
1 0.310937 0.457292 0.137500 0.185417
1 0.126563 0.248958 0.162500 0.210417
1 0.243750 0.196875 0.150000 0.206250
1 0.460156 0.547917 0.157813 0.208333
1 0.407813 0.893750 0.187500 0.208333
1 0.915625 0.221875 0.168750 0.222917
1 0.664844 0.375000 0.151562 0.179167
