1 0.242188 0.972917 0.181250 0.050000
0 0.403906 0.136458 0.351562 0.268750
1 0.838281 0.898958 0.167187 0.202083
1 0.955469 0.726042 0.089063 0.210417
1 0.678125 0.937500 0.181250 0.125000
1 0.045313 0.905208 0.090625 0.189583
1 0.878906 0.064583 0.210938 0.125000
1 0.213281 0.825000 0.195312 0.233333
1 0.323438 0.313542 0.168750 0.214583
1 0.085938 0.091667 0.168750 0.183333
1 0.486719 0.416667 0.151562 0.270833
1 0.610938 0.631250 0.193750 0.220833
1 0.519531 0.889583 0.148438 0.208333
1 0.088281 0.600000 0.176563 0.241667
1 0.130469 0.340625 0.182812 0.243750
1 0.917969 0.543750 0.154688 0.216667
1 0.739062 0.776042 0.165625 0.185417
1 0.915625 0.316667 0.168750 0.212500
1 0.288281 0.519792 0.173438 0.193750
1 0.242188 0.972917 0.181250 0.050000
0 0.403906 0.136458 0.351562 0.268750
1 0.838281 0.898958 0.167187 0.202083
1 0.955469 0.726042 0.089063 0.210417
1 0.678125 0.937500 0.181250 0.125000
1 0.045313 0.905208 0.090625 0.189583
1 0.878906 0.064583 0.210938 0.125000
1 0.213281 0.825000 0.195312 0.233333
1 0.323438 0.313542 0.168750 0.214583
1 0.085938 0.091667 0.168750 0.183333
1 0.486719 0.416667 0.151562 0.270833
1 0.610938 0.631250 0.193750 0.220833
1 0.519531 0.889583 0.148438 0.208333
1 0.088281 0.600000 0.176563 0.241667
1 0.130469 0.340625 0.182812 0.243750
1 0.917969 0.543750 0.154688 0.216667
1 0.739062 0.776042 0.165625 0.185417
1 0.915625 0.316667 0.168750 0.212500
1 0.288281 0.519792 0.173438 0.193750
1 0.242188 0.972917 0.181250 0.050000
0 0.403906 0.136458 0.351562 0.268750
1 0.838281 0.898958 0.167187 0.202083
1 0.955469 0.726042 0.089063 0.210417
1 0.678125 0.937500 0.181250 0.125000
1 0.045313 0.905208 0.090625 0.189583
1 0.878906 0.064583 0.210938 0.125000
1 0.213281 0.825000 0.195312 0.233333
1 0.323438 0.313542 0.168750 0.214583
1 0.085938 0.091667 0.168750 0.183333
1 0.486719 0.416667 0.151562 0.270833
1 0.610938 0.631250 0.193750 0.220833
1 0.519531 0.889583 0.148438 0.208333
1 0.088281 0.600000 0.176563 0.241667
1 0.130469 0.340625 0.182812 0.243750
1 0.917969 0.543750 0.154688 0.216667
1 0.739062 0.776042 0.165625 0.185417
1 0.915625 0.316667 0.168750 0.212500
1 0.288281 0.519792 0.173438 0.193750
1 0.242188 0.972917 0.181250 0.050000
0 0.403906 0.136458 0.351562 0.268750
1 0.838281 0.898958 0.167187 0.202083
1 0.955469 0.726042 0.089063 0.210417
1 0.678125 0.937500 0.181250 0.125000
1 0.045313 0.905208 0.090625 0.189583
1 0.878906 0.064583 0.210938 0.125000
1 0.213281 0.825000 0.195312 0.233333
1 0.323438 0.313542 0.168750 0.214583
1 0.085938 0.091667 0.168750 0.183333
1 0.486719 0.416667 0.151562 0.270833
1 0.610938 0.631250 0.193750 0.220833
1 0.519531 0.889583 0.148438 0.208333
1 0.088281 0.600000 0.176563 0.241667
1 0.130469 0.340625 0.182812 0.243750
1 0.917969 0.543750 0.154688 0.216667
1 0.739062 0.776042 0.165625 0.185417
1 0.915625 0.316667 0.168750 0.212500
1 0.288281 0.519792 0.173438 0.193750
1 0.242188 0.972917 0.181250 0.050000
0 0.403906 0.136458 0.351562 0.268750
1 0.838281 0.898958 0.167187 0.202083
1 0.955469 0.726042 0.089063 0.210417
1 0.678125 0.937500 0.181250 0.125000
1 0.045313 0.905208 0.090625 0.189583
1 0.878906 0.064583 0.210938 0.125000
1 0.213281 0.825000 0.195312 0.233333
1 0.323438 0.313542 0.168750 0.214583
1 0.085938 0.091667 0.168750 0.183333
1 0.486719 0.416667 0.151562 0.270833
1 0.610938 0.631250 0.193750 0.220833
1 0.519531 0.889583 0.148438 0.208333
1 0.088281 0.600000 0.176563 0.241667
1 0.130469 0.340625 0.182812 0.243750
1 0.917969 0.543750 0.154688 0.216667
1 0.739062 0.776042 0.165625 0.185417
1 0.915625 0.316667 0.168750 0.212500
1 0.288281 0.519792 0.173438 0.193750
1 0.242188 0.972917 0.181250 0.050000
0 0.403906 0.136458 0.351562 0.268750
1 0.838281 0.898958 0.167187 0.202083
1 0.955469 0.726042 0.089063 0.210417
1 0.678125 0.937500 0.181250 0.125000
1 0.045313 0.905208 0.090625 0.189583
1 0.878906 0.064583 0.210938 0.125000
1 0.213281 0.825000 0.195312 0.233333
1 0.323438 0.313542 0.168750 0.214583
1 0.085938 0.091667 0.168750 0.183333
1 0.486719 0.416667 0.151562 0.270833
1 0.610938 0.631250 0.193750 0.220833
1 0.519531 0.889583 0.148438 0.208333
1 0.088281 0.600000 0.176563 0.241667
1 0.130469 0.340625 0.182812 0.243750
1 0.917969 0.543750 0.154688 0.216667
1 0.739062 0.776042 0.165625 0.185417
1 0.915625 0.316667 0.168750 0.212500
1 0.288281 0.519792 0.173438 0.193750
1 0.242188 0.972917 0.181250 0.050000
0 0.403906 0.136458 0.351562 0.268750
1 0.838281 0.898958 0.167187 0.202083
1 0.955469 0.726042 0.089063 0.210417
1 0.678125 0.937500 0.181250 0.125000
1 0.045313 0.905208 0.090625 0.189583
1 0.878906 0.064583 0.210938 0.125000
1 0.213281 0.825000 0.195312 0.233333
1 0.323438 0.313542 0.168750 0.214583
1 0.085938 0.091667 0.168750 0.183333
1 0.486719 0.416667 0.151562 0.270833
1 0.610938 0.631250 0.193750 0.220833
1 0.519531 0.889583 0.148438 0.208333
1 0.088281 0.600000 0.176563 0.241667
1 0.130469 0.340625 0.182812 0.243750
1 0.917969 0.543750 0.154688 0.216667
1 0.739062 0.776042 0.165625 0.185417
1 0.915625 0.316667 0.168750 0.212500
1 0.288281 0.519792 0.173438 0.193750
1 0.242188 0.972917 0.181250 0.050000
0 0.403906 0.136458 0.351562 0.268750
1 0.838281 0.898958 0.167187 0.202083
1 0.955469 0.726042 0.089063 0.210417
1 0.678125 0.937500 0.181250 0.125000
1 0.045313 0.905208 0.090625 0.189583
1 0.878906 0.064583 0.210938 0.125000
1 0.213281 0.825000 0.195312 0.233333
1 0.323438 0.313542 0.168750 0.214583
1 0.085938 0.091667 0.168750 0.183333
1 0.486719 0.416667 0.151562 0.270833
1 0.610938 0.631250 0.193750 0.220833
1 0.519531 0.889583 0.148438 0.208333
1 0.088281 0.600000 0.176563 0.241667
1 0.130469 0.340625 0.182812 0.243750
1 0.917969 0.543750 0.154688 0.216667
1 0.739062 0.776042 0.165625 0.185417
1 0.915625 0.316667 0.168750 0.212500
1 0.288281 0.519792 0.173438 0.193750
1 0.242188 0.972917 0.181250 0.050000
0 0.403906 0.136458 0.351562 0.268750
1 0.838281 0.898958 0.167187 0.202083
1 0.955469 0.726042 0.089063 0.210417
1 0.678125 0.937500 0.181250 0.125000
1 0.045313 0.905208 0.090625 0.189583
1 0.878906 0.064583 0.210938 0.125000
1 0.213281 0.825000 0.195312 0.233333
1 0.323438 0.313542 0.168750 0.214583
1 0.085938 0.091667 0.168750 0.183333
1 0.486719 0.416667 0.151562 0.270833
1 0.610938 0.631250 0.193750 0.220833
1 0.519531 0.889583 0.148438 0.208333
1 0.088281 0.600000 0.176563 0.241667
1 0.130469 0.340625 0.182812 0.243750
1 0.917969 0.543750 0.154688 0.216667
1 0.739062 0.776042 0.165625 0.185417
1 0.915625 0.316667 0.168750 0.212500
1 0.288281 0.519792 0.173438 0.193750
1 0.242188 0.972917 0.181250 0.050000
0 0.403906 0.136458 0.351562 0.268750
1 0.838281 0.898958 0.167187 0.202083
1 0.955469 0.726042 0.089063 0.210417
1 0.678125 0.937500 0.181250 0.125000
1 0.045313 0.905208 0.090625 0.189583
1 0.878906 0.064583 0.210938 0.125000
1 0.213281 0.825000 0.195312 0.233333
1 0.323438 0.313542 0.168750 0.214583
1 0.085938 0.091667 0.168750 0.183333
1 0.486719 0.416667 0.151562 0.270833
1 0.610938 0.631250 0.193750 0.220833
1 0.519531 0.889583 0.148438 0.208333
1 0.088281 0.600000 0.176563 0.241667
1 0.130469 0.340625 0.182812 0.243750
1 0.917969 0.543750 0.154688 0.216667
1 0.739062 0.776042 0.165625 0.185417
1 0.915625 0.316667 0.168750 0.212500
1 0.288281 0.519792 0.173438 0.193750
1 0.242188 0.972917 0.181250 0.050000
0 0.403906 0.136458 0.351562 0.268750
1 0.838281 0.898958 0.167187 0.202083
1 0.955469 0.726042 0.089063 0.210417
1 0.678125 0.937500 0.181250 0.125000
1 0.045313 0.905208 0.090625 0.189583
1 0.878906 0.064583 0.210938 0.125000
1 0.213281 0.825000 0.195312 0.233333
1 0.323438 0.313542 0.168750 0.214583
1 0.085938 0.091667 0.168750 0.183333
1 0.486719 0.416667 0.151562 0.270833
1 0.610938 0.631250 0.193750 0.220833
1 0.519531 0.889583 0.148438 0.208333
1 0.088281 0.600000 0.176563 0.241667
1 0.130469 0.340625 0.182812 0.243750
1 0.917969 0.543750 0.154688 0.216667
1 0.739062 0.776042 0.165625 0.185417
1 0.915625 0.316667 0.168750 0.212500
1 0.288281 0.519792 0.173438 0.193750
1 0.242188 0.972917 0.181250 0.050000
0 0.403906 0.136458 0.351562 0.268750
1 0.838281 0.898958 0.167187 0.202083
1 0.955469 0.726042 0.089063 0.210417
1 0.678125 0.937500 0.181250 0.125000
1 0.045313 0.905208 0.090625 0.189583
1 0.878906 0.064583 0.210938 0.125000
1 0.213281 0.825000 0.195312 0.233333
1 0.323438 0.313542 0.168750 0.214583
1 0.085938 0.091667 0.168750 0.183333
1 0.486719 0.416667 0.151562 0.270833
1 0.610938 0.631250 0.193750 0.220833
1 0.519531 0.889583 0.148438 0.208333
1 0.088281 0.600000 0.176563 0.241667
1 0.130469 0.340625 0.182812 0.243750
1 0.917969 0.543750 0.154688 0.216667
1 0.739062 0.776042 0.165625 0.185417
1 0.915625 0.316667 0.168750 0.212500
1 0.288281 0.519792 0.173438 0.193750
1 0.242188 0.972917 0.181250 0.050000
0 0.403906 0.136458 0.351562 0.268750
1 0.838281 0.898958 0.167187 0.202083
1 0.955469 0.726042 0.089063 0.210417
1 0.678125 0.937500 0.181250 0.125000
1 0.045313 0.905208 0.090625 0.189583
1 0.878906 0.064583 0.210938 0.125000
1 0.213281 0.825000 0.195312 0.233333
1 0.323438 0.313542 0.168750 0.214583
1 0.085938 0.091667 0.168750 0.183333
1 0.486719 0.416667 0.151562 0.270833
1 0.610938 0.631250 0.193750 0.220833
1 0.519531 0.889583 0.148438 0.208333
1 0.088281 0.600000 0.176563 0.241667
1 0.130469 0.340625 0.182812 0.243750
1 0.917969 0.543750 0.154688 0.216667
1 0.739062 0.776042 0.165625 0.185417
1 0.915625 0.316667 0.168750 0.212500
1 0.288281 0.519792 0.173438 0.193750
1 0.242188 0.972917 0.181250 0.050000
0 0.403906 0.136458 0.351562 0.268750
1 0.838281 0.898958 0.167187 0.202083
1 0.955469 0.726042 0.089063 0.210417
1 0.678125 0.937500 0.181250 0.125000
1 0.045313 0.905208 0.090625 0.189583
1 0.878906 0.064583 0.210938 0.125000
1 0.213281 0.825000 0.195312 0.233333
1 0.323438 0.313542 0.168750 0.214583
1 0.085938 0.091667 0.168750 0.183333
1 0.486719 0.416667 0.151562 0.270833
1 0.610938 0.631250 0.193750 0.220833
1 0.519531 0.889583 0.148438 0.208333
1 0.088281 0.600000 0.176563 0.241667
1 0.130469 0.340625 0.182812 0.243750
1 0.917969 0.543750 0.154688 0.216667
1 0.739062 0.776042 0.165625 0.185417
1 0.915625 0.316667 0.168750 0.212500
1 0.288281 0.519792 0.173438 0.193750
1 0.242188 0.972917 0.181250 0.050000
0 0.403906 0.136458 0.351562 0.268750
1 0.838281 0.898958 0.167187 0.202083
1 0.955469 0.726042 0.089063 0.210417
1 0.678125 0.937500 0.181250 0.125000
1 0.045313 0.905208 0.090625 0.189583
1 0.878906 0.064583 0.210938 0.125000
1 0.213281 0.825000 0.195312 0.233333
1 0.323438 0.313542 0.168750 0.214583
1 0.085938 0.091667 0.168750 0.183333
1 0.486719 0.416667 0.151562 0.270833
1 0.610938 0.631250 0.193750 0.220833
1 0.519531 0.889583 0.148438 0.208333
1 0.088281 0.600000 0.176563 0.241667
1 0.130469 0.340625 0.182812 0.243750
1 0.917969 0.543750 0.154688 0.216667
1 0.739062 0.776042 0.165625 0.185417
1 0.915625 0.316667 0.168750 0.212500
1 0.288281 0.519792 0.173438 0.193750
1 0.242188 0.972917 0.181250 0.050000
0 0.403906 0.136458 0.351562 0.268750
1 0.838281 0.898958 0.167187 0.202083
1 0.955469 0.726042 0.089063 0.210417
1 0.678125 0.937500 0.181250 0.125000
1 0.045313 0.905208 0.090625 0.189583
1 0.878906 0.064583 0.210938 0.125000
1 0.213281 0.825000 0.195312 0.233333
1 0.323438 0.313542 0.168750 0.214583
1 0.085938 0.091667 0.168750 0.183333
1 0.486719 0.416667 0.151562 0.270833
1 0.610938 0.631250 0.193750 0.220833
1 0.519531 0.889583 0.148438 0.208333
1 0.088281 0.600000 0.176563 0.241667
1 0.130469 0.340625 0.182812 0.243750
1 0.917969 0.543750 0.154688 0.216667
1 0.739062 0.776042 0.165625 0.185417
1 0.915625 0.316667 0.168750 0.212500
1 0.288281 0.519792 0.173438 0.193750
1 0.242188 0.972917 0.181250 0.050000
0 0.403906 0.136458 0.351562 0.268750
1 0.838281 0.898958 0.167187 0.202083
1 0.955469 0.726042 0.089063 0.210417
1 0.678125 0.937500 0.181250 0.125000
1 0.045313 0.905208 0.090625 0.189583
1 0.878906 0.064583 0.210938 0.125000
1 0.213281 0.825000 0.195312 0.233333
1 0.323438 0.313542 0.168750 0.214583
1 0.085938 0.091667 0.168750 0.183333
1 0.486719 0.416667 0.151562 0.270833
1 0.610938 0.631250 0.193750 0.220833
1 0.519531 0.889583 0.148438 0.208333
1 0.088281 0.600000 0.176563 0.241667
1 0.130469 0.340625 0.182812 0.243750
1 0.917969 0.543750 0.154688 0.216667
1 0.739062 0.776042 0.165625 0.185417
1 0.915625 0.316667 0.168750 0.212500
1 0.288281 0.519792 0.173438 0.193750
1 0.242188 0.972917 0.181250 0.050000
0 0.403906 0.136458 0.351562 0.268750
1 0.838281 0.898958 0.167187 0.202083
1 0.955469 0.726042 0.089063 0.210417
1 0.678125 0.937500 0.181250 0.125000
1 0.045313 0.905208 0.090625 0.189583
1 0.878906 0.064583 0.210938 0.125000
1 0.213281 0.825000 0.195312 0.233333
1 0.323438 0.313542 0.168750 0.214583
1 0.085938 0.091667 0.168750 0.183333
1 0.486719 0.416667 0.151562 0.270833
1 0.610938 0.631250 0.193750 0.220833
1 0.519531 0.889583 0.148438 0.208333
1 0.088281 0.600000 0.176563 0.241667
1 0.130469 0.340625 0.182812 0.243750
1 0.917969 0.543750 0.154688 0.216667
1 0.739062 0.776042 0.165625 0.185417
1 0.915625 0.316667 0.168750 0.212500
1 0.288281 0.519792 0.173438 0.193750
1 0.242188 0.972917 0.181250 0.050000
0 0.403906 0.136458 0.351562 0.268750
1 0.838281 0.898958 0.167187 0.202083
1 0.955469 0.726042 0.089063 0.210417
1 0.678125 0.937500 0.181250 0.125000
1 0.045313 0.905208 0.090625 0.189583
1 0.878906 0.064583 0.210938 0.125000
1 0.213281 0.825000 0.195312 0.233333
1 0.323438 0.313542 0.168750 0.214583
1 0.085938 0.091667 0.168750 0.183333
1 0.486719 0.416667 0.151562 0.270833
1 0.610938 0.631250 0.193750 0.220833
1 0.519531 0.889583 0.148438 0.208333
1 0.088281 0.600000 0.176563 0.241667
1 0.130469 0.340625 0.182812 0.243750
1 0.917969 0.543750 0.154688 0.216667
1 0.739062 0.776042 0.165625 0.185417
1 0.915625 0.316667 0.168750 0.212500
1 0.288281 0.519792 0.173438 0.193750
