1 0.932813 0.030208 0.134375 0.060417
1 0.092188 0.868750 0.165625 0.204167
1 0.299219 0.791667 0.170313 0.183333
1 0.753125 0.271875 0.200000 0.227083
1 0.830469 0.436458 0.160938 0.152083
1 0.073438 0.289583 0.143750 0.241667
1 0.351562 0.217708 0.196875 0.222917
1 0.924219 0.254167 0.148438 0.237500
1 0.410938 0.751042 0.178125 0.185417
1 0.612500 0.067708 0.162500 0.135417
1 0.622656 0.822917 0.151562 0.204167
1 0.643750 0.456250 0.184375 0.216667
1 0.763281 0.650000 0.167187 0.216667
1 0.927344 0.843750 0.139063 0.170833
1 0.917969 0.661458 0.160938 0.227083
1 0.772656 0.066667 0.139063 0.133333
1 0.542969 0.280208 0.179688 0.247917
0 0.281250 0.487500 0.446875 0.504167
1 0.181250 0.108333 0.168750 0.212500
1 0.932813 0.030208 0.134375 0.060417
1 0.092188 0.868750 0.165625 0.204167
1 0.299219 0.791667 0.170313 0.183333
1 0.753125 0.271875 0.200000 0.227083
1 0.830469 0.436458 0.160938 0.152083
1 0.073438 0.289583 0.143750 0.241667
1 0.351562 0.217708 0.196875 0.222917
1 0.924219 0.254167 0.148438 0.237500
1 0.410938 0.751042 0.178125 0.185417
1 0.612500 0.067708 0.162500 0.135417
1 0.622656 0.822917 0.151562 0.204167
1 0.643750 0.456250 0.184375 0.216667
1 0.763281 0.650000 0.167187 0.216667
1 0.927344 0.843750 0.139063 0.170833
1 0.917969 0.661458 0.160938 0.227083
1 0.772656 0.066667 0.139063 0.133333
1 0.542969 0.280208 0.179688 0.247917
0 0.281250 0.487500 0.446875 0.504167
1 0.181250 0.108333 0.168750 0.212500
1 0.932813 0.030208 0.134375 0.060417
1 0.092188 0.868750 0.165625 0.204167
1 0.299219 0.791667 0.170313 0.183333
1 0.753125 0.271875 0.200000 0.227083
1 0.830469 0.436458 0.160938 0.152083
1 0.073438 0.289583 0.143750 0.241667
1 0.351562 0.217708 0.196875 0.222917
1 0.924219 0.254167 0.148438 0.237500
1 0.410938 0.751042 0.178125 0.185417
1 0.612500 0.067708 0.162500 0.135417
1 0.622656 0.822917 0.151562 0.204167
1 0.643750 0.456250 0.184375 0.216667
1 0.763281 0.650000 0.167187 0.216667
1 0.927344 0.843750 0.139063 0.170833
1 0.917969 0.661458 0.160938 0.227083
1 0.772656 0.066667 0.139063 0.133333
1 0.542969 0.280208 0.179688 0.247917
0 0.281250 0.487500 0.446875 0.504167
1 0.181250 0.108333 0.168750 0.212500
1 0.932813 0.030208 0.134375 0.060417
1 0.092188 0.868750 0.165625 0.204167
1 0.299219 0.791667 0.170313 0.183333
1 0.753125 0.271875 0.200000 0.227083
1 0.830469 0.436458 0.160938 0.152083
1 0.073438 0.289583 0.143750 0.241667
1 0.351562 0.217708 0.196875 0.222917
1 0.924219 0.254167 0.148438 0.237500
1 0.410938 0.751042 0.178125 0.185417
1 0.612500 0.067708 0.162500 0.135417
1 0.622656 0.822917 0.151562 0.204167
1 0.643750 0.456250 0.184375 0.216667
1 0.763281 0.650000 0.167187 0.216667
1 0.927344 0.843750 0.139063 0.170833
1 0.917969 0.661458 0.160938 0.227083
1 0.772656 0.066667 0.139063 0.133333
1 0.542969 0.280208 0.179688 0.247917
0 0.281250 0.487500 0.446875 0.504167
1 0.181250 0.108333 0.168750 0.212500
1 0.932813 0.030208 0.134375 0.060417
1 0.092188 0.868750 0.165625 0.204167
1 0.299219 0.791667 0.170313 0.183333
1 0.753125 0.271875 0.200000 0.227083
1 0.830469 0.436458 0.160938 0.152083
1 0.073438 0.289583 0.143750 0.241667
1 0.351562 0.217708 0.196875 0.222917
1 0.924219 0.254167 0.148438 0.237500
1 0.410938 0.751042 0.178125 0.185417
1 0.612500 0.067708 0.162500 0.135417
1 0.622656 0.822917 0.151562 0.204167
1 0.643750 0.456250 0.184375 0.216667
1 0.763281 0.650000 0.167187 0.216667
1 0.927344 0.843750 0.139063 0.170833
1 0.917969 0.661458 0.160938 0.227083
1 0.772656 0.066667 0.139063 0.133333
1 0.542969 0.280208 0.179688 0.247917
0 0.281250 0.487500 0.446875 0.504167
1 0.181250 0.108333 0.168750 0.212500
1 0.932813 0.030208 0.134375 0.060417
1 0.092188 0.868750 0.165625 0.204167
1 0.299219 0.791667 0.170313 0.183333
1 0.753125 0.271875 0.200000 0.227083
1 0.830469 0.436458 0.160938 0.152083
1 0.073438 0.289583 0.143750 0.241667
1 0.351562 0.217708 0.196875 0.222917
1 0.924219 0.254167 0.148438 0.237500
1 0.410938 0.751042 0.178125 0.185417
1 0.612500 0.067708 0.162500 0.135417
1 0.622656 0.822917 0.151562 0.204167
1 0.643750 0.456250 0.184375 0.216667
1 0.763281 0.650000 0.167187 0.216667
1 0.927344 0.843750 0.139063 0.170833
1 0.917969 0.661458 0.160938 0.227083
1 0.772656 0.066667 0.139063 0.133333
1 0.542969 0.280208 0.179688 0.247917
0 0.281250 0.487500 0.446875 0.504167
1 0.181250 0.108333 0.168750 0.212500
1 0.932813 0.030208 0.134375 0.060417
1 0.092188 0.868750 0.165625 0.204167
1 0.299219 0.791667 0.170313 0.183333
1 0.753125 0.271875 0.200000 0.227083
1 0.830469 0.436458 0.160938 0.152083
1 0.073438 0.289583 0.143750 0.241667
1 0.351562 0.217708 0.196875 0.222917
1 0.924219 0.254167 0.148438 0.237500
1 0.410938 0.751042 0.178125 0.185417
1 0.612500 0.067708 0.162500 0.135417
1 0.622656 0.822917 0.151562 0.204167
1 0.643750 0.456250 0.184375 0.216667
1 0.763281 0.650000 0.167187 0.216667
1 0.927344 0.843750 0.139063 0.170833
1 0.917969 0.661458 0.160938 0.227083
1 0.772656 0.066667 0.139063 0.133333
1 0.542969 0.280208 0.179688 0.247917
0 0.281250 0.487500 0.446875 0.504167
1 0.181250 0.108333 0.168750 0.212500
1 0.932813 0.030208 0.134375 0.060417
1 0.092188 0.868750 0.165625 0.204167
1 0.299219 0.791667 0.170313 0.183333
1 0.753125 0.271875 0.200000 0.227083
1 0.830469 0.436458 0.160938 0.152083
1 0.073438 0.289583 0.143750 0.241667
1 0.351562 0.217708 0.196875 0.222917
1 0.924219 0.254167 0.148438 0.237500
1 0.410938 0.751042 0.178125 0.185417
1 0.612500 0.067708 0.162500 0.135417
1 0.622656 0.822917 0.151562 0.204167
1 0.643750 0.456250 0.184375 0.216667
1 0.763281 0.650000 0.167187 0.216667
1 0.927344 0.843750 0.139063 0.170833
1 0.917969 0.661458 0.160938 0.227083
1 0.772656 0.066667 0.139063 0.133333
1 0.542969 0.280208 0.179688 0.247917
0 0.281250 0.487500 0.446875 0.504167
1 0.181250 0.108333 0.168750 0.212500
1 0.932813 0.030208 0.134375 0.060417
1 0.092188 0.868750 0.165625 0.204167
1 0.299219 0.791667 0.170313 0.183333
1 0.753125 0.271875 0.200000 0.227083
1 0.830469 0.436458 0.160938 0.152083
1 0.073438 0.289583 0.143750 0.241667
1 0.351562 0.217708 0.196875 0.222917
1 0.924219 0.254167 0.148438 0.237500
1 0.410938 0.751042 0.178125 0.185417
1 0.612500 0.067708 0.162500 0.135417
1 0.622656 0.822917 0.151562 0.204167
1 0.643750 0.456250 0.184375 0.216667
1 0.763281 0.650000 0.167187 0.216667
1 0.927344 0.843750 0.139063 0.170833
1 0.917969 0.661458 0.160938 0.227083
1 0.772656 0.066667 0.139063 0.133333
1 0.542969 0.280208 0.179688 0.247917
0 0.281250 0.487500 0.446875 0.504167
1 0.181250 0.108333 0.168750 0.212500
1 0.932813 0.030208 0.134375 0.060417
1 0.092188 0.868750 0.165625 0.204167
1 0.299219 0.791667 0.170313 0.183333
1 0.753125 0.271875 0.200000 0.227083
1 0.830469 0.436458 0.160938 0.152083
1 0.073438 0.289583 0.143750 0.241667
1 0.351562 0.217708 0.196875 0.222917
1 0.924219 0.254167 0.148438 0.237500
1 0.410938 0.751042 0.178125 0.185417
1 0.612500 0.067708 0.162500 0.135417
1 0.622656 0.822917 0.151562 0.204167
1 0.643750 0.456250 0.184375 0.216667
1 0.763281 0.650000 0.167187 0.216667
1 0.927344 0.843750 0.139063 0.170833
1 0.917969 0.661458 0.160938 0.227083
1 0.772656 0.066667 0.139063 0.133333
1 0.542969 0.280208 0.179688 0.247917
0 0.281250 0.487500 0.446875 0.504167
1 0.181250 0.108333 0.168750 0.212500
1 0.932813 0.030208 0.134375 0.060417
1 0.092188 0.868750 0.165625 0.204167
1 0.299219 0.791667 0.170313 0.183333
1 0.753125 0.271875 0.200000 0.227083
1 0.830469 0.436458 0.160938 0.152083
1 0.073438 0.289583 0.143750 0.241667
1 0.351562 0.217708 0.196875 0.222917
1 0.924219 0.254167 0.148438 0.237500
1 0.410938 0.751042 0.178125 0.185417
1 0.612500 0.067708 0.162500 0.135417
1 0.622656 0.822917 0.151562 0.204167
1 0.643750 0.456250 0.184375 0.216667
1 0.763281 0.650000 0.167187 0.216667
1 0.927344 0.843750 0.139063 0.170833
1 0.917969 0.661458 0.160938 0.227083
1 0.772656 0.066667 0.139063 0.133333
1 0.542969 0.280208 0.179688 0.247917
0 0.281250 0.487500 0.446875 0.504167
1 0.181250 0.108333 0.168750 0.212500
1 0.932813 0.030208 0.134375 0.060417
1 0.092188 0.868750 0.165625 0.204167
1 0.299219 0.791667 0.170313 0.183333
1 0.753125 0.271875 0.200000 0.227083
1 0.830469 0.436458 0.160938 0.152083
1 0.073438 0.289583 0.143750 0.241667
1 0.351562 0.217708 0.196875 0.222917
1 0.924219 0.254167 0.148438 0.237500
1 0.410938 0.751042 0.178125 0.185417
1 0.612500 0.067708 0.162500 0.135417
1 0.622656 0.822917 0.151562 0.204167
1 0.643750 0.456250 0.184375 0.216667
1 0.763281 0.650000 0.167187 0.216667
1 0.927344 0.843750 0.139063 0.170833
1 0.917969 0.661458 0.160938 0.227083
1 0.772656 0.066667 0.139063 0.133333
1 0.542969 0.280208 0.179688 0.247917
0 0.281250 0.487500 0.446875 0.504167
1 0.181250 0.108333 0.168750 0.212500
1 0.932813 0.030208 0.134375 0.060417
1 0.092188 0.868750 0.165625 0.204167
1 0.299219 0.791667 0.170313 0.183333
1 0.753125 0.271875 0.200000 0.227083
1 0.830469 0.436458 0.160938 0.152083
1 0.073438 0.289583 0.143750 0.241667
1 0.351562 0.217708 0.196875 0.222917
1 0.924219 0.254167 0.148438 0.237500
1 0.410938 0.751042 0.178125 0.185417
1 0.612500 0.067708 0.162500 0.135417
1 0.622656 0.822917 0.151562 0.204167
1 0.643750 0.456250 0.184375 0.216667
1 0.763281 0.650000 0.167187 0.216667
1 0.927344 0.843750 0.139063 0.170833
1 0.917969 0.661458 0.160938 0.227083
1 0.772656 0.066667 0.139063 0.133333
1 0.542969 0.280208 0.179688 0.247917
0 0.281250 0.487500 0.446875 0.504167
1 0.181250 0.108333 0.168750 0.212500
1 0.932813 0.030208 0.134375 0.060417
1 0.092188 0.868750 0.165625 0.204167
1 0.299219 0.791667 0.170313 0.183333
1 0.753125 0.271875 0.200000 0.227083
1 0.830469 0.436458 0.160938 0.152083
1 0.073438 0.289583 0.143750 0.241667
1 0.351562 0.217708 0.196875 0.222917
1 0.924219 0.254167 0.148438 0.237500
1 0.410938 0.751042 0.178125 0.185417
1 0.612500 0.067708 0.162500 0.135417
1 0.622656 0.822917 0.151562 0.204167
1 0.643750 0.456250 0.184375 0.216667
1 0.763281 0.650000 0.167187 0.216667
1 0.927344 0.843750 0.139063 0.170833
1 0.917969 0.661458 0.160938 0.227083
1 0.772656 0.066667 0.139063 0.133333
1 0.542969 0.280208 0.179688 0.247917
0 0.281250 0.487500 0.446875 0.504167
1 0.181250 0.108333 0.168750 0.212500
1 0.932813 0.030208 0.134375 0.060417
1 0.092188 0.868750 0.165625 0.204167
1 0.299219 0.791667 0.170313 0.183333
1 0.753125 0.271875 0.200000 0.227083
1 0.830469 0.436458 0.160938 0.152083
1 0.073438 0.289583 0.143750 0.241667
1 0.351562 0.217708 0.196875 0.222917
1 0.924219 0.254167 0.148438 0.237500
1 0.410938 0.751042 0.178125 0.185417
1 0.612500 0.067708 0.162500 0.135417
1 0.622656 0.822917 0.151562 0.204167
1 0.643750 0.456250 0.184375 0.216667
1 0.763281 0.650000 0.167187 0.216667
1 0.927344 0.843750 0.139063 0.170833
1 0.917969 0.661458 0.160938 0.227083
1 0.772656 0.066667 0.139063 0.133333
1 0.542969 0.280208 0.179688 0.247917
0 0.281250 0.487500 0.446875 0.504167
1 0.181250 0.108333 0.168750 0.212500
1 0.932813 0.030208 0.134375 0.060417
1 0.092188 0.868750 0.165625 0.204167
1 0.299219 0.791667 0.170313 0.183333
1 0.753125 0.271875 0.200000 0.227083
1 0.830469 0.436458 0.160938 0.152083
1 0.073438 0.289583 0.143750 0.241667
1 0.351562 0.217708 0.196875 0.222917
1 0.924219 0.254167 0.148438 0.237500
1 0.410938 0.751042 0.178125 0.185417
1 0.612500 0.067708 0.162500 0.135417
1 0.622656 0.822917 0.151562 0.204167
1 0.643750 0.456250 0.184375 0.216667
1 0.763281 0.650000 0.167187 0.216667
1 0.927344 0.843750 0.139063 0.170833
1 0.917969 0.661458 0.160938 0.227083
1 0.772656 0.066667 0.139063 0.133333
1 0.542969 0.280208 0.179688 0.247917
0 0.281250 0.487500 0.446875 0.504167
1 0.181250 0.108333 0.168750 0.212500
1 0.932813 0.030208 0.134375 0.060417
1 0.092188 0.868750 0.165625 0.204167
1 0.299219 0.791667 0.170313 0.183333
1 0.753125 0.271875 0.200000 0.227083
1 0.830469 0.436458 0.160938 0.152083
1 0.073438 0.289583 0.143750 0.241667
1 0.351562 0.217708 0.196875 0.222917
1 0.924219 0.254167 0.148438 0.237500
1 0.410938 0.751042 0.178125 0.185417
1 0.612500 0.067708 0.162500 0.135417
1 0.622656 0.822917 0.151562 0.204167
1 0.643750 0.456250 0.184375 0.216667
1 0.763281 0.650000 0.167187 0.216667
1 0.927344 0.843750 0.139063 0.170833
1 0.917969 0.661458 0.160938 0.227083
1 0.772656 0.066667 0.139063 0.133333
1 0.542969 0.280208 0.179688 0.247917
0 0.281250 0.487500 0.446875 0.504167
1 0.181250 0.108333 0.168750 0.212500
1 0.932813 0.030208 0.134375 0.060417
1 0.092188 0.868750 0.165625 0.204167
1 0.299219 0.791667 0.170313 0.183333
1 0.753125 0.271875 0.200000 0.227083
1 0.830469 0.436458 0.160938 0.152083
1 0.073438 0.289583 0.143750 0.241667
1 0.351562 0.217708 0.196875 0.222917
1 0.924219 0.254167 0.148438 0.237500
1 0.410938 0.751042 0.178125 0.185417
1 0.612500 0.067708 0.162500 0.135417
1 0.622656 0.822917 0.151562 0.204167
1 0.643750 0.456250 0.184375 0.216667
1 0.763281 0.650000 0.167187 0.216667
1 0.927344 0.843750 0.139063 0.170833
1 0.917969 0.661458 0.160938 0.227083
1 0.772656 0.066667 0.139063 0.133333
1 0.542969 0.280208 0.179688 0.247917
0 0.281250 0.487500 0.446875 0.504167
1 0.181250 0.108333 0.168750 0.212500
1 0.932813 0.030208 0.134375 0.060417
1 0.092188 0.868750 0.165625 0.204167
1 0.299219 0.791667 0.170313 0.183333
1 0.753125 0.271875 0.200000 0.227083
1 0.830469 0.436458 0.160938 0.152083
1 0.073438 0.289583 0.143750 0.241667
1 0.351562 0.217708 0.196875 0.222917
1 0.924219 0.254167 0.148438 0.237500
1 0.410938 0.751042 0.178125 0.185417
1 0.612500 0.067708 0.162500 0.135417
1 0.622656 0.822917 0.151562 0.204167
1 0.643750 0.456250 0.184375 0.216667
1 0.763281 0.650000 0.167187 0.216667
1 0.927344 0.843750 0.139063 0.170833
1 0.917969 0.661458 0.160938 0.227083
1 0.772656 0.066667 0.139063 0.133333
1 0.542969 0.280208 0.179688 0.247917
0 0.281250 0.487500 0.446875 0.504167
1 0.181250 0.108333 0.168750 0.212500
