1 0.048438 0.837500 0.096875 0.208333
1 0.027344 0.157292 0.054688 0.218750
1 0.755469 0.716667 0.173438 0.208333
1 0.799219 0.257292 0.164062 0.206250
2 0.117969 0.035417 0.067188 0.070833
1 0.249219 0.347917 0.176563 0.233333
2 0.621875 0.929167 0.078125 0.095833
1 0.087500 0.327083 0.146875 0.208333
1 0.742969 0.421875 0.154688 0.189583
1 0.350000 0.715625 0.159375 0.206250
1 0.144531 0.880208 0.170313 0.197917
1 0.603906 0.509375 0.164062 0.222917
1 0.475781 0.720833 0.164062 0.216667
1 0.202344 0.617708 0.170313 0.202083
0 0.498437 0.176042 0.328125 0.343750
1 0.048438 0.837500 0.096875 0.208333
1 0.027344 0.157292 0.054688 0.218750
1 0.755469 0.716667 0.173438 0.208333
1 0.799219 0.257292 0.164062 0.206250
2 0.117969 0.035417 0.067188 0.070833
1 0.249219 0.347917 0.176563 0.233333
2 0.621875 0.929167 0.078125 0.095833
1 0.087500 0.327083 0.146875 0.208333
1 0.742969 0.421875 0.154688 0.189583
1 0.350000 0.715625 0.159375 0.206250
1 0.144531 0.880208 0.170313 0.197917
1 0.603906 0.509375 0.164062 0.222917
1 0.475781 0.720833 0.164062 0.216667
1 0.202344 0.617708 0.170313 0.202083
0 0.498437 0.176042 0.328125 0.343750
1 0.048438 0.837500 0.096875 0.208333
1 0.027344 0.157292 0.054688 0.218750
1 0.755469 0.716667 0.173438 0.208333
1 0.799219 0.257292 0.164062 0.206250
2 0.117969 0.035417 0.067188 0.070833
1 0.249219 0.347917 0.176563 0.233333
2 0.621875 0.929167 0.078125 0.095833
1 0.087500 0.327083 0.146875 0.208333
1 0.742969 0.421875 0.154688 0.189583
1 0.350000 0.715625 0.159375 0.206250
1 0.144531 0.880208 0.170313 0.197917
1 0.603906 0.509375 0.164062 0.222917
1 0.475781 0.720833 0.164062 0.216667
1 0.202344 0.617708 0.170313 0.202083
0 0.498437 0.176042 0.328125 0.343750
1 0.048438 0.837500 0.096875 0.208333
1 0.027344 0.157292 0.054688 0.218750
1 0.755469 0.716667 0.173438 0.208333
1 0.799219 0.257292 0.164062 0.206250
2 0.117969 0.035417 0.067188 0.070833
1 0.249219 0.347917 0.176563 0.233333
2 0.621875 0.929167 0.078125 0.095833
1 0.087500 0.327083 0.146875 0.208333
1 0.742969 0.421875 0.154688 0.189583
1 0.350000 0.715625 0.159375 0.206250
1 0.144531 0.880208 0.170313 0.197917
1 0.603906 0.509375 0.164062 0.222917
1 0.475781 0.720833 0.164062 0.216667
1 0.202344 0.617708 0.170313 0.202083
0 0.498437 0.176042 0.328125 0.343750
1 0.048438 0.837500 0.096875 0.208333
1 0.027344 0.157292 0.054688 0.218750
1 0.755469 0.716667 0.173438 0.208333
1 0.799219 0.257292 0.164062 0.206250
2 0.117969 0.035417 0.067188 0.070833
1 0.249219 0.347917 0.176563 0.233333
2 0.621875 0.929167 0.078125 0.095833
1 0.087500 0.327083 0.146875 0.208333
1 0.742969 0.421875 0.154688 0.189583
1 0.350000 0.715625 0.159375 0.206250
1 0.144531 0.880208 0.170313 0.197917
1 0.603906 0.509375 0.164062 0.222917
1 0.475781 0.720833 0.164062 0.216667
1 0.202344 0.617708 0.170313 0.202083
0 0.498437 0.176042 0.328125 0.343750
1 0.048438 0.837500 0.096875 0.208333
1 0.027344 0.157292 0.054688 0.218750
1 0.755469 0.716667 0.173438 0.208333
1 0.799219 0.257292 0.164062 0.206250
2 0.117969 0.035417 0.067188 0.070833
1 0.249219 0.347917 0.176563 0.233333
2 0.621875 0.929167 0.078125 0.095833
1 0.087500 0.327083 0.146875 0.208333
1 0.742969 0.421875 0.154688 0.189583
1 0.350000 0.715625 0.159375 0.206250
1 0.144531 0.880208 0.170313 0.197917
1 0.603906 0.509375 0.164062 0.222917
1 0.475781 0.720833 0.164062 0.216667
1 0.202344 0.617708 0.170313 0.202083
0 0.498437 0.176042 0.328125 0.343750
1 0.048438 0.837500 0.096875 0.208333
1 0.027344 0.157292 0.054688 0.218750
1 0.755469 0.716667 0.173438 0.208333
1 0.799219 0.257292 0.164062 0.206250
2 0.117969 0.035417 0.067188 0.070833
1 0.249219 0.347917 0.176563 0.233333
2 0.621875 0.929167 0.078125 0.095833
1 0.087500 0.327083 0.146875 0.208333
1 0.742969 0.421875 0.154688 0.189583
1 0.350000 0.715625 0.159375 0.206250
1 0.144531 0.880208 0.170313 0.197917
1 0.603906 0.509375 0.164062 0.222917
1 0.475781 0.720833 0.164062 0.216667
1 0.202344 0.617708 0.170313 0.202083
0 0.498437 0.176042 0.328125 0.343750
1 0.048438 0.837500 0.096875 0.208333
1 0.027344 0.157292 0.054688 0.218750
1 0.755469 0.716667 0.173438 0.208333
1 0.799219 0.257292 0.164062 0.206250
2 0.117969 0.035417 0.067188 0.070833
1 0.249219 0.347917 0.176563 0.233333
2 0.621875 0.929167 0.078125 0.095833
1 0.087500 0.327083 0.146875 0.208333
1 0.742969 0.421875 0.154688 0.189583
1 0.350000 0.715625 0.159375 0.206250
1 0.144531 0.880208 0.170313 0.197917
1 0.603906 0.509375 0.164062 0.222917
1 0.475781 0.720833 0.164062 0.216667
1 0.202344 0.617708 0.170313 0.202083
0 0.498437 0.176042 0.328125 0.343750
1 0.048438 0.837500 0.096875 0.208333
1 0.027344 0.157292 0.054688 0.218750
1 0.755469 0.716667 0.173438 0.208333
1 0.799219 0.257292 0.164062 0.206250
2 0.117969 0.035417 0.067188 0.070833
1 0.249219 0.347917 0.176563 0.233333
2 0.621875 0.929167 0.078125 0.095833
1 0.087500 0.327083 0.146875 0.208333
1 0.742969 0.421875 0.154688 0.189583
1 0.350000 0.715625 0.159375 0.206250
1 0.144531 0.880208 0.170313 0.197917
1 0.603906 0.509375 0.164062 0.222917
1 0.475781 0.720833 0.164062 0.216667
1 0.202344 0.617708 0.170313 0.202083
0 0.498437 0.176042 0.328125 0.343750
1 0.048438 0.837500 0.096875 0.208333
1 0.027344 0.157292 0.054688 0.218750
1 0.755469 0.716667 0.173438 0.208333
1 0.799219 0.257292 0.164062 0.206250
2 0.117969 0.035417 0.067188 0.070833
1 0.249219 0.347917 0.176563 0.233333
2 0.621875 0.929167 0.078125 0.095833
1 0.087500 0.327083 0.146875 0.208333
1 0.742969 0.421875 0.154688 0.189583
1 0.350000 0.715625 0.159375 0.206250
1 0.144531 0.880208 0.170313 0.197917
1 0.603906 0.509375 0.164062 0.222917
1 0.475781 0.720833 0.164062 0.216667
1 0.202344 0.617708 0.170313 0.202083
0 0.498437 0.176042 0.328125 0.343750
1 0.048438 0.837500 0.096875 0.208333
1 0.027344 0.157292 0.054688 0.218750
1 0.755469 0.716667 0.173438 0.208333
1 0.799219 0.257292 0.164062 0.206250
2 0.117969 0.035417 0.067188 0.070833
1 0.249219 0.347917 0.176563 0.233333
2 0.621875 0.929167 0.078125 0.095833
1 0.087500 0.327083 0.146875 0.208333
1 0.742969 0.421875 0.154688 0.189583
1 0.350000 0.715625 0.159375 0.206250
1 0.144531 0.880208 0.170313 0.197917
1 0.603906 0.509375 0.164062 0.222917
1 0.475781 0.720833 0.164062 0.216667
1 0.202344 0.617708 0.170313 0.202083
0 0.498437 0.176042 0.328125 0.343750
1 0.048438 0.837500 0.096875 0.208333
1 0.027344 0.157292 0.054688 0.218750
1 0.755469 0.716667 0.173438 0.208333
1 0.799219 0.257292 0.164062 0.206250
2 0.117969 0.035417 0.067188 0.070833
1 0.249219 0.347917 0.176563 0.233333
2 0.621875 0.929167 0.078125 0.095833
1 0.087500 0.327083 0.146875 0.208333
1 0.742969 0.421875 0.154688 0.189583
1 0.350000 0.715625 0.159375 0.206250
1 0.144531 0.880208 0.170313 0.197917
1 0.603906 0.509375 0.164062 0.222917
1 0.475781 0.720833 0.164062 0.216667
1 0.202344 0.617708 0.170313 0.202083
0 0.498437 0.176042 0.328125 0.343750
1 0.048438 0.837500 0.096875 0.208333
1 0.027344 0.157292 0.054688 0.218750
1 0.755469 0.716667 0.173438 0.208333
1 0.799219 0.257292 0.164062 0.206250
2 0.117969 0.035417 0.067188 0.070833
1 0.249219 0.347917 0.176563 0.233333
2 0.621875 0.929167 0.078125 0.095833
1 0.087500 0.327083 0.146875 0.208333
1 0.742969 0.421875 0.154688 0.189583
1 0.350000 0.715625 0.159375 0.206250
1 0.144531 0.880208 0.170313 0.197917
1 0.603906 0.509375 0.164062 0.222917
1 0.475781 0.720833 0.164062 0.216667
1 0.202344 0.617708 0.170313 0.202083
0 0.498437 0.176042 0.328125 0.343750
1 0.048438 0.837500 0.096875 0.208333
1 0.027344 0.157292 0.054688 0.218750
1 0.755469 0.716667 0.173438 0.208333
1 0.799219 0.257292 0.164062 0.206250
2 0.117969 0.035417 0.067188 0.070833
1 0.249219 0.347917 0.176563 0.233333
2 0.621875 0.929167 0.078125 0.095833
1 0.087500 0.327083 0.146875 0.208333
1 0.742969 0.421875 0.154688 0.189583
1 0.350000 0.715625 0.159375 0.206250
1 0.144531 0.880208 0.170313 0.197917
1 0.603906 0.509375 0.164062 0.222917
1 0.475781 0.720833 0.164062 0.216667
1 0.202344 0.617708 0.170313 0.202083
0 0.498437 0.176042 0.328125 0.343750
1 0.048438 0.837500 0.096875 0.208333
1 0.027344 0.157292 0.054688 0.218750
1 0.755469 0.716667 0.173438 0.208333
1 0.799219 0.257292 0.164062 0.206250
2 0.117969 0.035417 0.067188 0.070833
1 0.249219 0.347917 0.176563 0.233333
2 0.621875 0.929167 0.078125 0.095833
1 0.087500 0.327083 0.146875 0.208333
1 0.742969 0.421875 0.154688 0.189583
1 0.350000 0.715625 0.159375 0.206250
1 0.144531 0.880208 0.170313 0.197917
1 0.603906 0.509375 0.164062 0.222917
1 0.475781 0.720833 0.164062 0.216667
1 0.202344 0.617708 0.170313 0.202083
0 0.498437 0.176042 0.328125 0.343750
