1 0.871875 0.143750 0.153125 0.225000
1 0.065625 0.395833 0.131250 0.254167
1 0.714063 0.073958 0.165625 0.147917
1 0.644531 0.533333 0.164062 0.220833
1 0.908594 0.832292 0.170313 0.222917
1 0.977344 0.642708 0.045313 0.197917
1 0.370313 0.968750 0.184375 0.062500
1 0.677344 0.748958 0.173438 0.193750
1 0.854688 0.886458 0.146875 0.197917
1 0.486719 0.638542 0.142188 0.202083
1 0.928906 0.147917 0.142188 0.241667
1 0.326562 0.825000 0.184375 0.270833
1 0.221875 0.428125 0.193750 0.227083
1 0.400781 0.619792 0.148438 0.218750
1 0.266406 0.302083 0.142188 0.154167
0 0.497656 0.187500 0.267188 0.320833
1 0.871875 0.143750 0.153125 0.225000
1 0.065625 0.395833 0.131250 0.254167
1 0.714063 0.073958 0.165625 0.147917
1 0.644531 0.533333 0.164062 0.220833
1 0.908594 0.832292 0.170313 0.222917
1 0.977344 0.642708 0.045313 0.197917
1 0.370313 0.968750 0.184375 0.062500
1 0.677344 0.748958 0.173438 0.193750
1 0.854688 0.886458 0.146875 0.197917
1 0.486719 0.638542 0.142188 0.202083
1 0.928906 0.147917 0.142188 0.241667
1 0.326562 0.825000 0.184375 0.270833
1 0.221875 0.428125 0.193750 0.227083
1 0.400781 0.619792 0.148438 0.218750
1 0.266406 0.302083 0.142188 0.154167
0 0.497656 0.187500 0.267188 0.320833
1 0.871875 0.143750 0.153125 0.225000
1 0.065625 0.395833 0.131250 0.254167
1 0.714063 0.073958 0.165625 0.147917
1 0.644531 0.533333 0.164062 0.220833
1 0.908594 0.832292 0.170313 0.222917
1 0.977344 0.642708 0.045313 0.197917
1 0.370313 0.968750 0.184375 0.062500
1 0.677344 0.748958 0.173438 0.193750
1 0.854688 0.886458 0.146875 0.197917
1 0.486719 0.638542 0.142188 0.202083
1 0.928906 0.147917 0.142188 0.241667
1 0.326562 0.825000 0.184375 0.270833
1 0.221875 0.428125 0.193750 0.227083
1 0.400781 0.619792 0.148438 0.218750
1 0.266406 0.302083 0.142188 0.154167
0 0.497656 0.187500 0.267188 0.320833
1 0.871875 0.143750 0.153125 0.225000
1 0.065625 0.395833 0.131250 0.254167
1 0.714063 0.073958 0.165625 0.147917
1 0.644531 0.533333 0.164062 0.220833
1 0.908594 0.832292 0.170313 0.222917
1 0.977344 0.642708 0.045313 0.197917
1 0.370313 0.968750 0.184375 0.062500
1 0.677344 0.748958 0.173438 0.193750
1 0.854688 0.886458 0.146875 0.197917
1 0.486719 0.638542 0.142188 0.202083
1 0.928906 0.147917 0.142188 0.241667
1 0.326562 0.825000 0.184375 0.270833
1 0.221875 0.428125 0.193750 0.227083
1 0.400781 0.619792 0.148438 0.218750
1 0.266406 0.302083 0.142188 0.154167
0 0.497656 0.187500 0.267188 0.320833
1 0.871875 0.143750 0.153125 0.225000
1 0.065625 0.395833 0.131250 0.254167
1 0.714063 0.073958 0.165625 0.147917
1 0.644531 0.533333 0.164062 0.220833
1 0.908594 0.832292 0.170313 0.222917
1 0.977344 0.642708 0.045313 0.197917
1 0.370313 0.968750 0.184375 0.062500
1 0.677344 0.748958 0.173438 0.193750
1 0.854688 0.886458 0.146875 0.197917
1 0.486719 0.638542 0.142188 0.202083
1 0.928906 0.147917 0.142188 0.241667
1 0.326562 0.825000 0.184375 0.270833
1 0.221875 0.428125 0.193750 0.227083
1 0.400781 0.619792 0.148438 0.218750
1 0.266406 0.302083 0.142188 0.154167
0 0.497656 0.187500 0.267188 0.320833
1 0.871875 0.143750 0.153125 0.225000
1 0.065625 0.395833 0.131250 0.254167
1 0.714063 0.073958 0.165625 0.147917
1 0.644531 0.533333 0.164062 0.220833
1 0.908594 0.832292 0.170313 0.222917
1 0.977344 0.642708 0.045313 0.197917
1 0.370313 0.968750 0.184375 0.062500
1 0.677344 0.748958 0.173438 0.193750
1 0.854688 0.886458 0.146875 0.197917
1 0.486719 0.638542 0.142188 0.202083
1 0.928906 0.147917 0.142188 0.241667
1 0.326562 0.825000 0.184375 0.270833
1 0.221875 0.428125 0.193750 0.227083
1 0.400781 0.619792 0.148438 0.218750
1 0.266406 0.302083 0.142188 0.154167
0 0.497656 0.187500 0.267188 0.320833
1 0.871875 0.143750 0.153125 0.225000
1 0.065625 0.395833 0.131250 0.254167
1 0.714063 0.073958 0.165625 0.147917
1 0.644531 0.533333 0.164062 0.220833
1 0.908594 0.832292 0.170313 0.222917
1 0.977344 0.642708 0.045313 0.197917
1 0.370313 0.968750 0.184375 0.062500
1 0.677344 0.748958 0.173438 0.193750
1 0.854688 0.886458 0.146875 0.197917
1 0.486719 0.638542 0.142188 0.202083
1 0.928906 0.147917 0.142188 0.241667
1 0.326562 0.825000 0.184375 0.270833
1 0.221875 0.428125 0.193750 0.227083
1 0.400781 0.619792 0.148438 0.218750
1 0.266406 0.302083 0.142188 0.154167
0 0.497656 0.187500 0.267188 0.320833
1 0.871875 0.143750 0.153125 0.225000
1 0.065625 0.395833 0.131250 0.254167
1 0.714063 0.073958 0.165625 0.147917
1 0.644531 0.533333 0.164062 0.220833
1 0.908594 0.832292 0.170313 0.222917
1 0.977344 0.642708 0.045313 0.197917
1 0.370313 0.968750 0.184375 0.062500
1 0.677344 0.748958 0.173438 0.193750
1 0.854688 0.886458 0.146875 0.197917
1 0.486719 0.638542 0.142188 0.202083
1 0.928906 0.147917 0.142188 0.241667
1 0.326562 0.825000 0.184375 0.270833
1 0.221875 0.428125 0.193750 0.227083
1 0.400781 0.619792 0.148438 0.218750
1 0.266406 0.302083 0.142188 0.154167
0 0.497656 0.187500 0.267188 0.320833
1 0.871875 0.143750 0.153125 0.225000
1 0.065625 0.395833 0.131250 0.254167
1 0.714063 0.073958 0.165625 0.147917
1 0.644531 0.533333 0.164062 0.220833
1 0.908594 0.832292 0.170313 0.222917
1 0.977344 0.642708 0.045313 0.197917
1 0.370313 0.968750 0.184375 0.062500
1 0.677344 0.748958 0.173438 0.193750
1 0.854688 0.886458 0.146875 0.197917
1 0.486719 0.638542 0.142188 0.202083
1 0.928906 0.147917 0.142188 0.241667
1 0.326562 0.825000 0.184375 0.270833
1 0.221875 0.428125 0.193750 0.227083
1 0.400781 0.619792 0.148438 0.218750
1 0.266406 0.302083 0.142188 0.154167
0 0.497656 0.187500 0.267188 0.320833
1 0.871875 0.143750 0.153125 0.225000
1 0.065625 0.395833 0.131250 0.254167
1 0.714063 0.073958 0.165625 0.147917
1 0.644531 0.533333 0.164062 0.220833
1 0.908594 0.832292 0.170313 0.222917
1 0.977344 0.642708 0.045313 0.197917
1 0.370313 0.968750 0.184375 0.062500
1 0.677344 0.748958 0.173438 0.193750
1 0.854688 0.886458 0.146875 0.197917
1 0.486719 0.638542 0.142188 0.202083
1 0.928906 0.147917 0.142188 0.241667
1 0.326562 0.825000 0.184375 0.270833
1 0.221875 0.428125 0.193750 0.227083
1 0.400781 0.619792 0.148438 0.218750
1 0.266406 0.302083 0.142188 0.154167
0 0.497656 0.187500 0.267188 0.320833
1 0.871875 0.143750 0.153125 0.225000
1 0.065625 0.395833 0.131250 0.254167
1 0.714063 0.073958 0.165625 0.147917
1 0.644531 0.533333 0.164062 0.220833
1 0.908594 0.832292 0.170313 0.222917
1 0.977344 0.642708 0.045313 0.197917
1 0.370313 0.968750 0.184375 0.062500
1 0.677344 0.748958 0.173438 0.193750
1 0.854688 0.886458 0.146875 0.197917
1 0.486719 0.638542 0.142188 0.202083
1 0.928906 0.147917 0.142188 0.241667
1 0.326562 0.825000 0.184375 0.270833
1 0.221875 0.428125 0.193750 0.227083
1 0.400781 0.619792 0.148438 0.218750
1 0.266406 0.302083 0.142188 0.154167
0 0.497656 0.187500 0.267188 0.320833
1 0.871875 0.143750 0.153125 0.225000
1 0.065625 0.395833 0.131250 0.254167
1 0.714063 0.073958 0.165625 0.147917
1 0.644531 0.533333 0.164062 0.220833
1 0.908594 0.832292 0.170313 0.222917
1 0.977344 0.642708 0.045313 0.197917
1 0.370313 0.968750 0.184375 0.062500
1 0.677344 0.748958 0.173438 0.193750
1 0.854688 0.886458 0.146875 0.197917
1 0.486719 0.638542 0.142188 0.202083
1 0.928906 0.147917 0.142188 0.241667
1 0.326562 0.825000 0.184375 0.270833
1 0.221875 0.428125 0.193750 0.227083
1 0.400781 0.619792 0.148438 0.218750
1 0.266406 0.302083 0.142188 0.154167
0 0.497656 0.187500 0.267188 0.320833
1 0.871875 0.143750 0.153125 0.225000
1 0.065625 0.395833 0.131250 0.254167
1 0.714063 0.073958 0.165625 0.147917
1 0.644531 0.533333 0.164062 0.220833
1 0.908594 0.832292 0.170313 0.222917
1 0.977344 0.642708 0.045313 0.197917
1 0.370313 0.968750 0.184375 0.062500
1 0.677344 0.748958 0.173438 0.193750
1 0.854688 0.886458 0.146875 0.197917
1 0.486719 0.638542 0.142188 0.202083
1 0.928906 0.147917 0.142188 0.241667
1 0.326562 0.825000 0.184375 0.270833
1 0.221875 0.428125 0.193750 0.227083
1 0.400781 0.619792 0.148438 0.218750
1 0.266406 0.302083 0.142188 0.154167
0 0.497656 0.187500 0.267188 0.320833
1 0.871875 0.143750 0.153125 0.225000
1 0.065625 0.395833 0.131250 0.254167
1 0.714063 0.073958 0.165625 0.147917
1 0.644531 0.533333 0.164062 0.220833
1 0.908594 0.832292 0.170313 0.222917
1 0.977344 0.642708 0.045313 0.197917
1 0.370313 0.968750 0.184375 0.062500
1 0.677344 0.748958 0.173438 0.193750
1 0.854688 0.886458 0.146875 0.197917
1 0.486719 0.638542 0.142188 0.202083
1 0.928906 0.147917 0.142188 0.241667
1 0.326562 0.825000 0.184375 0.270833
1 0.221875 0.428125 0.193750 0.227083
1 0.400781 0.619792 0.148438 0.218750
1 0.266406 0.302083 0.142188 0.154167
0 0.497656 0.187500 0.267188 0.320833
1 0.871875 0.143750 0.153125 0.225000
1 0.065625 0.395833 0.131250 0.254167
1 0.714063 0.073958 0.165625 0.147917
1 0.644531 0.533333 0.164062 0.220833
1 0.908594 0.832292 0.170313 0.222917
1 0.977344 0.642708 0.045313 0.197917
1 0.370313 0.968750 0.184375 0.062500
1 0.677344 0.748958 0.173438 0.193750
1 0.854688 0.886458 0.146875 0.197917
1 0.486719 0.638542 0.142188 0.202083
1 0.928906 0.147917 0.142188 0.241667
1 0.326562 0.825000 0.184375 0.270833
1 0.221875 0.428125 0.193750 0.227083
1 0.400781 0.619792 0.148438 0.218750
1 0.266406 0.302083 0.142188 0.154167
0 0.497656 0.187500 0.267188 0.320833
1 0.871875 0.143750 0.153125 0.225000
1 0.065625 0.395833 0.131250 0.254167
1 0.714063 0.073958 0.165625 0.147917
1 0.644531 0.533333 0.164062 0.220833
1 0.908594 0.832292 0.170313 0.222917
1 0.977344 0.642708 0.045313 0.197917
1 0.370313 0.968750 0.184375 0.062500
1 0.677344 0.748958 0.173438 0.193750
1 0.854688 0.886458 0.146875 0.197917
1 0.486719 0.638542 0.142188 0.202083
1 0.928906 0.147917 0.142188 0.241667
1 0.326562 0.825000 0.184375 0.270833
1 0.221875 0.428125 0.193750 0.227083
1 0.400781 0.619792 0.148438 0.218750
1 0.266406 0.302083 0.142188 0.154167
0 0.497656 0.187500 0.267188 0.320833
