1 0.796094 0.964583 0.173438 0.070833
1 0.017969 0.215625 0.035937 0.231250
1 0.900000 0.255208 0.150000 0.239583
1 0.955469 0.516667 0.085938 0.195833
1 0.100000 0.048958 0.168750 0.097917
1 0.669531 0.764583 0.142188 0.200000
1 0.767188 0.585417 0.137500 0.216667
1 0.291406 0.325000 0.164062 0.216667
1 0.400781 0.041667 0.173438 0.083333
1 0.512500 0.943750 0.153125 0.112500
1 0.604688 0.757292 0.143750 0.197917
1 0.963281 0.798958 0.070312 0.256250
1 0.036719 0.912500 0.073438 0.170833
2 0.309375 0.101042 0.062500 0.085417
2 0.584375 0.455208 0.071875 0.093750
1 0.784375 0.072917 0.150000 0.145833
1 0.404687 0.636458 0.165625 0.156250
2 0.392188 0.392708 0.078125 0.085417
1 0.251563 0.523958 0.203125 0.222917
1 0.103906 0.589583 0.126563 0.162500
0 0.182031 0.848958 0.226562 0.302083
1 0.485938 0.303125 0.206250 0.256250
1 0.205469 0.306250 0.151562 0.195833
1 0.796094 0.964583 0.173438 0.070833
1 0.017969 0.215625 0.035937 0.231250
1 0.900000 0.255208 0.150000 0.239583
1 0.955469 0.516667 0.085938 0.195833
1 0.100000 0.048958 0.168750 0.097917
1 0.669531 0.764583 0.142188 0.200000
1 0.767188 0.585417 0.137500 0.216667
1 0.291406 0.325000 0.164062 0.216667
1 0.400781 0.041667 0.173438 0.083333
1 0.512500 0.943750 0.153125 0.112500
1 0.604688 0.757292 0.143750 0.197917
1 0.963281 0.798958 0.070312 0.256250
1 0.036719 0.912500 0.073438 0.170833
2 0.309375 0.101042 0.062500 0.085417
2 0.584375 0.455208 0.071875 0.093750
1 0.784375 0.072917 0.150000 0.145833
1 0.404687 0.636458 0.165625 0.156250
2 0.392188 0.392708 0.078125 0.085417
1 0.251563 0.523958 0.203125 0.222917
1 0.103906 0.589583 0.126563 0.162500
0 0.182031 0.848958 0.226562 0.302083
1 0.485938 0.303125 0.206250 0.256250
1 0.205469 0.306250 0.151562 0.195833
1 0.796094 0.964583 0.173438 0.070833
1 0.017969 0.215625 0.035937 0.231250
1 0.900000 0.255208 0.150000 0.239583
1 0.955469 0.516667 0.085938 0.195833
1 0.100000 0.048958 0.168750 0.097917
1 0.669531 0.764583 0.142188 0.200000
1 0.767188 0.585417 0.137500 0.216667
1 0.291406 0.325000 0.164062 0.216667
1 0.400781 0.041667 0.173438 0.083333
1 0.512500 0.943750 0.153125 0.112500
1 0.604688 0.757292 0.143750 0.197917
1 0.963281 0.798958 0.070312 0.256250
1 0.036719 0.912500 0.073438 0.170833
2 0.309375 0.101042 0.062500 0.085417
2 0.584375 0.455208 0.071875 0.093750
1 0.784375 0.072917 0.150000 0.145833
1 0.404687 0.636458 0.165625 0.156250
2 0.392188 0.392708 0.078125 0.085417
1 0.251563 0.523958 0.203125 0.222917
1 0.103906 0.589583 0.126563 0.162500
0 0.182031 0.848958 0.226562 0.302083
1 0.485938 0.303125 0.206250 0.256250
1 0.205469 0.306250 0.151562 0.195833
1 0.796094 0.964583 0.173438 0.070833
1 0.017969 0.215625 0.035937 0.231250
1 0.900000 0.255208 0.150000 0.239583
1 0.955469 0.516667 0.085938 0.195833
1 0.100000 0.048958 0.168750 0.097917
1 0.669531 0.764583 0.142188 0.200000
1 0.767188 0.585417 0.137500 0.216667
1 0.291406 0.325000 0.164062 0.216667
1 0.400781 0.041667 0.173438 0.083333
1 0.512500 0.943750 0.153125 0.112500
1 0.604688 0.757292 0.143750 0.197917
1 0.963281 0.798958 0.070312 0.256250
1 0.036719 0.912500 0.073438 0.170833
2 0.309375 0.101042 0.062500 0.085417
2 0.584375 0.455208 0.071875 0.093750
1 0.784375 0.072917 0.150000 0.145833
1 0.404687 0.636458 0.165625 0.156250
2 0.392188 0.392708 0.078125 0.085417
1 0.251563 0.523958 0.203125 0.222917
1 0.103906 0.589583 0.126563 0.162500
0 0.182031 0.848958 0.226562 0.302083
1 0.485938 0.303125 0.206250 0.256250
1 0.205469 0.306250 0.151562 0.195833
1 0.796094 0.964583 0.173438 0.070833
1 0.017969 0.215625 0.035937 0.231250
1 0.900000 0.255208 0.150000 0.239583
1 0.955469 0.516667 0.085938 0.195833
1 0.100000 0.048958 0.168750 0.097917
1 0.669531 0.764583 0.142188 0.200000
1 0.767188 0.585417 0.137500 0.216667
1 0.291406 0.325000 0.164062 0.216667
1 0.400781 0.041667 0.173438 0.083333
1 0.512500 0.943750 0.153125 0.112500
1 0.604688 0.757292 0.143750 0.197917
1 0.963281 0.798958 0.070312 0.256250
1 0.036719 0.912500 0.073438 0.170833
2 0.309375 0.101042 0.062500 0.085417
2 0.584375 0.455208 0.071875 0.093750
1 0.784375 0.072917 0.150000 0.145833
1 0.404687 0.636458 0.165625 0.156250
2 0.392188 0.392708 0.078125 0.085417
1 0.251563 0.523958 0.203125 0.222917
1 0.103906 0.589583 0.126563 0.162500
0 0.182031 0.848958 0.226562 0.302083
1 0.485938 0.303125 0.206250 0.256250
1 0.205469 0.306250 0.151562 0.195833
1 0.796094 0.964583 0.173438 0.070833
1 0.017969 0.215625 0.035937 0.231250
1 0.900000 0.255208 0.150000 0.239583
1 0.955469 0.516667 0.085938 0.195833
1 0.100000 0.048958 0.168750 0.097917
1 0.669531 0.764583 0.142188 0.200000
1 0.767188 0.585417 0.137500 0.216667
1 0.291406 0.325000 0.164062 0.216667
1 0.400781 0.041667 0.173438 0.083333
1 0.512500 0.943750 0.153125 0.112500
1 0.604688 0.757292 0.143750 0.197917
1 0.963281 0.798958 0.070312 0.256250
1 0.036719 0.912500 0.073438 0.170833
2 0.309375 0.101042 0.062500 0.085417
2 0.584375 0.455208 0.071875 0.093750
1 0.784375 0.072917 0.150000 0.145833
1 0.404687 0.636458 0.165625 0.156250
2 0.392188 0.392708 0.078125 0.085417
1 0.251563 0.523958 0.203125 0.222917
1 0.103906 0.589583 0.126563 0.162500
0 0.182031 0.848958 0.226562 0.302083
1 0.485938 0.303125 0.206250 0.256250
1 0.205469 0.306250 0.151562 0.195833
1 0.796094 0.964583 0.173438 0.070833
1 0.017969 0.215625 0.035937 0.231250
1 0.900000 0.255208 0.150000 0.239583
1 0.955469 0.516667 0.085938 0.195833
1 0.100000 0.048958 0.168750 0.097917
1 0.669531 0.764583 0.142188 0.200000
1 0.767188 0.585417 0.137500 0.216667
1 0.291406 0.325000 0.164062 0.216667
1 0.400781 0.041667 0.173438 0.083333
1 0.512500 0.943750 0.153125 0.112500
1 0.604688 0.757292 0.143750 0.197917
1 0.963281 0.798958 0.070312 0.256250
1 0.036719 0.912500 0.073438 0.170833
2 0.309375 0.101042 0.062500 0.085417
2 0.584375 0.455208 0.071875 0.093750
1 0.784375 0.072917 0.150000 0.145833
1 0.404687 0.636458 0.165625 0.156250
2 0.392188 0.392708 0.078125 0.085417
1 0.251563 0.523958 0.203125 0.222917
1 0.103906 0.589583 0.126563 0.162500
0 0.182031 0.848958 0.226562 0.302083
1 0.485938 0.303125 0.206250 0.256250
1 0.205469 0.306250 0.151562 0.195833
1 0.796094 0.964583 0.173438 0.070833
1 0.017969 0.215625 0.035937 0.231250
1 0.900000 0.255208 0.150000 0.239583
1 0.955469 0.516667 0.085938 0.195833
1 0.100000 0.048958 0.168750 0.097917
1 0.669531 0.764583 0.142188 0.200000
1 0.767188 0.585417 0.137500 0.216667
1 0.291406 0.325000 0.164062 0.216667
1 0.400781 0.041667 0.173438 0.083333
1 0.512500 0.943750 0.153125 0.112500
1 0.604688 0.757292 0.143750 0.197917
1 0.963281 0.798958 0.070312 0.256250
1 0.036719 0.912500 0.073438 0.170833
2 0.309375 0.101042 0.062500 0.085417
2 0.584375 0.455208 0.071875 0.093750
1 0.784375 0.072917 0.150000 0.145833
1 0.404687 0.636458 0.165625 0.156250
2 0.392188 0.392708 0.078125 0.085417
1 0.251563 0.523958 0.203125 0.222917
1 0.103906 0.589583 0.126563 0.162500
0 0.182031 0.848958 0.226562 0.302083
1 0.485938 0.303125 0.206250 0.256250
1 0.205469 0.306250 0.151562 0.195833
1 0.796094 0.964583 0.173438 0.070833
1 0.017969 0.215625 0.035937 0.231250
1 0.900000 0.255208 0.150000 0.239583
1 0.955469 0.516667 0.085938 0.195833
1 0.100000 0.048958 0.168750 0.097917
1 0.669531 0.764583 0.142188 0.200000
1 0.767188 0.585417 0.137500 0.216667
1 0.291406 0.325000 0.164062 0.216667
1 0.400781 0.041667 0.173438 0.083333
1 0.512500 0.943750 0.153125 0.112500
1 0.604688 0.757292 0.143750 0.197917
1 0.963281 0.798958 0.070312 0.256250
1 0.036719 0.912500 0.073438 0.170833
2 0.309375 0.101042 0.062500 0.085417
2 0.584375 0.455208 0.071875 0.093750
1 0.784375 0.072917 0.150000 0.145833
1 0.404687 0.636458 0.165625 0.156250
2 0.392188 0.392708 0.078125 0.085417
1 0.251563 0.523958 0.203125 0.222917
1 0.103906 0.589583 0.126563 0.162500
0 0.182031 0.848958 0.226562 0.302083
1 0.485938 0.303125 0.206250 0.256250
1 0.205469 0.306250 0.151562 0.195833
1 0.796094 0.964583 0.173438 0.070833
1 0.017969 0.215625 0.035937 0.231250
1 0.900000 0.255208 0.150000 0.239583
1 0.955469 0.516667 0.085938 0.195833
1 0.100000 0.048958 0.168750 0.097917
1 0.669531 0.764583 0.142188 0.200000
1 0.767188 0.585417 0.137500 0.216667
1 0.291406 0.325000 0.164062 0.216667
1 0.400781 0.041667 0.173438 0.083333
1 0.512500 0.943750 0.153125 0.112500
1 0.604688 0.757292 0.143750 0.197917
1 0.963281 0.798958 0.070312 0.256250
1 0.036719 0.912500 0.073438 0.170833
2 0.309375 0.101042 0.062500 0.085417
2 0.584375 0.455208 0.071875 0.093750
1 0.784375 0.072917 0.150000 0.145833
1 0.404687 0.636458 0.165625 0.156250
2 0.392188 0.392708 0.078125 0.085417
1 0.251563 0.523958 0.203125 0.222917
1 0.103906 0.589583 0.126563 0.162500
0 0.182031 0.848958 0.226562 0.302083
1 0.485938 0.303125 0.206250 0.256250
1 0.205469 0.306250 0.151562 0.195833
1 0.796094 0.964583 0.173438 0.070833
1 0.017969 0.215625 0.035937 0.231250
1 0.900000 0.255208 0.150000 0.239583
1 0.955469 0.516667 0.085938 0.195833
1 0.100000 0.048958 0.168750 0.097917
1 0.669531 0.764583 0.142188 0.200000
1 0.767188 0.585417 0.137500 0.216667
1 0.291406 0.325000 0.164062 0.216667
1 0.400781 0.041667 0.173438 0.083333
1 0.512500 0.943750 0.153125 0.112500
1 0.604688 0.757292 0.143750 0.197917
1 0.963281 0.798958 0.070312 0.256250
1 0.036719 0.912500 0.073438 0.170833
2 0.309375 0.101042 0.062500 0.085417
2 0.584375 0.455208 0.071875 0.093750
1 0.784375 0.072917 0.150000 0.145833
1 0.404687 0.636458 0.165625 0.156250
2 0.392188 0.392708 0.078125 0.085417
1 0.251563 0.523958 0.203125 0.222917
1 0.103906 0.589583 0.126563 0.162500
0 0.182031 0.848958 0.226562 0.302083
1 0.485938 0.303125 0.206250 0.256250
1 0.205469 0.306250 0.151562 0.195833
1 0.796094 0.964583 0.173438 0.070833
1 0.017969 0.215625 0.035937 0.231250
1 0.900000 0.255208 0.150000 0.239583
1 0.955469 0.516667 0.085938 0.195833
1 0.100000 0.048958 0.168750 0.097917
1 0.669531 0.764583 0.142188 0.200000
1 0.767188 0.585417 0.137500 0.216667
1 0.291406 0.325000 0.164062 0.216667
1 0.400781 0.041667 0.173438 0.083333
1 0.512500 0.943750 0.153125 0.112500
1 0.604688 0.757292 0.143750 0.197917
1 0.963281 0.798958 0.070312 0.256250
1 0.036719 0.912500 0.073438 0.170833
2 0.309375 0.101042 0.062500 0.085417
2 0.584375 0.455208 0.071875 0.093750
1 0.784375 0.072917 0.150000 0.145833
1 0.404687 0.636458 0.165625 0.156250
2 0.392188 0.392708 0.078125 0.085417
1 0.251563 0.523958 0.203125 0.222917
1 0.103906 0.589583 0.126563 0.162500
0 0.182031 0.848958 0.226562 0.302083
1 0.485938 0.303125 0.206250 0.256250
1 0.205469 0.306250 0.151562 0.195833
1 0.796094 0.964583 0.173438 0.070833
1 0.017969 0.215625 0.035937 0.231250
1 0.900000 0.255208 0.150000 0.239583
1 0.955469 0.516667 0.085938 0.195833
1 0.100000 0.048958 0.168750 0.097917
1 0.669531 0.764583 0.142188 0.200000
1 0.767188 0.585417 0.137500 0.216667
1 0.291406 0.325000 0.164062 0.216667
1 0.400781 0.041667 0.173438 0.083333
1 0.512500 0.943750 0.153125 0.112500
1 0.604688 0.757292 0.143750 0.197917
1 0.963281 0.798958 0.070312 0.256250
1 0.036719 0.912500 0.073438 0.170833
2 0.309375 0.101042 0.062500 0.085417
2 0.584375 0.455208 0.071875 0.093750
1 0.784375 0.072917 0.150000 0.145833
1 0.404687 0.636458 0.165625 0.156250
2 0.392188 0.392708 0.078125 0.085417
1 0.251563 0.523958 0.203125 0.222917
1 0.103906 0.589583 0.126563 0.162500
0 0.182031 0.848958 0.226562 0.302083
1 0.485938 0.303125 0.206250 0.256250
1 0.205469 0.306250 0.151562 0.195833
1 0.796094 0.964583 0.173438 0.070833
1 0.017969 0.215625 0.035937 0.231250
1 0.900000 0.255208 0.150000 0.239583
1 0.955469 0.516667 0.085938 0.195833
1 0.100000 0.048958 0.168750 0.097917
1 0.669531 0.764583 0.142188 0.200000
1 0.767188 0.585417 0.137500 0.216667
1 0.291406 0.325000 0.164062 0.216667
1 0.400781 0.041667 0.173438 0.083333
1 0.512500 0.943750 0.153125 0.112500
1 0.604688 0.757292 0.143750 0.197917
1 0.963281 0.798958 0.070312 0.256250
1 0.036719 0.912500 0.073438 0.170833
2 0.309375 0.101042 0.062500 0.085417
2 0.584375 0.455208 0.071875 0.093750
1 0.784375 0.072917 0.150000 0.145833
1 0.404687 0.636458 0.165625 0.156250
2 0.392188 0.392708 0.078125 0.085417
1 0.251563 0.523958 0.203125 0.222917
1 0.103906 0.589583 0.126563 0.162500
0 0.182031 0.848958 0.226562 0.302083
1 0.485938 0.303125 0.206250 0.256250
1 0.205469 0.306250 0.151562 0.195833
1 0.796094 0.964583 0.173438 0.070833
1 0.017969 0.215625 0.035937 0.231250
1 0.900000 0.255208 0.150000 0.239583
1 0.955469 0.516667 0.085938 0.195833
1 0.100000 0.048958 0.168750 0.097917
1 0.669531 0.764583 0.142188 0.200000
1 0.767188 0.585417 0.137500 0.216667
1 0.291406 0.325000 0.164062 0.216667
1 0.400781 0.041667 0.173438 0.083333
1 0.512500 0.943750 0.153125 0.112500
1 0.604688 0.757292 0.143750 0.197917
1 0.963281 0.798958 0.070312 0.256250
1 0.036719 0.912500 0.073438 0.170833
2 0.309375 0.101042 0.062500 0.085417
2 0.584375 0.455208 0.071875 0.093750
1 0.784375 0.072917 0.150000 0.145833
1 0.404687 0.636458 0.165625 0.156250
2 0.392188 0.392708 0.078125 0.085417
1 0.251563 0.523958 0.203125 0.222917
1 0.103906 0.589583 0.126563 0.162500
0 0.182031 0.848958 0.226562 0.302083
1 0.485938 0.303125 0.206250 0.256250
1 0.205469 0.306250 0.151562 0.195833
1 0.796094 0.964583 0.173438 0.070833
1 0.017969 0.215625 0.035937 0.231250
1 0.900000 0.255208 0.150000 0.239583
1 0.955469 0.516667 0.085938 0.195833
1 0.100000 0.048958 0.168750 0.097917
1 0.669531 0.764583 0.142188 0.200000
1 0.767188 0.585417 0.137500 0.216667
1 0.291406 0.325000 0.164062 0.216667
1 0.400781 0.041667 0.173438 0.083333
1 0.512500 0.943750 0.153125 0.112500
1 0.604688 0.757292 0.143750 0.197917
1 0.963281 0.798958 0.070312 0.256250
1 0.036719 0.912500 0.073438 0.170833
2 0.309375 0.101042 0.062500 0.085417
2 0.584375 0.455208 0.071875 0.093750
1 0.784375 0.072917 0.150000 0.145833
1 0.404687 0.636458 0.165625 0.156250
2 0.392188 0.392708 0.078125 0.085417
1 0.251563 0.523958 0.203125 0.222917
1 0.103906 0.589583 0.126563 0.162500
0 0.182031 0.848958 0.226562 0.302083
1 0.485938 0.303125 0.206250 0.256250
1 0.205469 0.306250 0.151562 0.195833
1 0.796094 0.964583 0.173438 0.070833
1 0.017969 0.215625 0.035937 0.231250
1 0.900000 0.255208 0.150000 0.239583
1 0.955469 0.516667 0.085938 0.195833
1 0.100000 0.048958 0.168750 0.097917
1 0.669531 0.764583 0.142188 0.200000
1 0.767188 0.585417 0.137500 0.216667
1 0.291406 0.325000 0.164062 0.216667
1 0.400781 0.041667 0.173438 0.083333
1 0.512500 0.943750 0.153125 0.112500
1 0.604688 0.757292 0.143750 0.197917
1 0.963281 0.798958 0.070312 0.256250
1 0.036719 0.912500 0.073438 0.170833
2 0.309375 0.101042 0.062500 0.085417
2 0.584375 0.455208 0.071875 0.093750
1 0.784375 0.072917 0.150000 0.145833
1 0.404687 0.636458 0.165625 0.156250
2 0.392188 0.392708 0.078125 0.085417
1 0.251563 0.523958 0.203125 0.222917
1 0.103906 0.589583 0.126563 0.162500
0 0.182031 0.848958 0.226562 0.302083
1 0.485938 0.303125 0.206250 0.256250
1 0.205469 0.306250 0.151562 0.195833
1 0.796094 0.964583 0.173438 0.070833
1 0.017969 0.215625 0.035937 0.231250
1 0.900000 0.255208 0.150000 0.239583
1 0.955469 0.516667 0.085938 0.195833
1 0.100000 0.048958 0.168750 0.097917
1 0.669531 0.764583 0.142188 0.200000
1 0.767188 0.585417 0.137500 0.216667
1 0.291406 0.325000 0.164062 0.216667
1 0.400781 0.041667 0.173438 0.083333
1 0.512500 0.943750 0.153125 0.112500
1 0.604688 0.757292 0.143750 0.197917
1 0.963281 0.798958 0.070312 0.256250
1 0.036719 0.912500 0.073438 0.170833
2 0.309375 0.101042 0.062500 0.085417
2 0.584375 0.455208 0.071875 0.093750
1 0.784375 0.072917 0.150000 0.145833
1 0.404687 0.636458 0.165625 0.156250
2 0.392188 0.392708 0.078125 0.085417
1 0.251563 0.523958 0.203125 0.222917
1 0.103906 0.589583 0.126563 0.162500
0 0.182031 0.848958 0.226562 0.302083
1 0.485938 0.303125 0.206250 0.256250
1 0.205469 0.306250 0.151562 0.195833
1 0.796094 0.964583 0.173438 0.070833
1 0.017969 0.215625 0.035937 0.231250
1 0.900000 0.255208 0.150000 0.239583
1 0.955469 0.516667 0.085938 0.195833
1 0.100000 0.048958 0.168750 0.097917
1 0.669531 0.764583 0.142188 0.200000
1 0.767188 0.585417 0.137500 0.216667
1 0.291406 0.325000 0.164062 0.216667
1 0.400781 0.041667 0.173438 0.083333
1 0.512500 0.943750 0.153125 0.112500
1 0.604688 0.757292 0.143750 0.197917
1 0.963281 0.798958 0.070312 0.256250
1 0.036719 0.912500 0.073438 0.170833
2 0.309375 0.101042 0.062500 0.085417
2 0.584375 0.455208 0.071875 0.093750
1 0.784375 0.072917 0.150000 0.145833
1 0.404687 0.636458 0.165625 0.156250
2 0.392188 0.392708 0.078125 0.085417
1 0.251563 0.523958 0.203125 0.222917
1 0.103906 0.589583 0.126563 0.162500
0 0.182031 0.848958 0.226562 0.302083
1 0.485938 0.303125 0.206250 0.256250
1 0.205469 0.306250 0.151562 0.195833
1 0.796094 0.964583 0.173438 0.070833
1 0.017969 0.215625 0.035937 0.231250
1 0.900000 0.255208 0.150000 0.239583
1 0.955469 0.516667 0.085938 0.195833
1 0.100000 0.048958 0.168750 0.097917
1 0.669531 0.764583 0.142188 0.200000
1 0.767188 0.585417 0.137500 0.216667
1 0.291406 0.325000 0.164062 0.216667
1 0.400781 0.041667 0.173438 0.083333
1 0.512500 0.943750 0.153125 0.112500
1 0.604688 0.757292 0.143750 0.197917
1 0.963281 0.798958 0.070312 0.256250
1 0.036719 0.912500 0.073438 0.170833
2 0.309375 0.101042 0.062500 0.085417
2 0.584375 0.455208 0.071875 0.093750
1 0.784375 0.072917 0.150000 0.145833
1 0.404687 0.636458 0.165625 0.156250
2 0.392188 0.392708 0.078125 0.085417
1 0.251563 0.523958 0.203125 0.222917
1 0.103906 0.589583 0.126563 0.162500
0 0.182031 0.848958 0.226562 0.302083
1 0.485938 0.303125 0.206250 0.256250
1 0.205469 0.306250 0.151562 0.195833
1 0.796094 0.964583 0.173438 0.070833
1 0.017969 0.215625 0.035937 0.231250
1 0.900000 0.255208 0.150000 0.239583
1 0.955469 0.516667 0.085938 0.195833
1 0.100000 0.048958 0.168750 0.097917
1 0.669531 0.764583 0.142188 0.200000
1 0.767188 0.585417 0.137500 0.216667
1 0.291406 0.325000 0.164062 0.216667
1 0.400781 0.041667 0.173438 0.083333
1 0.512500 0.943750 0.153125 0.112500
1 0.604688 0.757292 0.143750 0.197917
1 0.963281 0.798958 0.070312 0.256250
1 0.036719 0.912500 0.073438 0.170833
2 0.309375 0.101042 0.062500 0.085417
2 0.584375 0.455208 0.071875 0.093750
1 0.784375 0.072917 0.150000 0.145833
1 0.404687 0.636458 0.165625 0.156250
2 0.392188 0.392708 0.078125 0.085417
1 0.251563 0.523958 0.203125 0.222917
1 0.103906 0.589583 0.126563 0.162500
0 0.182031 0.848958 0.226562 0.302083
1 0.485938 0.303125 0.206250 0.256250
1 0.205469 0.306250 0.151562 0.195833
1 0.796094 0.964583 0.173438 0.070833
1 0.017969 0.215625 0.035937 0.231250
1 0.900000 0.255208 0.150000 0.239583
1 0.955469 0.516667 0.085938 0.195833
1 0.100000 0.048958 0.168750 0.097917
1 0.669531 0.764583 0.142188 0.200000
1 0.767188 0.585417 0.137500 0.216667
1 0.291406 0.325000 0.164062 0.216667
1 0.400781 0.041667 0.173438 0.083333
1 0.512500 0.943750 0.153125 0.112500
1 0.604688 0.757292 0.143750 0.197917
1 0.963281 0.798958 0.070312 0.256250
1 0.036719 0.912500 0.073438 0.170833
2 0.309375 0.101042 0.062500 0.085417
2 0.584375 0.455208 0.071875 0.093750
1 0.784375 0.072917 0.150000 0.145833
1 0.404687 0.636458 0.165625 0.156250
2 0.392188 0.392708 0.078125 0.085417
1 0.251563 0.523958 0.203125 0.222917
1 0.103906 0.589583 0.126563 0.162500
0 0.182031 0.848958 0.226562 0.302083
1 0.485938 0.303125 0.206250 0.256250
1 0.205469 0.306250 0.151562 0.195833
1 0.796094 0.964583 0.173438 0.070833
1 0.017969 0.215625 0.035937 0.231250
1 0.900000 0.255208 0.150000 0.239583
1 0.955469 0.516667 0.085938 0.195833
1 0.100000 0.048958 0.168750 0.097917
1 0.669531 0.764583 0.142188 0.200000
1 0.767188 0.585417 0.137500 0.216667
1 0.291406 0.325000 0.164062 0.216667
1 0.400781 0.041667 0.173438 0.083333
1 0.512500 0.943750 0.153125 0.112500
1 0.604688 0.757292 0.143750 0.197917
1 0.963281 0.798958 0.070312 0.256250
1 0.036719 0.912500 0.073438 0.170833
2 0.309375 0.101042 0.062500 0.085417
2 0.584375 0.455208 0.071875 0.093750
1 0.784375 0.072917 0.150000 0.145833
1 0.404687 0.636458 0.165625 0.156250
2 0.392188 0.392708 0.078125 0.085417
1 0.251563 0.523958 0.203125 0.222917
1 0.103906 0.589583 0.126563 0.162500
0 0.182031 0.848958 0.226562 0.302083
1 0.485938 0.303125 0.206250 0.256250
1 0.205469 0.306250 0.151562 0.195833
