1 0.235156 0.018750 0.160938 0.037500
1 0.635938 0.116667 0.165625 0.216667
1 0.954688 0.937500 0.090625 0.125000
1 0.056250 0.059375 0.112500 0.118750
1 0.212500 0.958333 0.184375 0.083333
1 0.910937 0.782292 0.171875 0.247917
2 0.305469 0.463542 0.067188 0.089583
1 0.950781 0.193750 0.098438 0.250000
1 0.404687 0.082292 0.178125 0.160417
1 0.408594 0.928125 0.179688 0.143750
1 0.306250 0.263542 0.171875 0.214583
1 0.173438 0.110417 0.134375 0.154167
1 0.286719 0.828125 0.154688 0.185417
1 0.915625 0.462500 0.168750 0.245833
1 0.782813 0.628125 0.193750 0.227083
1 0.303906 0.610417 0.167187 0.204167
1 0.816406 0.258333 0.148438 0.195833
1 0.177344 0.670833 0.154688 0.195833
0 0.125000 0.378125 0.246875 0.439583
1 0.630469 0.376042 0.189063 0.227083
1 0.657031 0.850000 0.160938 0.216667
1 0.596875 0.643750 0.171875 0.225000
1 0.235156 0.018750 0.160938 0.037500
1 0.635938 0.116667 0.165625 0.216667
1 0.954688 0.937500 0.090625 0.125000
1 0.056250 0.059375 0.112500 0.118750
1 0.212500 0.958333 0.184375 0.083333
1 0.910937 0.782292 0.171875 0.247917
2 0.305469 0.463542 0.067188 0.089583
1 0.950781 0.193750 0.098438 0.250000
1 0.404687 0.082292 0.178125 0.160417
1 0.408594 0.928125 0.179688 0.143750
1 0.306250 0.263542 0.171875 0.214583
1 0.173438 0.110417 0.134375 0.154167
1 0.286719 0.828125 0.154688 0.185417
1 0.915625 0.462500 0.168750 0.245833
1 0.782813 0.628125 0.193750 0.227083
1 0.303906 0.610417 0.167187 0.204167
1 0.816406 0.258333 0.148438 0.195833
1 0.177344 0.670833 0.154688 0.195833
0 0.125000 0.378125 0.246875 0.439583
1 0.630469 0.376042 0.189063 0.227083
1 0.657031 0.850000 0.160938 0.216667
1 0.596875 0.643750 0.171875 0.225000
1 0.235156 0.018750 0.160938 0.037500
1 0.635938 0.116667 0.165625 0.216667
1 0.954688 0.937500 0.090625 0.125000
1 0.056250 0.059375 0.112500 0.118750
1 0.212500 0.958333 0.184375 0.083333
1 0.910937 0.782292 0.171875 0.247917
2 0.305469 0.463542 0.067188 0.089583
1 0.950781 0.193750 0.098438 0.250000
1 0.404687 0.082292 0.178125 0.160417
1 0.408594 0.928125 0.179688 0.143750
1 0.306250 0.263542 0.171875 0.214583
1 0.173438 0.110417 0.134375 0.154167
1 0.286719 0.828125 0.154688 0.185417
1 0.915625 0.462500 0.168750 0.245833
1 0.782813 0.628125 0.193750 0.227083
1 0.303906 0.610417 0.167187 0.204167
1 0.816406 0.258333 0.148438 0.195833
1 0.177344 0.670833 0.154688 0.195833
0 0.125000 0.378125 0.246875 0.439583
1 0.630469 0.376042 0.189063 0.227083
1 0.657031 0.850000 0.160938 0.216667
1 0.596875 0.643750 0.171875 0.225000
1 0.235156 0.018750 0.160938 0.037500
1 0.635938 0.116667 0.165625 0.216667
1 0.954688 0.937500 0.090625 0.125000
1 0.056250 0.059375 0.112500 0.118750
1 0.212500 0.958333 0.184375 0.083333
1 0.910937 0.782292 0.171875 0.247917
2 0.305469 0.463542 0.067188 0.089583
1 0.950781 0.193750 0.098438 0.250000
1 0.404687 0.082292 0.178125 0.160417
1 0.408594 0.928125 0.179688 0.143750
1 0.306250 0.263542 0.171875 0.214583
1 0.173438 0.110417 0.134375 0.154167
1 0.286719 0.828125 0.154688 0.185417
1 0.915625 0.462500 0.168750 0.245833
1 0.782813 0.628125 0.193750 0.227083
1 0.303906 0.610417 0.167187 0.204167
1 0.816406 0.258333 0.148438 0.195833
1 0.177344 0.670833 0.154688 0.195833
0 0.125000 0.378125 0.246875 0.439583
1 0.630469 0.376042 0.189063 0.227083
1 0.657031 0.850000 0.160938 0.216667
1 0.596875 0.643750 0.171875 0.225000
1 0.235156 0.018750 0.160938 0.037500
1 0.635938 0.116667 0.165625 0.216667
1 0.954688 0.937500 0.090625 0.125000
1 0.056250 0.059375 0.112500 0.118750
1 0.212500 0.958333 0.184375 0.083333
1 0.910937 0.782292 0.171875 0.247917
2 0.305469 0.463542 0.067188 0.089583
1 0.950781 0.193750 0.098438 0.250000
1 0.404687 0.082292 0.178125 0.160417
1 0.408594 0.928125 0.179688 0.143750
1 0.306250 0.263542 0.171875 0.214583
1 0.173438 0.110417 0.134375 0.154167
1 0.286719 0.828125 0.154688 0.185417
1 0.915625 0.462500 0.168750 0.245833
1 0.782813 0.628125 0.193750 0.227083
1 0.303906 0.610417 0.167187 0.204167
1 0.816406 0.258333 0.148438 0.195833
1 0.177344 0.670833 0.154688 0.195833
0 0.125000 0.378125 0.246875 0.439583
1 0.630469 0.376042 0.189063 0.227083
1 0.657031 0.850000 0.160938 0.216667
1 0.596875 0.643750 0.171875 0.225000
1 0.235156 0.018750 0.160938 0.037500
1 0.635938 0.116667 0.165625 0.216667
1 0.954688 0.937500 0.090625 0.125000
1 0.056250 0.059375 0.112500 0.118750
1 0.212500 0.958333 0.184375 0.083333
1 0.910937 0.782292 0.171875 0.247917
2 0.305469 0.463542 0.067188 0.089583
1 0.950781 0.193750 0.098438 0.250000
1 0.404687 0.082292 0.178125 0.160417
1 0.408594 0.928125 0.179688 0.143750
1 0.306250 0.263542 0.171875 0.214583
1 0.173438 0.110417 0.134375 0.154167
1 0.286719 0.828125 0.154688 0.185417
1 0.915625 0.462500 0.168750 0.245833
1 0.782813 0.628125 0.193750 0.227083
1 0.303906 0.610417 0.167187 0.204167
1 0.816406 0.258333 0.148438 0.195833
1 0.177344 0.670833 0.154688 0.195833
0 0.125000 0.378125 0.246875 0.439583
1 0.630469 0.376042 0.189063 0.227083
1 0.657031 0.850000 0.160938 0.216667
1 0.596875 0.643750 0.171875 0.225000
1 0.235156 0.018750 0.160938 0.037500
1 0.635938 0.116667 0.165625 0.216667
1 0.954688 0.937500 0.090625 0.125000
1 0.056250 0.059375 0.112500 0.118750
1 0.212500 0.958333 0.184375 0.083333
1 0.910937 0.782292 0.171875 0.247917
2 0.305469 0.463542 0.067188 0.089583
1 0.950781 0.193750 0.098438 0.250000
1 0.404687 0.082292 0.178125 0.160417
1 0.408594 0.928125 0.179688 0.143750
1 0.306250 0.263542 0.171875 0.214583
1 0.173438 0.110417 0.134375 0.154167
1 0.286719 0.828125 0.154688 0.185417
1 0.915625 0.462500 0.168750 0.245833
1 0.782813 0.628125 0.193750 0.227083
1 0.303906 0.610417 0.167187 0.204167
1 0.816406 0.258333 0.148438 0.195833
1 0.177344 0.670833 0.154688 0.195833
0 0.125000 0.378125 0.246875 0.439583
1 0.630469 0.376042 0.189063 0.227083
1 0.657031 0.850000 0.160938 0.216667
1 0.596875 0.643750 0.171875 0.225000
1 0.235156 0.018750 0.160938 0.037500
1 0.635938 0.116667 0.165625 0.216667
1 0.954688 0.937500 0.090625 0.125000
1 0.056250 0.059375 0.112500 0.118750
1 0.212500 0.958333 0.184375 0.083333
1 0.910937 0.782292 0.171875 0.247917
2 0.305469 0.463542 0.067188 0.089583
1 0.950781 0.193750 0.098438 0.250000
1 0.404687 0.082292 0.178125 0.160417
1 0.408594 0.928125 0.179688 0.143750
1 0.306250 0.263542 0.171875 0.214583
1 0.173438 0.110417 0.134375 0.154167
1 0.286719 0.828125 0.154688 0.185417
1 0.915625 0.462500 0.168750 0.245833
1 0.782813 0.628125 0.193750 0.227083
1 0.303906 0.610417 0.167187 0.204167
1 0.816406 0.258333 0.148438 0.195833
1 0.177344 0.670833 0.154688 0.195833
0 0.125000 0.378125 0.246875 0.439583
1 0.630469 0.376042 0.189063 0.227083
1 0.657031 0.850000 0.160938 0.216667
1 0.596875 0.643750 0.171875 0.225000
1 0.235156 0.018750 0.160938 0.037500
1 0.635938 0.116667 0.165625 0.216667
1 0.954688 0.937500 0.090625 0.125000
1 0.056250 0.059375 0.112500 0.118750
1 0.212500 0.958333 0.184375 0.083333
1 0.910937 0.782292 0.171875 0.247917
2 0.305469 0.463542 0.067188 0.089583
1 0.950781 0.193750 0.098438 0.250000
1 0.404687 0.082292 0.178125 0.160417
1 0.408594 0.928125 0.179688 0.143750
1 0.306250 0.263542 0.171875 0.214583
1 0.173438 0.110417 0.134375 0.154167
1 0.286719 0.828125 0.154688 0.185417
1 0.915625 0.462500 0.168750 0.245833
1 0.782813 0.628125 0.193750 0.227083
1 0.303906 0.610417 0.167187 0.204167
1 0.816406 0.258333 0.148438 0.195833
1 0.177344 0.670833 0.154688 0.195833
0 0.125000 0.378125 0.246875 0.439583
1 0.630469 0.376042 0.189063 0.227083
1 0.657031 0.850000 0.160938 0.216667
1 0.596875 0.643750 0.171875 0.225000
1 0.235156 0.018750 0.160938 0.037500
1 0.635938 0.116667 0.165625 0.216667
1 0.954688 0.937500 0.090625 0.125000
1 0.056250 0.059375 0.112500 0.118750
1 0.212500 0.958333 0.184375 0.083333
1 0.910937 0.782292 0.171875 0.247917
2 0.305469 0.463542 0.067188 0.089583
1 0.950781 0.193750 0.098438 0.250000
1 0.404687 0.082292 0.178125 0.160417
1 0.408594 0.928125 0.179688 0.143750
1 0.306250 0.263542 0.171875 0.214583
1 0.173438 0.110417 0.134375 0.154167
1 0.286719 0.828125 0.154688 0.185417
1 0.915625 0.462500 0.168750 0.245833
1 0.782813 0.628125 0.193750 0.227083
1 0.303906 0.610417 0.167187 0.204167
1 0.816406 0.258333 0.148438 0.195833
1 0.177344 0.670833 0.154688 0.195833
0 0.125000 0.378125 0.246875 0.439583
1 0.630469 0.376042 0.189063 0.227083
1 0.657031 0.850000 0.160938 0.216667
1 0.596875 0.643750 0.171875 0.225000
1 0.235156 0.018750 0.160938 0.037500
1 0.635938 0.116667 0.165625 0.216667
1 0.954688 0.937500 0.090625 0.125000
1 0.056250 0.059375 0.112500 0.118750
1 0.212500 0.958333 0.184375 0.083333
1 0.910937 0.782292 0.171875 0.247917
2 0.305469 0.463542 0.067188 0.089583
1 0.950781 0.193750 0.098438 0.250000
1 0.404687 0.082292 0.178125 0.160417
1 0.408594 0.928125 0.179688 0.143750
1 0.306250 0.263542 0.171875 0.214583
1 0.173438 0.110417 0.134375 0.154167
1 0.286719 0.828125 0.154688 0.185417
1 0.915625 0.462500 0.168750 0.245833
1 0.782813 0.628125 0.193750 0.227083
1 0.303906 0.610417 0.167187 0.204167
1 0.816406 0.258333 0.148438 0.195833
1 0.177344 0.670833 0.154688 0.195833
0 0.125000 0.378125 0.246875 0.439583
1 0.630469 0.376042 0.189063 0.227083
1 0.657031 0.850000 0.160938 0.216667
1 0.596875 0.643750 0.171875 0.225000
1 0.235156 0.018750 0.160938 0.037500
1 0.635938 0.116667 0.165625 0.216667
1 0.954688 0.937500 0.090625 0.125000
1 0.056250 0.059375 0.112500 0.118750
1 0.212500 0.958333 0.184375 0.083333
1 0.910937 0.782292 0.171875 0.247917
2 0.305469 0.463542 0.067188 0.089583
1 0.950781 0.193750 0.098438 0.250000
1 0.404687 0.082292 0.178125 0.160417
1 0.408594 0.928125 0.179688 0.143750
1 0.306250 0.263542 0.171875 0.214583
1 0.173438 0.110417 0.134375 0.154167
1 0.286719 0.828125 0.154688 0.185417
1 0.915625 0.462500 0.168750 0.245833
1 0.782813 0.628125 0.193750 0.227083
1 0.303906 0.610417 0.167187 0.204167
1 0.816406 0.258333 0.148438 0.195833
1 0.177344 0.670833 0.154688 0.195833
0 0.125000 0.378125 0.246875 0.439583
1 0.630469 0.376042 0.189063 0.227083
1 0.657031 0.850000 0.160938 0.216667
1 0.596875 0.643750 0.171875 0.225000
1 0.235156 0.018750 0.160938 0.037500
1 0.635938 0.116667 0.165625 0.216667
1 0.954688 0.937500 0.090625 0.125000
1 0.056250 0.059375 0.112500 0.118750
1 0.212500 0.958333 0.184375 0.083333
1 0.910937 0.782292 0.171875 0.247917
2 0.305469 0.463542 0.067188 0.089583
1 0.950781 0.193750 0.098438 0.250000
1 0.404687 0.082292 0.178125 0.160417
1 0.408594 0.928125 0.179688 0.143750
1 0.306250 0.263542 0.171875 0.214583
1 0.173438 0.110417 0.134375 0.154167
1 0.286719 0.828125 0.154688 0.185417
1 0.915625 0.462500 0.168750 0.245833
1 0.782813 0.628125 0.193750 0.227083
1 0.303906 0.610417 0.167187 0.204167
1 0.816406 0.258333 0.148438 0.195833
1 0.177344 0.670833 0.154688 0.195833
0 0.125000 0.378125 0.246875 0.439583
1 0.630469 0.376042 0.189063 0.227083
1 0.657031 0.850000 0.160938 0.216667
1 0.596875 0.643750 0.171875 0.225000
1 0.235156 0.018750 0.160938 0.037500
1 0.635938 0.116667 0.165625 0.216667
1 0.954688 0.937500 0.090625 0.125000
1 0.056250 0.059375 0.112500 0.118750
1 0.212500 0.958333 0.184375 0.083333
1 0.910937 0.782292 0.171875 0.247917
2 0.305469 0.463542 0.067188 0.089583
1 0.950781 0.193750 0.098438 0.250000
1 0.404687 0.082292 0.178125 0.160417
1 0.408594 0.928125 0.179688 0.143750
1 0.306250 0.263542 0.171875 0.214583
1 0.173438 0.110417 0.134375 0.154167
1 0.286719 0.828125 0.154688 0.185417
1 0.915625 0.462500 0.168750 0.245833
1 0.782813 0.628125 0.193750 0.227083
1 0.303906 0.610417 0.167187 0.204167
1 0.816406 0.258333 0.148438 0.195833
1 0.177344 0.670833 0.154688 0.195833
0 0.125000 0.378125 0.246875 0.439583
1 0.630469 0.376042 0.189063 0.227083
1 0.657031 0.850000 0.160938 0.216667
1 0.596875 0.643750 0.171875 0.225000
1 0.235156 0.018750 0.160938 0.037500
1 0.635938 0.116667 0.165625 0.216667
1 0.954688 0.937500 0.090625 0.125000
1 0.056250 0.059375 0.112500 0.118750
1 0.212500 0.958333 0.184375 0.083333
1 0.910937 0.782292 0.171875 0.247917
2 0.305469 0.463542 0.067188 0.089583
1 0.950781 0.193750 0.098438 0.250000
1 0.404687 0.082292 0.178125 0.160417
1 0.408594 0.928125 0.179688 0.143750
1 0.306250 0.263542 0.171875 0.214583
1 0.173438 0.110417 0.134375 0.154167
1 0.286719 0.828125 0.154688 0.185417
1 0.915625 0.462500 0.168750 0.245833
1 0.782813 0.628125 0.193750 0.227083
1 0.303906 0.610417 0.167187 0.204167
1 0.816406 0.258333 0.148438 0.195833
1 0.177344 0.670833 0.154688 0.195833
0 0.125000 0.378125 0.246875 0.439583
1 0.630469 0.376042 0.189063 0.227083
1 0.657031 0.850000 0.160938 0.216667
1 0.596875 0.643750 0.171875 0.225000
1 0.235156 0.018750 0.160938 0.037500
1 0.635938 0.116667 0.165625 0.216667
1 0.954688 0.937500 0.090625 0.125000
1 0.056250 0.059375 0.112500 0.118750
1 0.212500 0.958333 0.184375 0.083333
1 0.910937 0.782292 0.171875 0.247917
2 0.305469 0.463542 0.067188 0.089583
1 0.950781 0.193750 0.098438 0.250000
1 0.404687 0.082292 0.178125 0.160417
1 0.408594 0.928125 0.179688 0.143750
1 0.306250 0.263542 0.171875 0.214583
1 0.173438 0.110417 0.134375 0.154167
1 0.286719 0.828125 0.154688 0.185417
1 0.915625 0.462500 0.168750 0.245833
1 0.782813 0.628125 0.193750 0.227083
1 0.303906 0.610417 0.167187 0.204167
1 0.816406 0.258333 0.148438 0.195833
1 0.177344 0.670833 0.154688 0.195833
0 0.125000 0.378125 0.246875 0.439583
1 0.630469 0.376042 0.189063 0.227083
1 0.657031 0.850000 0.160938 0.216667
1 0.596875 0.643750 0.171875 0.225000
1 0.235156 0.018750 0.160938 0.037500
1 0.635938 0.116667 0.165625 0.216667
1 0.954688 0.937500 0.090625 0.125000
1 0.056250 0.059375 0.112500 0.118750
1 0.212500 0.958333 0.184375 0.083333
1 0.910937 0.782292 0.171875 0.247917
2 0.305469 0.463542 0.067188 0.089583
1 0.950781 0.193750 0.098438 0.250000
1 0.404687 0.082292 0.178125 0.160417
1 0.408594 0.928125 0.179688 0.143750
1 0.306250 0.263542 0.171875 0.214583
1 0.173438 0.110417 0.134375 0.154167
1 0.286719 0.828125 0.154688 0.185417
1 0.915625 0.462500 0.168750 0.245833
1 0.782813 0.628125 0.193750 0.227083
1 0.303906 0.610417 0.167187 0.204167
1 0.816406 0.258333 0.148438 0.195833
1 0.177344 0.670833 0.154688 0.195833
0 0.125000 0.378125 0.246875 0.439583
1 0.630469 0.376042 0.189063 0.227083
1 0.657031 0.850000 0.160938 0.216667
1 0.596875 0.643750 0.171875 0.225000
1 0.235156 0.018750 0.160938 0.037500
1 0.635938 0.116667 0.165625 0.216667
1 0.954688 0.937500 0.090625 0.125000
1 0.056250 0.059375 0.112500 0.118750
1 0.212500 0.958333 0.184375 0.083333
1 0.910937 0.782292 0.171875 0.247917
2 0.305469 0.463542 0.067188 0.089583
1 0.950781 0.193750 0.098438 0.250000
1 0.404687 0.082292 0.178125 0.160417
1 0.408594 0.928125 0.179688 0.143750
1 0.306250 0.263542 0.171875 0.214583
1 0.173438 0.110417 0.134375 0.154167
1 0.286719 0.828125 0.154688 0.185417
1 0.915625 0.462500 0.168750 0.245833
1 0.782813 0.628125 0.193750 0.227083
1 0.303906 0.610417 0.167187 0.204167
1 0.816406 0.258333 0.148438 0.195833
1 0.177344 0.670833 0.154688 0.195833
0 0.125000 0.378125 0.246875 0.439583
1 0.630469 0.376042 0.189063 0.227083
1 0.657031 0.850000 0.160938 0.216667
1 0.596875 0.643750 0.171875 0.225000
1 0.235156 0.018750 0.160938 0.037500
1 0.635938 0.116667 0.165625 0.216667
1 0.954688 0.937500 0.090625 0.125000
1 0.056250 0.059375 0.112500 0.118750
1 0.212500 0.958333 0.184375 0.083333
1 0.910937 0.782292 0.171875 0.247917
2 0.305469 0.463542 0.067188 0.089583
1 0.950781 0.193750 0.098438 0.250000
1 0.404687 0.082292 0.178125 0.160417
1 0.408594 0.928125 0.179688 0.143750
1 0.306250 0.263542 0.171875 0.214583
1 0.173438 0.110417 0.134375 0.154167
1 0.286719 0.828125 0.154688 0.185417
1 0.915625 0.462500 0.168750 0.245833
1 0.782813 0.628125 0.193750 0.227083
1 0.303906 0.610417 0.167187 0.204167
1 0.816406 0.258333 0.148438 0.195833
1 0.177344 0.670833 0.154688 0.195833
0 0.125000 0.378125 0.246875 0.439583
1 0.630469 0.376042 0.189063 0.227083
1 0.657031 0.850000 0.160938 0.216667
1 0.596875 0.643750 0.171875 0.225000
1 0.235156 0.018750 0.160938 0.037500
1 0.635938 0.116667 0.165625 0.216667
1 0.954688 0.937500 0.090625 0.125000
1 0.056250 0.059375 0.112500 0.118750
1 0.212500 0.958333 0.184375 0.083333
1 0.910937 0.782292 0.171875 0.247917
2 0.305469 0.463542 0.067188 0.089583
1 0.950781 0.193750 0.098438 0.250000
1 0.404687 0.082292 0.178125 0.160417
1 0.408594 0.928125 0.179688 0.143750
1 0.306250 0.263542 0.171875 0.214583
1 0.173438 0.110417 0.134375 0.154167
1 0.286719 0.828125 0.154688 0.185417
1 0.915625 0.462500 0.168750 0.245833
1 0.782813 0.628125 0.193750 0.227083
1 0.303906 0.610417 0.167187 0.204167
1 0.816406 0.258333 0.148438 0.195833
1 0.177344 0.670833 0.154688 0.195833
0 0.125000 0.378125 0.246875 0.439583
1 0.630469 0.376042 0.189063 0.227083
1 0.657031 0.850000 0.160938 0.216667
1 0.596875 0.643750 0.171875 0.225000
1 0.235156 0.018750 0.160938 0.037500
1 0.635938 0.116667 0.165625 0.216667
1 0.954688 0.937500 0.090625 0.125000
1 0.056250 0.059375 0.112500 0.118750
1 0.212500 0.958333 0.184375 0.083333
1 0.910937 0.782292 0.171875 0.247917
2 0.305469 0.463542 0.067188 0.089583
1 0.950781 0.193750 0.098438 0.250000
1 0.404687 0.082292 0.178125 0.160417
1 0.408594 0.928125 0.179688 0.143750
1 0.306250 0.263542 0.171875 0.214583
1 0.173438 0.110417 0.134375 0.154167
1 0.286719 0.828125 0.154688 0.185417
1 0.915625 0.462500 0.168750 0.245833
1 0.782813 0.628125 0.193750 0.227083
1 0.303906 0.610417 0.167187 0.204167
1 0.816406 0.258333 0.148438 0.195833
1 0.177344 0.670833 0.154688 0.195833
0 0.125000 0.378125 0.246875 0.439583
1 0.630469 0.376042 0.189063 0.227083
1 0.657031 0.850000 0.160938 0.216667
1 0.596875 0.643750 0.171875 0.225000
1 0.235156 0.018750 0.160938 0.037500
1 0.635938 0.116667 0.165625 0.216667
1 0.954688 0.937500 0.090625 0.125000
1 0.056250 0.059375 0.112500 0.118750
1 0.212500 0.958333 0.184375 0.083333
1 0.910937 0.782292 0.171875 0.247917
2 0.305469 0.463542 0.067188 0.089583
1 0.950781 0.193750 0.098438 0.250000
1 0.404687 0.082292 0.178125 0.160417
1 0.408594 0.928125 0.179688 0.143750
1 0.306250 0.263542 0.171875 0.214583
1 0.173438 0.110417 0.134375 0.154167
1 0.286719 0.828125 0.154688 0.185417
1 0.915625 0.462500 0.168750 0.245833
1 0.782813 0.628125 0.193750 0.227083
1 0.303906 0.610417 0.167187 0.204167
1 0.816406 0.258333 0.148438 0.195833
1 0.177344 0.670833 0.154688 0.195833
0 0.125000 0.378125 0.246875 0.439583
1 0.630469 0.376042 0.189063 0.227083
1 0.657031 0.850000 0.160938 0.216667
1 0.596875 0.643750 0.171875 0.225000
