1 0.981250 0.606250 0.037500 0.204167
1 0.644531 0.829167 0.179688 0.225000
1 0.260156 0.038542 0.185938 0.072917
1 0.267188 0.940625 0.187500 0.118750
2 0.217188 0.363542 0.068750 0.093750
1 0.108594 0.932292 0.170313 0.131250
1 0.791406 0.253125 0.151562 0.235417
1 0.241406 0.186458 0.157813 0.210417
2 0.825781 0.931250 0.067188 0.070833
1 0.439844 0.066667 0.170313 0.133333
1 0.487500 0.935417 0.168750 0.125000
2 0.382812 0.451042 0.068750 0.089583
1 0.106250 0.761458 0.140625 0.189583
1 0.716406 0.451042 0.179688 0.222917
1 0.589063 0.295833 0.181250 0.237500
0 0.434375 0.700000 0.256250 0.333333
1 0.981250 0.606250 0.037500 0.204167
1 0.644531 0.829167 0.179688 0.225000
1 0.260156 0.038542 0.185938 0.072917
1 0.267188 0.940625 0.187500 0.118750
2 0.217188 0.363542 0.068750 0.093750
1 0.108594 0.932292 0.170313 0.131250
1 0.791406 0.253125 0.151562 0.235417
1 0.241406 0.186458 0.157813 0.210417
2 0.825781 0.931250 0.067188 0.070833
1 0.439844 0.066667 0.170313 0.133333
1 0.487500 0.935417 0.168750 0.125000
2 0.382812 0.451042 0.068750 0.089583
1 0.106250 0.761458 0.140625 0.189583
1 0.716406 0.451042 0.179688 0.222917
1 0.589063 0.295833 0.181250 0.237500
0 0.434375 0.700000 0.256250 0.333333
1 0.981250 0.606250 0.037500 0.204167
1 0.644531 0.829167 0.179688 0.225000
1 0.260156 0.038542 0.185938 0.072917
1 0.267188 0.940625 0.187500 0.118750
2 0.217188 0.363542 0.068750 0.093750
1 0.108594 0.932292 0.170313 0.131250
1 0.791406 0.253125 0.151562 0.235417
1 0.241406 0.186458 0.157813 0.210417
2 0.825781 0.931250 0.067188 0.070833
1 0.439844 0.066667 0.170313 0.133333
1 0.487500 0.935417 0.168750 0.125000
2 0.382812 0.451042 0.068750 0.089583
1 0.106250 0.761458 0.140625 0.189583
1 0.716406 0.451042 0.179688 0.222917
1 0.589063 0.295833 0.181250 0.237500
0 0.434375 0.700000 0.256250 0.333333
1 0.981250 0.606250 0.037500 0.204167
1 0.644531 0.829167 0.179688 0.225000
1 0.260156 0.038542 0.185938 0.072917
1 0.267188 0.940625 0.187500 0.118750
2 0.217188 0.363542 0.068750 0.093750
1 0.108594 0.932292 0.170313 0.131250
1 0.791406 0.253125 0.151562 0.235417
1 0.241406 0.186458 0.157813 0.210417
2 0.825781 0.931250 0.067188 0.070833
1 0.439844 0.066667 0.170313 0.133333
1 0.487500 0.935417 0.168750 0.125000
2 0.382812 0.451042 0.068750 0.089583
1 0.106250 0.761458 0.140625 0.189583
1 0.716406 0.451042 0.179688 0.222917
1 0.589063 0.295833 0.181250 0.237500
0 0.434375 0.700000 0.256250 0.333333
1 0.981250 0.606250 0.037500 0.204167
1 0.644531 0.829167 0.179688 0.225000
1 0.260156 0.038542 0.185938 0.072917
1 0.267188 0.940625 0.187500 0.118750
2 0.217188 0.363542 0.068750 0.093750
1 0.108594 0.932292 0.170313 0.131250
1 0.791406 0.253125 0.151562 0.235417
1 0.241406 0.186458 0.157813 0.210417
2 0.825781 0.931250 0.067188 0.070833
1 0.439844 0.066667 0.170313 0.133333
1 0.487500 0.935417 0.168750 0.125000
2 0.382812 0.451042 0.068750 0.089583
1 0.106250 0.761458 0.140625 0.189583
1 0.716406 0.451042 0.179688 0.222917
1 0.589063 0.295833 0.181250 0.237500
0 0.434375 0.700000 0.256250 0.333333
1 0.981250 0.606250 0.037500 0.204167
1 0.644531 0.829167 0.179688 0.225000
1 0.260156 0.038542 0.185938 0.072917
1 0.267188 0.940625 0.187500 0.118750
2 0.217188 0.363542 0.068750 0.093750
1 0.108594 0.932292 0.170313 0.131250
1 0.791406 0.253125 0.151562 0.235417
1 0.241406 0.186458 0.157813 0.210417
2 0.825781 0.931250 0.067188 0.070833
1 0.439844 0.066667 0.170313 0.133333
1 0.487500 0.935417 0.168750 0.125000
2 0.382812 0.451042 0.068750 0.089583
1 0.106250 0.761458 0.140625 0.189583
1 0.716406 0.451042 0.179688 0.222917
1 0.589063 0.295833 0.181250 0.237500
0 0.434375 0.700000 0.256250 0.333333
1 0.981250 0.606250 0.037500 0.204167
1 0.644531 0.829167 0.179688 0.225000
1 0.260156 0.038542 0.185938 0.072917
1 0.267188 0.940625 0.187500 0.118750
2 0.217188 0.363542 0.068750 0.093750
1 0.108594 0.932292 0.170313 0.131250
1 0.791406 0.253125 0.151562 0.235417
1 0.241406 0.186458 0.157813 0.210417
2 0.825781 0.931250 0.067188 0.070833
1 0.439844 0.066667 0.170313 0.133333
1 0.487500 0.935417 0.168750 0.125000
2 0.382812 0.451042 0.068750 0.089583
1 0.106250 0.761458 0.140625 0.189583
1 0.716406 0.451042 0.179688 0.222917
1 0.589063 0.295833 0.181250 0.237500
0 0.434375 0.700000 0.256250 0.333333
1 0.981250 0.606250 0.037500 0.204167
1 0.644531 0.829167 0.179688 0.225000
1 0.260156 0.038542 0.185938 0.072917
1 0.267188 0.940625 0.187500 0.118750
2 0.217188 0.363542 0.068750 0.093750
1 0.108594 0.932292 0.170313 0.131250
1 0.791406 0.253125 0.151562 0.235417
1 0.241406 0.186458 0.157813 0.210417
2 0.825781 0.931250 0.067188 0.070833
1 0.439844 0.066667 0.170313 0.133333
1 0.487500 0.935417 0.168750 0.125000
2 0.382812 0.451042 0.068750 0.089583
1 0.106250 0.761458 0.140625 0.189583
1 0.716406 0.451042 0.179688 0.222917
1 0.589063 0.295833 0.181250 0.237500
0 0.434375 0.700000 0.256250 0.333333
1 0.981250 0.606250 0.037500 0.204167
1 0.644531 0.829167 0.179688 0.225000
1 0.260156 0.038542 0.185938 0.072917
1 0.267188 0.940625 0.187500 0.118750
2 0.217188 0.363542 0.068750 0.093750
1 0.108594 0.932292 0.170313 0.131250
1 0.791406 0.253125 0.151562 0.235417
1 0.241406 0.186458 0.157813 0.210417
2 0.825781 0.931250 0.067188 0.070833
1 0.439844 0.066667 0.170313 0.133333
1 0.487500 0.935417 0.168750 0.125000
2 0.382812 0.451042 0.068750 0.089583
1 0.106250 0.761458 0.140625 0.189583
1 0.716406 0.451042 0.179688 0.222917
1 0.589063 0.295833 0.181250 0.237500
0 0.434375 0.700000 0.256250 0.333333
1 0.981250 0.606250 0.037500 0.204167
1 0.644531 0.829167 0.179688 0.225000
1 0.260156 0.038542 0.185938 0.072917
1 0.267188 0.940625 0.187500 0.118750
2 0.217188 0.363542 0.068750 0.093750
1 0.108594 0.932292 0.170313 0.131250
1 0.791406 0.253125 0.151562 0.235417
1 0.241406 0.186458 0.157813 0.210417
2 0.825781 0.931250 0.067188 0.070833
1 0.439844 0.066667 0.170313 0.133333
1 0.487500 0.935417 0.168750 0.125000
2 0.382812 0.451042 0.068750 0.089583
1 0.106250 0.761458 0.140625 0.189583
1 0.716406 0.451042 0.179688 0.222917
1 0.589063 0.295833 0.181250 0.237500
0 0.434375 0.700000 0.256250 0.333333
1 0.981250 0.606250 0.037500 0.204167
1 0.644531 0.829167 0.179688 0.225000
1 0.260156 0.038542 0.185938 0.072917
1 0.267188 0.940625 0.187500 0.118750
2 0.217188 0.363542 0.068750 0.093750
1 0.108594 0.932292 0.170313 0.131250
1 0.791406 0.253125 0.151562 0.235417
1 0.241406 0.186458 0.157813 0.210417
2 0.825781 0.931250 0.067188 0.070833
1 0.439844 0.066667 0.170313 0.133333
1 0.487500 0.935417 0.168750 0.125000
2 0.382812 0.451042 0.068750 0.089583
1 0.106250 0.761458 0.140625 0.189583
1 0.716406 0.451042 0.179688 0.222917
1 0.589063 0.295833 0.181250 0.237500
0 0.434375 0.700000 0.256250 0.333333
1 0.981250 0.606250 0.037500 0.204167
1 0.644531 0.829167 0.179688 0.225000
1 0.260156 0.038542 0.185938 0.072917
1 0.267188 0.940625 0.187500 0.118750
2 0.217188 0.363542 0.068750 0.093750
1 0.108594 0.932292 0.170313 0.131250
1 0.791406 0.253125 0.151562 0.235417
1 0.241406 0.186458 0.157813 0.210417
2 0.825781 0.931250 0.067188 0.070833
1 0.439844 0.066667 0.170313 0.133333
1 0.487500 0.935417 0.168750 0.125000
2 0.382812 0.451042 0.068750 0.089583
1 0.106250 0.761458 0.140625 0.189583
1 0.716406 0.451042 0.179688 0.222917
1 0.589063 0.295833 0.181250 0.237500
0 0.434375 0.700000 0.256250 0.333333
1 0.981250 0.606250 0.037500 0.204167
1 0.644531 0.829167 0.179688 0.225000
1 0.260156 0.038542 0.185938 0.072917
1 0.267188 0.940625 0.187500 0.118750
2 0.217188 0.363542 0.068750 0.093750
1 0.108594 0.932292 0.170313 0.131250
1 0.791406 0.253125 0.151562 0.235417
1 0.241406 0.186458 0.157813 0.210417
2 0.825781 0.931250 0.067188 0.070833
1 0.439844 0.066667 0.170313 0.133333
1 0.487500 0.935417 0.168750 0.125000
2 0.382812 0.451042 0.068750 0.089583
1 0.106250 0.761458 0.140625 0.189583
1 0.716406 0.451042 0.179688 0.222917
1 0.589063 0.295833 0.181250 0.237500
0 0.434375 0.700000 0.256250 0.333333
1 0.981250 0.606250 0.037500 0.204167
1 0.644531 0.829167 0.179688 0.225000
1 0.260156 0.038542 0.185938 0.072917
1 0.267188 0.940625 0.187500 0.118750
2 0.217188 0.363542 0.068750 0.093750
1 0.108594 0.932292 0.170313 0.131250
1 0.791406 0.253125 0.151562 0.235417
1 0.241406 0.186458 0.157813 0.210417
2 0.825781 0.931250 0.067188 0.070833
1 0.439844 0.066667 0.170313 0.133333
1 0.487500 0.935417 0.168750 0.125000
2 0.382812 0.451042 0.068750 0.089583
1 0.106250 0.761458 0.140625 0.189583
1 0.716406 0.451042 0.179688 0.222917
1 0.589063 0.295833 0.181250 0.237500
0 0.434375 0.700000 0.256250 0.333333
1 0.981250 0.606250 0.037500 0.204167
1 0.644531 0.829167 0.179688 0.225000
1 0.260156 0.038542 0.185938 0.072917
1 0.267188 0.940625 0.187500 0.118750
2 0.217188 0.363542 0.068750 0.093750
1 0.108594 0.932292 0.170313 0.131250
1 0.791406 0.253125 0.151562 0.235417
1 0.241406 0.186458 0.157813 0.210417
2 0.825781 0.931250 0.067188 0.070833
1 0.439844 0.066667 0.170313 0.133333
1 0.487500 0.935417 0.168750 0.125000
2 0.382812 0.451042 0.068750 0.089583
1 0.106250 0.761458 0.140625 0.189583
1 0.716406 0.451042 0.179688 0.222917
1 0.589063 0.295833 0.181250 0.237500
0 0.434375 0.700000 0.256250 0.333333
1 0.981250 0.606250 0.037500 0.204167
1 0.644531 0.829167 0.179688 0.225000
1 0.260156 0.038542 0.185938 0.072917
1 0.267188 0.940625 0.187500 0.118750
2 0.217188 0.363542 0.068750 0.093750
1 0.108594 0.932292 0.170313 0.131250
1 0.791406 0.253125 0.151562 0.235417
1 0.241406 0.186458 0.157813 0.210417
2 0.825781 0.931250 0.067188 0.070833
1 0.439844 0.066667 0.170313 0.133333
1 0.487500 0.935417 0.168750 0.125000
2 0.382812 0.451042 0.068750 0.089583
1 0.106250 0.761458 0.140625 0.189583
1 0.716406 0.451042 0.179688 0.222917
1 0.589063 0.295833 0.181250 0.237500
0 0.434375 0.700000 0.256250 0.333333
