1 0.074219 0.715625 0.139063 0.206250
1 0.267969 0.713542 0.154688 0.214583
1 0.872656 0.079167 0.145313 0.158333
1 0.018750 0.692708 0.037500 0.185417
1 0.961719 0.275000 0.076563 0.187500
1 0.067969 0.902083 0.135937 0.195833
1 0.734375 0.922917 0.168750 0.145833
1 0.218750 0.884375 0.131250 0.185417
1 0.787500 0.233333 0.134375 0.225000
1 0.507031 0.163542 0.170313 0.214583
1 0.049219 0.481250 0.098438 0.200000
0 0.502344 0.796875 0.410938 0.402083
1 0.959375 0.133333 0.081250 0.237500
1 0.859375 0.886458 0.159375 0.206250
1 0.457813 0.333333 0.196875 0.245833
1 0.728906 0.716667 0.167187 0.229167
1 0.682031 0.411458 0.173438 0.281250
1 0.139844 0.557292 0.132812 0.185417
1 0.135156 0.188542 0.120313 0.181250
1 0.895312 0.670833 0.184375 0.229167
1 0.301563 0.167708 0.181250 0.189583
1 0.074219 0.715625 0.139063 0.206250
1 0.267969 0.713542 0.154688 0.214583
1 0.872656 0.079167 0.145313 0.158333
1 0.018750 0.692708 0.037500 0.185417
1 0.961719 0.275000 0.076563 0.187500
1 0.067969 0.902083 0.135937 0.195833
1 0.734375 0.922917 0.168750 0.145833
1 0.218750 0.884375 0.131250 0.185417
1 0.787500 0.233333 0.134375 0.225000
1 0.507031 0.163542 0.170313 0.214583
1 0.049219 0.481250 0.098438 0.200000
0 0.502344 0.796875 0.410938 0.402083
1 0.959375 0.133333 0.081250 0.237500
1 0.859375 0.886458 0.159375 0.206250
1 0.457813 0.333333 0.196875 0.245833
1 0.728906 0.716667 0.167187 0.229167
1 0.682031 0.411458 0.173438 0.281250
1 0.139844 0.557292 0.132812 0.185417
1 0.135156 0.188542 0.120313 0.181250
1 0.895312 0.670833 0.184375 0.229167
1 0.301563 0.167708 0.181250 0.189583
1 0.074219 0.715625 0.139063 0.206250
1 0.267969 0.713542 0.154688 0.214583
1 0.872656 0.079167 0.145313 0.158333
1 0.018750 0.692708 0.037500 0.185417
1 0.961719 0.275000 0.076563 0.187500
1 0.067969 0.902083 0.135937 0.195833
1 0.734375 0.922917 0.168750 0.145833
1 0.218750 0.884375 0.131250 0.185417
1 0.787500 0.233333 0.134375 0.225000
1 0.507031 0.163542 0.170313 0.214583
1 0.049219 0.481250 0.098438 0.200000
0 0.502344 0.796875 0.410938 0.402083
1 0.959375 0.133333 0.081250 0.237500
1 0.859375 0.886458 0.159375 0.206250
1 0.457813 0.333333 0.196875 0.245833
1 0.728906 0.716667 0.167187 0.229167
1 0.682031 0.411458 0.173438 0.281250
1 0.139844 0.557292 0.132812 0.185417
1 0.135156 0.188542 0.120313 0.181250
1 0.895312 0.670833 0.184375 0.229167
1 0.301563 0.167708 0.181250 0.189583
1 0.074219 0.715625 0.139063 0.206250
1 0.267969 0.713542 0.154688 0.214583
1 0.872656 0.079167 0.145313 0.158333
1 0.018750 0.692708 0.037500 0.185417
1 0.961719 0.275000 0.076563 0.187500
1 0.067969 0.902083 0.135937 0.195833
1 0.734375 0.922917 0.168750 0.145833
1 0.218750 0.884375 0.131250 0.185417
1 0.787500 0.233333 0.134375 0.225000
1 0.507031 0.163542 0.170313 0.214583
1 0.049219 0.481250 0.098438 0.200000
0 0.502344 0.796875 0.410938 0.402083
1 0.959375 0.133333 0.081250 0.237500
1 0.859375 0.886458 0.159375 0.206250
1 0.457813 0.333333 0.196875 0.245833
1 0.728906 0.716667 0.167187 0.229167
1 0.682031 0.411458 0.173438 0.281250
1 0.139844 0.557292 0.132812 0.185417
1 0.135156 0.188542 0.120313 0.181250
1 0.895312 0.670833 0.184375 0.229167
1 0.301563 0.167708 0.181250 0.189583
1 0.074219 0.715625 0.139063 0.206250
1 0.267969 0.713542 0.154688 0.214583
1 0.872656 0.079167 0.145313 0.158333
1 0.018750 0.692708 0.037500 0.185417
1 0.961719 0.275000 0.076563 0.187500
1 0.067969 0.902083 0.135937 0.195833
1 0.734375 0.922917 0.168750 0.145833
1 0.218750 0.884375 0.131250 0.185417
1 0.787500 0.233333 0.134375 0.225000
1 0.507031 0.163542 0.170313 0.214583
1 0.049219 0.481250 0.098438 0.200000
0 0.502344 0.796875 0.410938 0.402083
1 0.959375 0.133333 0.081250 0.237500
1 0.859375 0.886458 0.159375 0.206250
1 0.457813 0.333333 0.196875 0.245833
1 0.728906 0.716667 0.167187 0.229167
1 0.682031 0.411458 0.173438 0.281250
1 0.139844 0.557292 0.132812 0.185417
1 0.135156 0.188542 0.120313 0.181250
1 0.895312 0.670833 0.184375 0.229167
1 0.301563 0.167708 0.181250 0.189583
1 0.074219 0.715625 0.139063 0.206250
1 0.267969 0.713542 0.154688 0.214583
1 0.872656 0.079167 0.145313 0.158333
1 0.018750 0.692708 0.037500 0.185417
1 0.961719 0.275000 0.076563 0.187500
1 0.067969 0.902083 0.135937 0.195833
1 0.734375 0.922917 0.168750 0.145833
1 0.218750 0.884375 0.131250 0.185417
1 0.787500 0.233333 0.134375 0.225000
1 0.507031 0.163542 0.170313 0.214583
1 0.049219 0.481250 0.098438 0.200000
0 0.502344 0.796875 0.410938 0.402083
1 0.959375 0.133333 0.081250 0.237500
1 0.859375 0.886458 0.159375 0.206250
1 0.457813 0.333333 0.196875 0.245833
1 0.728906 0.716667 0.167187 0.229167
1 0.682031 0.411458 0.173438 0.281250
1 0.139844 0.557292 0.132812 0.185417
1 0.135156 0.188542 0.120313 0.181250
1 0.895312 0.670833 0.184375 0.229167
1 0.301563 0.167708 0.181250 0.189583
1 0.074219 0.715625 0.139063 0.206250
1 0.267969 0.713542 0.154688 0.214583
1 0.872656 0.079167 0.145313 0.158333
1 0.018750 0.692708 0.037500 0.185417
1 0.961719 0.275000 0.076563 0.187500
1 0.067969 0.902083 0.135937 0.195833
1 0.734375 0.922917 0.168750 0.145833
1 0.218750 0.884375 0.131250 0.185417
1 0.787500 0.233333 0.134375 0.225000
1 0.507031 0.163542 0.170313 0.214583
1 0.049219 0.481250 0.098438 0.200000
0 0.502344 0.796875 0.410938 0.402083
1 0.959375 0.133333 0.081250 0.237500
1 0.859375 0.886458 0.159375 0.206250
1 0.457813 0.333333 0.196875 0.245833
1 0.728906 0.716667 0.167187 0.229167
1 0.682031 0.411458 0.173438 0.281250
1 0.139844 0.557292 0.132812 0.185417
1 0.135156 0.188542 0.120313 0.181250
1 0.895312 0.670833 0.184375 0.229167
1 0.301563 0.167708 0.181250 0.189583
1 0.074219 0.715625 0.139063 0.206250
1 0.267969 0.713542 0.154688 0.214583
1 0.872656 0.079167 0.145313 0.158333
1 0.018750 0.692708 0.037500 0.185417
1 0.961719 0.275000 0.076563 0.187500
1 0.067969 0.902083 0.135937 0.195833
1 0.734375 0.922917 0.168750 0.145833
1 0.218750 0.884375 0.131250 0.185417
1 0.787500 0.233333 0.134375 0.225000
1 0.507031 0.163542 0.170313 0.214583
1 0.049219 0.481250 0.098438 0.200000
0 0.502344 0.796875 0.410938 0.402083
1 0.959375 0.133333 0.081250 0.237500
1 0.859375 0.886458 0.159375 0.206250
1 0.457813 0.333333 0.196875 0.245833
1 0.728906 0.716667 0.167187 0.229167
1 0.682031 0.411458 0.173438 0.281250
1 0.139844 0.557292 0.132812 0.185417
1 0.135156 0.188542 0.120313 0.181250
1 0.895312 0.670833 0.184375 0.229167
1 0.301563 0.167708 0.181250 0.189583
1 0.074219 0.715625 0.139063 0.206250
1 0.267969 0.713542 0.154688 0.214583
1 0.872656 0.079167 0.145313 0.158333
1 0.018750 0.692708 0.037500 0.185417
1 0.961719 0.275000 0.076563 0.187500
1 0.067969 0.902083 0.135937 0.195833
1 0.734375 0.922917 0.168750 0.145833
1 0.218750 0.884375 0.131250 0.185417
1 0.787500 0.233333 0.134375 0.225000
1 0.507031 0.163542 0.170313 0.214583
1 0.049219 0.481250 0.098438 0.200000
0 0.502344 0.796875 0.410938 0.402083
1 0.959375 0.133333 0.081250 0.237500
1 0.859375 0.886458 0.159375 0.206250
1 0.457813 0.333333 0.196875 0.245833
1 0.728906 0.716667 0.167187 0.229167
1 0.682031 0.411458 0.173438 0.281250
1 0.139844 0.557292 0.132812 0.185417
1 0.135156 0.188542 0.120313 0.181250
1 0.895312 0.670833 0.184375 0.229167
1 0.301563 0.167708 0.181250 0.189583
1 0.074219 0.715625 0.139063 0.206250
1 0.267969 0.713542 0.154688 0.214583
1 0.872656 0.079167 0.145313 0.158333
1 0.018750 0.692708 0.037500 0.185417
1 0.961719 0.275000 0.076563 0.187500
1 0.067969 0.902083 0.135937 0.195833
1 0.734375 0.922917 0.168750 0.145833
1 0.218750 0.884375 0.131250 0.185417
1 0.787500 0.233333 0.134375 0.225000
1 0.507031 0.163542 0.170313 0.214583
1 0.049219 0.481250 0.098438 0.200000
0 0.502344 0.796875 0.410938 0.402083
1 0.959375 0.133333 0.081250 0.237500
1 0.859375 0.886458 0.159375 0.206250
1 0.457813 0.333333 0.196875 0.245833
1 0.728906 0.716667 0.167187 0.229167
1 0.682031 0.411458 0.173438 0.281250
1 0.139844 0.557292 0.132812 0.185417
1 0.135156 0.188542 0.120313 0.181250
1 0.895312 0.670833 0.184375 0.229167
1 0.301563 0.167708 0.181250 0.189583
1 0.074219 0.715625 0.139063 0.206250
1 0.267969 0.713542 0.154688 0.214583
1 0.872656 0.079167 0.145313 0.158333
1 0.018750 0.692708 0.037500 0.185417
1 0.961719 0.275000 0.076563 0.187500
1 0.067969 0.902083 0.135937 0.195833
1 0.734375 0.922917 0.168750 0.145833
1 0.218750 0.884375 0.131250 0.185417
1 0.787500 0.233333 0.134375 0.225000
1 0.507031 0.163542 0.170313 0.214583
1 0.049219 0.481250 0.098438 0.200000
0 0.502344 0.796875 0.410938 0.402083
1 0.959375 0.133333 0.081250 0.237500
1 0.859375 0.886458 0.159375 0.206250
1 0.457813 0.333333 0.196875 0.245833
1 0.728906 0.716667 0.167187 0.229167
1 0.682031 0.411458 0.173438 0.281250
1 0.139844 0.557292 0.132812 0.185417
1 0.135156 0.188542 0.120313 0.181250
1 0.895312 0.670833 0.184375 0.229167
1 0.301563 0.167708 0.181250 0.189583
1 0.074219 0.715625 0.139063 0.206250
1 0.267969 0.713542 0.154688 0.214583
1 0.872656 0.079167 0.145313 0.158333
1 0.018750 0.692708 0.037500 0.185417
1 0.961719 0.275000 0.076563 0.187500
1 0.067969 0.902083 0.135937 0.195833
1 0.734375 0.922917 0.168750 0.145833
1 0.218750 0.884375 0.131250 0.185417
1 0.787500 0.233333 0.134375 0.225000
1 0.507031 0.163542 0.170313 0.214583
1 0.049219 0.481250 0.098438 0.200000
0 0.502344 0.796875 0.410938 0.402083
1 0.959375 0.133333 0.081250 0.237500
1 0.859375 0.886458 0.159375 0.206250
1 0.457813 0.333333 0.196875 0.245833
1 0.728906 0.716667 0.167187 0.229167
1 0.682031 0.411458 0.173438 0.281250
1 0.139844 0.557292 0.132812 0.185417
1 0.135156 0.188542 0.120313 0.181250
1 0.895312 0.670833 0.184375 0.229167
1 0.301563 0.167708 0.181250 0.189583
1 0.074219 0.715625 0.139063 0.206250
1 0.267969 0.713542 0.154688 0.214583
1 0.872656 0.079167 0.145313 0.158333
1 0.018750 0.692708 0.037500 0.185417
1 0.961719 0.275000 0.076563 0.187500
1 0.067969 0.902083 0.135937 0.195833
1 0.734375 0.922917 0.168750 0.145833
1 0.218750 0.884375 0.131250 0.185417
1 0.787500 0.233333 0.134375 0.225000
1 0.507031 0.163542 0.170313 0.214583
1 0.049219 0.481250 0.098438 0.200000
0 0.502344 0.796875 0.410938 0.402083
1 0.959375 0.133333 0.081250 0.237500
1 0.859375 0.886458 0.159375 0.206250
1 0.457813 0.333333 0.196875 0.245833
1 0.728906 0.716667 0.167187 0.229167
1 0.682031 0.411458 0.173438 0.281250
1 0.139844 0.557292 0.132812 0.185417
1 0.135156 0.188542 0.120313 0.181250
1 0.895312 0.670833 0.184375 0.229167
1 0.301563 0.167708 0.181250 0.189583
1 0.074219 0.715625 0.139063 0.206250
1 0.267969 0.713542 0.154688 0.214583
1 0.872656 0.079167 0.145313 0.158333
1 0.018750 0.692708 0.037500 0.185417
1 0.961719 0.275000 0.076563 0.187500
1 0.067969 0.902083 0.135937 0.195833
1 0.734375 0.922917 0.168750 0.145833
1 0.218750 0.884375 0.131250 0.185417
1 0.787500 0.233333 0.134375 0.225000
1 0.507031 0.163542 0.170313 0.214583
1 0.049219 0.481250 0.098438 0.200000
0 0.502344 0.796875 0.410938 0.402083
1 0.959375 0.133333 0.081250 0.237500
1 0.859375 0.886458 0.159375 0.206250
1 0.457813 0.333333 0.196875 0.245833
1 0.728906 0.716667 0.167187 0.229167
1 0.682031 0.411458 0.173438 0.281250
1 0.139844 0.557292 0.132812 0.185417
1 0.135156 0.188542 0.120313 0.181250
1 0.895312 0.670833 0.184375 0.229167
1 0.301563 0.167708 0.181250 0.189583
1 0.074219 0.715625 0.139063 0.206250
1 0.267969 0.713542 0.154688 0.214583
1 0.872656 0.079167 0.145313 0.158333
1 0.018750 0.692708 0.037500 0.185417
1 0.961719 0.275000 0.076563 0.187500
1 0.067969 0.902083 0.135937 0.195833
1 0.734375 0.922917 0.168750 0.145833
1 0.218750 0.884375 0.131250 0.185417
1 0.787500 0.233333 0.134375 0.225000
1 0.507031 0.163542 0.170313 0.214583
1 0.049219 0.481250 0.098438 0.200000
0 0.502344 0.796875 0.410938 0.402083
1 0.959375 0.133333 0.081250 0.237500
1 0.859375 0.886458 0.159375 0.206250
1 0.457813 0.333333 0.196875 0.245833
1 0.728906 0.716667 0.167187 0.229167
1 0.682031 0.411458 0.173438 0.281250
1 0.139844 0.557292 0.132812 0.185417
1 0.135156 0.188542 0.120313 0.181250
1 0.895312 0.670833 0.184375 0.229167
1 0.301563 0.167708 0.181250 0.189583
1 0.074219 0.715625 0.139063 0.206250
1 0.267969 0.713542 0.154688 0.214583
1 0.872656 0.079167 0.145313 0.158333
1 0.018750 0.692708 0.037500 0.185417
1 0.961719 0.275000 0.076563 0.187500
1 0.067969 0.902083 0.135937 0.195833
1 0.734375 0.922917 0.168750 0.145833
1 0.218750 0.884375 0.131250 0.185417
1 0.787500 0.233333 0.134375 0.225000
1 0.507031 0.163542 0.170313 0.214583
1 0.049219 0.481250 0.098438 0.200000
0 0.502344 0.796875 0.410938 0.402083
1 0.959375 0.133333 0.081250 0.237500
1 0.859375 0.886458 0.159375 0.206250
1 0.457813 0.333333 0.196875 0.245833
1 0.728906 0.716667 0.167187 0.229167
1 0.682031 0.411458 0.173438 0.281250
1 0.139844 0.557292 0.132812 0.185417
1 0.135156 0.188542 0.120313 0.181250
1 0.895312 0.670833 0.184375 0.229167
1 0.301563 0.167708 0.181250 0.189583
1 0.074219 0.715625 0.139063 0.206250
1 0.267969 0.713542 0.154688 0.214583
1 0.872656 0.079167 0.145313 0.158333
1 0.018750 0.692708 0.037500 0.185417
1 0.961719 0.275000 0.076563 0.187500
1 0.067969 0.902083 0.135937 0.195833
1 0.734375 0.922917 0.168750 0.145833
1 0.218750 0.884375 0.131250 0.185417
1 0.787500 0.233333 0.134375 0.225000
1 0.507031 0.163542 0.170313 0.214583
1 0.049219 0.481250 0.098438 0.200000
0 0.502344 0.796875 0.410938 0.402083
1 0.959375 0.133333 0.081250 0.237500
1 0.859375 0.886458 0.159375 0.206250
1 0.457813 0.333333 0.196875 0.245833
1 0.728906 0.716667 0.167187 0.229167
1 0.682031 0.411458 0.173438 0.281250
1 0.139844 0.557292 0.132812 0.185417
1 0.135156 0.188542 0.120313 0.181250
1 0.895312 0.670833 0.184375 0.229167
1 0.301563 0.167708 0.181250 0.189583
1 0.074219 0.715625 0.139063 0.206250
1 0.267969 0.713542 0.154688 0.214583
1 0.872656 0.079167 0.145313 0.158333
1 0.018750 0.692708 0.037500 0.185417
1 0.961719 0.275000 0.076563 0.187500
1 0.067969 0.902083 0.135937 0.195833
1 0.734375 0.922917 0.168750 0.145833
1 0.218750 0.884375 0.131250 0.185417
1 0.787500 0.233333 0.134375 0.225000
1 0.507031 0.163542 0.170313 0.214583
1 0.049219 0.481250 0.098438 0.200000
0 0.502344 0.796875 0.410938 0.402083
1 0.959375 0.133333 0.081250 0.237500
1 0.859375 0.886458 0.159375 0.206250
1 0.457813 0.333333 0.196875 0.245833
1 0.728906 0.716667 0.167187 0.229167
1 0.682031 0.411458 0.173438 0.281250
1 0.139844 0.557292 0.132812 0.185417
1 0.135156 0.188542 0.120313 0.181250
1 0.895312 0.670833 0.184375 0.229167
1 0.301563 0.167708 0.181250 0.189583
1 0.074219 0.715625 0.139063 0.206250
1 0.267969 0.713542 0.154688 0.214583
1 0.872656 0.079167 0.145313 0.158333
1 0.018750 0.692708 0.037500 0.185417
1 0.961719 0.275000 0.076563 0.187500
1 0.067969 0.902083 0.135937 0.195833
1 0.734375 0.922917 0.168750 0.145833
1 0.218750 0.884375 0.131250 0.185417
1 0.787500 0.233333 0.134375 0.225000
1 0.507031 0.163542 0.170313 0.214583
1 0.049219 0.481250 0.098438 0.200000
0 0.502344 0.796875 0.410938 0.402083
1 0.959375 0.133333 0.081250 0.237500
1 0.859375 0.886458 0.159375 0.206250
1 0.457813 0.333333 0.196875 0.245833
1 0.728906 0.716667 0.167187 0.229167
1 0.682031 0.411458 0.173438 0.281250
1 0.139844 0.557292 0.132812 0.185417
1 0.135156 0.188542 0.120313 0.181250
1 0.895312 0.670833 0.184375 0.229167
1 0.301563 0.167708 0.181250 0.189583
1 0.074219 0.715625 0.139063 0.206250
1 0.267969 0.713542 0.154688 0.214583
1 0.872656 0.079167 0.145313 0.158333
1 0.018750 0.692708 0.037500 0.185417
1 0.961719 0.275000 0.076563 0.187500
1 0.067969 0.902083 0.135937 0.195833
1 0.734375 0.922917 0.168750 0.145833
1 0.218750 0.884375 0.131250 0.185417
1 0.787500 0.233333 0.134375 0.225000
1 0.507031 0.163542 0.170313 0.214583
1 0.049219 0.481250 0.098438 0.200000
0 0.502344 0.796875 0.410938 0.402083
1 0.959375 0.133333 0.081250 0.237500
1 0.859375 0.886458 0.159375 0.206250
1 0.457813 0.333333 0.196875 0.245833
1 0.728906 0.716667 0.167187 0.229167
1 0.682031 0.411458 0.173438 0.281250
1 0.139844 0.557292 0.132812 0.185417
1 0.135156 0.188542 0.120313 0.181250
1 0.895312 0.670833 0.184375 0.229167
1 0.301563 0.167708 0.181250 0.189583
1 0.074219 0.715625 0.139063 0.206250
1 0.267969 0.713542 0.154688 0.214583
1 0.872656 0.079167 0.145313 0.158333
1 0.018750 0.692708 0.037500 0.185417
1 0.961719 0.275000 0.076563 0.187500
1 0.067969 0.902083 0.135937 0.195833
1 0.734375 0.922917 0.168750 0.145833
1 0.218750 0.884375 0.131250 0.185417
1 0.787500 0.233333 0.134375 0.225000
1 0.507031 0.163542 0.170313 0.214583
1 0.049219 0.481250 0.098438 0.200000
0 0.502344 0.796875 0.410938 0.402083
1 0.959375 0.133333 0.081250 0.237500
1 0.859375 0.886458 0.159375 0.206250
1 0.457813 0.333333 0.196875 0.245833
1 0.728906 0.716667 0.167187 0.229167
1 0.682031 0.411458 0.173438 0.281250
1 0.139844 0.557292 0.132812 0.185417
1 0.135156 0.188542 0.120313 0.181250
1 0.895312 0.670833 0.184375 0.229167
1 0.301563 0.167708 0.181250 0.189583
