1 0.039062 0.333333 0.078125 0.229167
1 0.193750 0.753125 0.156250 0.181250
1 0.621094 0.033333 0.198437 0.066667
1 0.039844 0.716667 0.079687 0.183333
1 0.732031 0.869792 0.182812 0.218750
1 0.317188 0.412500 0.140625 0.208333
1 0.102344 0.958333 0.179688 0.083333
1 0.067188 0.113542 0.134375 0.227083
1 0.953906 0.569792 0.089063 0.256250
1 0.930469 0.892708 0.139063 0.197917
1 0.904688 0.044792 0.184375 0.089583
1 0.803906 0.196875 0.189063 0.272917
1 0.303125 0.248958 0.150000 0.193750
1 0.218750 0.423958 0.153125 0.206250
1 0.656250 0.188542 0.165625 0.252083
1 0.955469 0.302083 0.089063 0.237500
1 0.559375 0.144792 0.171875 0.210417
1 0.311719 0.835417 0.154688 0.220833
1 0.482812 0.389583 0.165625 0.195833
1 0.575781 0.900000 0.160938 0.179167
1 0.885156 0.676042 0.164062 0.206250
0 0.675781 0.592708 0.320312 0.406250
1 0.039062 0.333333 0.078125 0.229167
1 0.193750 0.753125 0.156250 0.181250
1 0.621094 0.033333 0.198437 0.066667
1 0.039844 0.716667 0.079687 0.183333
1 0.732031 0.869792 0.182812 0.218750
1 0.317188 0.412500 0.140625 0.208333
1 0.102344 0.958333 0.179688 0.083333
1 0.067188 0.113542 0.134375 0.227083
1 0.953906 0.569792 0.089063 0.256250
1 0.930469 0.892708 0.139063 0.197917
1 0.904688 0.044792 0.184375 0.089583
1 0.803906 0.196875 0.189063 0.272917
1 0.303125 0.248958 0.150000 0.193750
1 0.218750 0.423958 0.153125 0.206250
1 0.656250 0.188542 0.165625 0.252083
1 0.955469 0.302083 0.089063 0.237500
1 0.559375 0.144792 0.171875 0.210417
1 0.311719 0.835417 0.154688 0.220833
1 0.482812 0.389583 0.165625 0.195833
1 0.575781 0.900000 0.160938 0.179167
1 0.885156 0.676042 0.164062 0.206250
0 0.675781 0.592708 0.320312 0.406250
1 0.039062 0.333333 0.078125 0.229167
1 0.193750 0.753125 0.156250 0.181250
1 0.621094 0.033333 0.198437 0.066667
1 0.039844 0.716667 0.079687 0.183333
1 0.732031 0.869792 0.182812 0.218750
1 0.317188 0.412500 0.140625 0.208333
1 0.102344 0.958333 0.179688 0.083333
1 0.067188 0.113542 0.134375 0.227083
1 0.953906 0.569792 0.089063 0.256250
1 0.930469 0.892708 0.139063 0.197917
1 0.904688 0.044792 0.184375 0.089583
1 0.803906 0.196875 0.189063 0.272917
1 0.303125 0.248958 0.150000 0.193750
1 0.218750 0.423958 0.153125 0.206250
1 0.656250 0.188542 0.165625 0.252083
1 0.955469 0.302083 0.089063 0.237500
1 0.559375 0.144792 0.171875 0.210417
1 0.311719 0.835417 0.154688 0.220833
1 0.482812 0.389583 0.165625 0.195833
1 0.575781 0.900000 0.160938 0.179167
1 0.885156 0.676042 0.164062 0.206250
0 0.675781 0.592708 0.320312 0.406250
1 0.039062 0.333333 0.078125 0.229167
1 0.193750 0.753125 0.156250 0.181250
1 0.621094 0.033333 0.198437 0.066667
1 0.039844 0.716667 0.079687 0.183333
1 0.732031 0.869792 0.182812 0.218750
1 0.317188 0.412500 0.140625 0.208333
1 0.102344 0.958333 0.179688 0.083333
1 0.067188 0.113542 0.134375 0.227083
1 0.953906 0.569792 0.089063 0.256250
1 0.930469 0.892708 0.139063 0.197917
1 0.904688 0.044792 0.184375 0.089583
1 0.803906 0.196875 0.189063 0.272917
1 0.303125 0.248958 0.150000 0.193750
1 0.218750 0.423958 0.153125 0.206250
1 0.656250 0.188542 0.165625 0.252083
1 0.955469 0.302083 0.089063 0.237500
1 0.559375 0.144792 0.171875 0.210417
1 0.311719 0.835417 0.154688 0.220833
1 0.482812 0.389583 0.165625 0.195833
1 0.575781 0.900000 0.160938 0.179167
1 0.885156 0.676042 0.164062 0.206250
0 0.675781 0.592708 0.320312 0.406250
1 0.039062 0.333333 0.078125 0.229167
1 0.193750 0.753125 0.156250 0.181250
1 0.621094 0.033333 0.198437 0.066667
1 0.039844 0.716667 0.079687 0.183333
1 0.732031 0.869792 0.182812 0.218750
1 0.317188 0.412500 0.140625 0.208333
1 0.102344 0.958333 0.179688 0.083333
1 0.067188 0.113542 0.134375 0.227083
1 0.953906 0.569792 0.089063 0.256250
1 0.930469 0.892708 0.139063 0.197917
1 0.904688 0.044792 0.184375 0.089583
1 0.803906 0.196875 0.189063 0.272917
1 0.303125 0.248958 0.150000 0.193750
1 0.218750 0.423958 0.153125 0.206250
1 0.656250 0.188542 0.165625 0.252083
1 0.955469 0.302083 0.089063 0.237500
1 0.559375 0.144792 0.171875 0.210417
1 0.311719 0.835417 0.154688 0.220833
1 0.482812 0.389583 0.165625 0.195833
1 0.575781 0.900000 0.160938 0.179167
1 0.885156 0.676042 0.164062 0.206250
0 0.675781 0.592708 0.320312 0.406250
1 0.039062 0.333333 0.078125 0.229167
1 0.193750 0.753125 0.156250 0.181250
1 0.621094 0.033333 0.198437 0.066667
1 0.039844 0.716667 0.079687 0.183333
1 0.732031 0.869792 0.182812 0.218750
1 0.317188 0.412500 0.140625 0.208333
1 0.102344 0.958333 0.179688 0.083333
1 0.067188 0.113542 0.134375 0.227083
1 0.953906 0.569792 0.089063 0.256250
1 0.930469 0.892708 0.139063 0.197917
1 0.904688 0.044792 0.184375 0.089583
1 0.803906 0.196875 0.189063 0.272917
1 0.303125 0.248958 0.150000 0.193750
1 0.218750 0.423958 0.153125 0.206250
1 0.656250 0.188542 0.165625 0.252083
1 0.955469 0.302083 0.089063 0.237500
1 0.559375 0.144792 0.171875 0.210417
1 0.311719 0.835417 0.154688 0.220833
1 0.482812 0.389583 0.165625 0.195833
1 0.575781 0.900000 0.160938 0.179167
1 0.885156 0.676042 0.164062 0.206250
0 0.675781 0.592708 0.320312 0.406250
1 0.039062 0.333333 0.078125 0.229167
1 0.193750 0.753125 0.156250 0.181250
1 0.621094 0.033333 0.198437 0.066667
1 0.039844 0.716667 0.079687 0.183333
1 0.732031 0.869792 0.182812 0.218750
1 0.317188 0.412500 0.140625 0.208333
1 0.102344 0.958333 0.179688 0.083333
1 0.067188 0.113542 0.134375 0.227083
1 0.953906 0.569792 0.089063 0.256250
1 0.930469 0.892708 0.139063 0.197917
1 0.904688 0.044792 0.184375 0.089583
1 0.803906 0.196875 0.189063 0.272917
1 0.303125 0.248958 0.150000 0.193750
1 0.218750 0.423958 0.153125 0.206250
1 0.656250 0.188542 0.165625 0.252083
1 0.955469 0.302083 0.089063 0.237500
1 0.559375 0.144792 0.171875 0.210417
1 0.311719 0.835417 0.154688 0.220833
1 0.482812 0.389583 0.165625 0.195833
1 0.575781 0.900000 0.160938 0.179167
1 0.885156 0.676042 0.164062 0.206250
0 0.675781 0.592708 0.320312 0.406250
1 0.039062 0.333333 0.078125 0.229167
1 0.193750 0.753125 0.156250 0.181250
1 0.621094 0.033333 0.198437 0.066667
1 0.039844 0.716667 0.079687 0.183333
1 0.732031 0.869792 0.182812 0.218750
1 0.317188 0.412500 0.140625 0.208333
1 0.102344 0.958333 0.179688 0.083333
1 0.067188 0.113542 0.134375 0.227083
1 0.953906 0.569792 0.089063 0.256250
1 0.930469 0.892708 0.139063 0.197917
1 0.904688 0.044792 0.184375 0.089583
1 0.803906 0.196875 0.189063 0.272917
1 0.303125 0.248958 0.150000 0.193750
1 0.218750 0.423958 0.153125 0.206250
1 0.656250 0.188542 0.165625 0.252083
1 0.955469 0.302083 0.089063 0.237500
1 0.559375 0.144792 0.171875 0.210417
1 0.311719 0.835417 0.154688 0.220833
1 0.482812 0.389583 0.165625 0.195833
1 0.575781 0.900000 0.160938 0.179167
1 0.885156 0.676042 0.164062 0.206250
0 0.675781 0.592708 0.320312 0.406250
1 0.039062 0.333333 0.078125 0.229167
1 0.193750 0.753125 0.156250 0.181250
1 0.621094 0.033333 0.198437 0.066667
1 0.039844 0.716667 0.079687 0.183333
1 0.732031 0.869792 0.182812 0.218750
1 0.317188 0.412500 0.140625 0.208333
1 0.102344 0.958333 0.179688 0.083333
1 0.067188 0.113542 0.134375 0.227083
1 0.953906 0.569792 0.089063 0.256250
1 0.930469 0.892708 0.139063 0.197917
1 0.904688 0.044792 0.184375 0.089583
1 0.803906 0.196875 0.189063 0.272917
1 0.303125 0.248958 0.150000 0.193750
1 0.218750 0.423958 0.153125 0.206250
1 0.656250 0.188542 0.165625 0.252083
1 0.955469 0.302083 0.089063 0.237500
1 0.559375 0.144792 0.171875 0.210417
1 0.311719 0.835417 0.154688 0.220833
1 0.482812 0.389583 0.165625 0.195833
1 0.575781 0.900000 0.160938 0.179167
1 0.885156 0.676042 0.164062 0.206250
0 0.675781 0.592708 0.320312 0.406250
1 0.039062 0.333333 0.078125 0.229167
1 0.193750 0.753125 0.156250 0.181250
1 0.621094 0.033333 0.198437 0.066667
1 0.039844 0.716667 0.079687 0.183333
1 0.732031 0.869792 0.182812 0.218750
1 0.317188 0.412500 0.140625 0.208333
1 0.102344 0.958333 0.179688 0.083333
1 0.067188 0.113542 0.134375 0.227083
1 0.953906 0.569792 0.089063 0.256250
1 0.930469 0.892708 0.139063 0.197917
1 0.904688 0.044792 0.184375 0.089583
1 0.803906 0.196875 0.189063 0.272917
1 0.303125 0.248958 0.150000 0.193750
1 0.218750 0.423958 0.153125 0.206250
1 0.656250 0.188542 0.165625 0.252083
1 0.955469 0.302083 0.089063 0.237500
1 0.559375 0.144792 0.171875 0.210417
1 0.311719 0.835417 0.154688 0.220833
1 0.482812 0.389583 0.165625 0.195833
1 0.575781 0.900000 0.160938 0.179167
1 0.885156 0.676042 0.164062 0.206250
0 0.675781 0.592708 0.320312 0.406250
1 0.039062 0.333333 0.078125 0.229167
1 0.193750 0.753125 0.156250 0.181250
1 0.621094 0.033333 0.198437 0.066667
1 0.039844 0.716667 0.079687 0.183333
1 0.732031 0.869792 0.182812 0.218750
1 0.317188 0.412500 0.140625 0.208333
1 0.102344 0.958333 0.179688 0.083333
1 0.067188 0.113542 0.134375 0.227083
1 0.953906 0.569792 0.089063 0.256250
1 0.930469 0.892708 0.139063 0.197917
1 0.904688 0.044792 0.184375 0.089583
1 0.803906 0.196875 0.189063 0.272917
1 0.303125 0.248958 0.150000 0.193750
1 0.218750 0.423958 0.153125 0.206250
1 0.656250 0.188542 0.165625 0.252083
1 0.955469 0.302083 0.089063 0.237500
1 0.559375 0.144792 0.171875 0.210417
1 0.311719 0.835417 0.154688 0.220833
1 0.482812 0.389583 0.165625 0.195833
1 0.575781 0.900000 0.160938 0.179167
1 0.885156 0.676042 0.164062 0.206250
0 0.675781 0.592708 0.320312 0.406250
1 0.039062 0.333333 0.078125 0.229167
1 0.193750 0.753125 0.156250 0.181250
1 0.621094 0.033333 0.198437 0.066667
1 0.039844 0.716667 0.079687 0.183333
1 0.732031 0.869792 0.182812 0.218750
1 0.317188 0.412500 0.140625 0.208333
1 0.102344 0.958333 0.179688 0.083333
1 0.067188 0.113542 0.134375 0.227083
1 0.953906 0.569792 0.089063 0.256250
1 0.930469 0.892708 0.139063 0.197917
1 0.904688 0.044792 0.184375 0.089583
1 0.803906 0.196875 0.189063 0.272917
1 0.303125 0.248958 0.150000 0.193750
1 0.218750 0.423958 0.153125 0.206250
1 0.656250 0.188542 0.165625 0.252083
1 0.955469 0.302083 0.089063 0.237500
1 0.559375 0.144792 0.171875 0.210417
1 0.311719 0.835417 0.154688 0.220833
1 0.482812 0.389583 0.165625 0.195833
1 0.575781 0.900000 0.160938 0.179167
1 0.885156 0.676042 0.164062 0.206250
0 0.675781 0.592708 0.320312 0.406250
1 0.039062 0.333333 0.078125 0.229167
1 0.193750 0.753125 0.156250 0.181250
1 0.621094 0.033333 0.198437 0.066667
1 0.039844 0.716667 0.079687 0.183333
1 0.732031 0.869792 0.182812 0.218750
1 0.317188 0.412500 0.140625 0.208333
1 0.102344 0.958333 0.179688 0.083333
1 0.067188 0.113542 0.134375 0.227083
1 0.953906 0.569792 0.089063 0.256250
1 0.930469 0.892708 0.139063 0.197917
1 0.904688 0.044792 0.184375 0.089583
1 0.803906 0.196875 0.189063 0.272917
1 0.303125 0.248958 0.150000 0.193750
1 0.218750 0.423958 0.153125 0.206250
1 0.656250 0.188542 0.165625 0.252083
1 0.955469 0.302083 0.089063 0.237500
1 0.559375 0.144792 0.171875 0.210417
1 0.311719 0.835417 0.154688 0.220833
1 0.482812 0.389583 0.165625 0.195833
1 0.575781 0.900000 0.160938 0.179167
1 0.885156 0.676042 0.164062 0.206250
0 0.675781 0.592708 0.320312 0.406250
1 0.039062 0.333333 0.078125 0.229167
1 0.193750 0.753125 0.156250 0.181250
1 0.621094 0.033333 0.198437 0.066667
1 0.039844 0.716667 0.079687 0.183333
1 0.732031 0.869792 0.182812 0.218750
1 0.317188 0.412500 0.140625 0.208333
1 0.102344 0.958333 0.179688 0.083333
1 0.067188 0.113542 0.134375 0.227083
1 0.953906 0.569792 0.089063 0.256250
1 0.930469 0.892708 0.139063 0.197917
1 0.904688 0.044792 0.184375 0.089583
1 0.803906 0.196875 0.189063 0.272917
1 0.303125 0.248958 0.150000 0.193750
1 0.218750 0.423958 0.153125 0.206250
1 0.656250 0.188542 0.165625 0.252083
1 0.955469 0.302083 0.089063 0.237500
1 0.559375 0.144792 0.171875 0.210417
1 0.311719 0.835417 0.154688 0.220833
1 0.482812 0.389583 0.165625 0.195833
1 0.575781 0.900000 0.160938 0.179167
1 0.885156 0.676042 0.164062 0.206250
0 0.675781 0.592708 0.320312 0.406250
1 0.039062 0.333333 0.078125 0.229167
1 0.193750 0.753125 0.156250 0.181250
1 0.621094 0.033333 0.198437 0.066667
1 0.039844 0.716667 0.079687 0.183333
1 0.732031 0.869792 0.182812 0.218750
1 0.317188 0.412500 0.140625 0.208333
1 0.102344 0.958333 0.179688 0.083333
1 0.067188 0.113542 0.134375 0.227083
1 0.953906 0.569792 0.089063 0.256250
1 0.930469 0.892708 0.139063 0.197917
1 0.904688 0.044792 0.184375 0.089583
1 0.803906 0.196875 0.189063 0.272917
1 0.303125 0.248958 0.150000 0.193750
1 0.218750 0.423958 0.153125 0.206250
1 0.656250 0.188542 0.165625 0.252083
1 0.955469 0.302083 0.089063 0.237500
1 0.559375 0.144792 0.171875 0.210417
1 0.311719 0.835417 0.154688 0.220833
1 0.482812 0.389583 0.165625 0.195833
1 0.575781 0.900000 0.160938 0.179167
1 0.885156 0.676042 0.164062 0.206250
0 0.675781 0.592708 0.320312 0.406250
1 0.039062 0.333333 0.078125 0.229167
1 0.193750 0.753125 0.156250 0.181250
1 0.621094 0.033333 0.198437 0.066667
1 0.039844 0.716667 0.079687 0.183333
1 0.732031 0.869792 0.182812 0.218750
1 0.317188 0.412500 0.140625 0.208333
1 0.102344 0.958333 0.179688 0.083333
1 0.067188 0.113542 0.134375 0.227083
1 0.953906 0.569792 0.089063 0.256250
1 0.930469 0.892708 0.139063 0.197917
1 0.904688 0.044792 0.184375 0.089583
1 0.803906 0.196875 0.189063 0.272917
1 0.303125 0.248958 0.150000 0.193750
1 0.218750 0.423958 0.153125 0.206250
1 0.656250 0.188542 0.165625 0.252083
1 0.955469 0.302083 0.089063 0.237500
1 0.559375 0.144792 0.171875 0.210417
1 0.311719 0.835417 0.154688 0.220833
1 0.482812 0.389583 0.165625 0.195833
1 0.575781 0.900000 0.160938 0.179167
1 0.885156 0.676042 0.164062 0.206250
0 0.675781 0.592708 0.320312 0.406250
1 0.039062 0.333333 0.078125 0.229167
1 0.193750 0.753125 0.156250 0.181250
1 0.621094 0.033333 0.198437 0.066667
1 0.039844 0.716667 0.079687 0.183333
1 0.732031 0.869792 0.182812 0.218750
1 0.317188 0.412500 0.140625 0.208333
1 0.102344 0.958333 0.179688 0.083333
1 0.067188 0.113542 0.134375 0.227083
1 0.953906 0.569792 0.089063 0.256250
1 0.930469 0.892708 0.139063 0.197917
1 0.904688 0.044792 0.184375 0.089583
1 0.803906 0.196875 0.189063 0.272917
1 0.303125 0.248958 0.150000 0.193750
1 0.218750 0.423958 0.153125 0.206250
1 0.656250 0.188542 0.165625 0.252083
1 0.955469 0.302083 0.089063 0.237500
1 0.559375 0.144792 0.171875 0.210417
1 0.311719 0.835417 0.154688 0.220833
1 0.482812 0.389583 0.165625 0.195833
1 0.575781 0.900000 0.160938 0.179167
1 0.885156 0.676042 0.164062 0.206250
0 0.675781 0.592708 0.320312 0.406250
1 0.039062 0.333333 0.078125 0.229167
1 0.193750 0.753125 0.156250 0.181250
1 0.621094 0.033333 0.198437 0.066667
1 0.039844 0.716667 0.079687 0.183333
1 0.732031 0.869792 0.182812 0.218750
1 0.317188 0.412500 0.140625 0.208333
1 0.102344 0.958333 0.179688 0.083333
1 0.067188 0.113542 0.134375 0.227083
1 0.953906 0.569792 0.089063 0.256250
1 0.930469 0.892708 0.139063 0.197917
1 0.904688 0.044792 0.184375 0.089583
1 0.803906 0.196875 0.189063 0.272917
1 0.303125 0.248958 0.150000 0.193750
1 0.218750 0.423958 0.153125 0.206250
1 0.656250 0.188542 0.165625 0.252083
1 0.955469 0.302083 0.089063 0.237500
1 0.559375 0.144792 0.171875 0.210417
1 0.311719 0.835417 0.154688 0.220833
1 0.482812 0.389583 0.165625 0.195833
1 0.575781 0.900000 0.160938 0.179167
1 0.885156 0.676042 0.164062 0.206250
0 0.675781 0.592708 0.320312 0.406250
1 0.039062 0.333333 0.078125 0.229167
1 0.193750 0.753125 0.156250 0.181250
1 0.621094 0.033333 0.198437 0.066667
1 0.039844 0.716667 0.079687 0.183333
1 0.732031 0.869792 0.182812 0.218750
1 0.317188 0.412500 0.140625 0.208333
1 0.102344 0.958333 0.179688 0.083333
1 0.067188 0.113542 0.134375 0.227083
1 0.953906 0.569792 0.089063 0.256250
1 0.930469 0.892708 0.139063 0.197917
1 0.904688 0.044792 0.184375 0.089583
1 0.803906 0.196875 0.189063 0.272917
1 0.303125 0.248958 0.150000 0.193750
1 0.218750 0.423958 0.153125 0.206250
1 0.656250 0.188542 0.165625 0.252083
1 0.955469 0.302083 0.089063 0.237500
1 0.559375 0.144792 0.171875 0.210417
1 0.311719 0.835417 0.154688 0.220833
1 0.482812 0.389583 0.165625 0.195833
1 0.575781 0.900000 0.160938 0.179167
1 0.885156 0.676042 0.164062 0.206250
0 0.675781 0.592708 0.320312 0.406250
1 0.039062 0.333333 0.078125 0.229167
1 0.193750 0.753125 0.156250 0.181250
1 0.621094 0.033333 0.198437 0.066667
1 0.039844 0.716667 0.079687 0.183333
1 0.732031 0.869792 0.182812 0.218750
1 0.317188 0.412500 0.140625 0.208333
1 0.102344 0.958333 0.179688 0.083333
1 0.067188 0.113542 0.134375 0.227083
1 0.953906 0.569792 0.089063 0.256250
1 0.930469 0.892708 0.139063 0.197917
1 0.904688 0.044792 0.184375 0.089583
1 0.803906 0.196875 0.189063 0.272917
1 0.303125 0.248958 0.150000 0.193750
1 0.218750 0.423958 0.153125 0.206250
1 0.656250 0.188542 0.165625 0.252083
1 0.955469 0.302083 0.089063 0.237500
1 0.559375 0.144792 0.171875 0.210417
1 0.311719 0.835417 0.154688 0.220833
1 0.482812 0.389583 0.165625 0.195833
1 0.575781 0.900000 0.160938 0.179167
1 0.885156 0.676042 0.164062 0.206250
0 0.675781 0.592708 0.320312 0.406250
1 0.039062 0.333333 0.078125 0.229167
1 0.193750 0.753125 0.156250 0.181250
1 0.621094 0.033333 0.198437 0.066667
1 0.039844 0.716667 0.079687 0.183333
1 0.732031 0.869792 0.182812 0.218750
1 0.317188 0.412500 0.140625 0.208333
1 0.102344 0.958333 0.179688 0.083333
1 0.067188 0.113542 0.134375 0.227083
1 0.953906 0.569792 0.089063 0.256250
1 0.930469 0.892708 0.139063 0.197917
1 0.904688 0.044792 0.184375 0.089583
1 0.803906 0.196875 0.189063 0.272917
1 0.303125 0.248958 0.150000 0.193750
1 0.218750 0.423958 0.153125 0.206250
1 0.656250 0.188542 0.165625 0.252083
1 0.955469 0.302083 0.089063 0.237500
1 0.559375 0.144792 0.171875 0.210417
1 0.311719 0.835417 0.154688 0.220833
1 0.482812 0.389583 0.165625 0.195833
1 0.575781 0.900000 0.160938 0.179167
1 0.885156 0.676042 0.164062 0.206250
0 0.675781 0.592708 0.320312 0.406250
1 0.039062 0.333333 0.078125 0.229167
1 0.193750 0.753125 0.156250 0.181250
1 0.621094 0.033333 0.198437 0.066667
1 0.039844 0.716667 0.079687 0.183333
1 0.732031 0.869792 0.182812 0.218750
1 0.317188 0.412500 0.140625 0.208333
1 0.102344 0.958333 0.179688 0.083333
1 0.067188 0.113542 0.134375 0.227083
1 0.953906 0.569792 0.089063 0.256250
1 0.930469 0.892708 0.139063 0.197917
1 0.904688 0.044792 0.184375 0.089583
1 0.803906 0.196875 0.189063 0.272917
1 0.303125 0.248958 0.150000 0.193750
1 0.218750 0.423958 0.153125 0.206250
1 0.656250 0.188542 0.165625 0.252083
1 0.955469 0.302083 0.089063 0.237500
1 0.559375 0.144792 0.171875 0.210417
1 0.311719 0.835417 0.154688 0.220833
1 0.482812 0.389583 0.165625 0.195833
1 0.575781 0.900000 0.160938 0.179167
1 0.885156 0.676042 0.164062 0.206250
0 0.675781 0.592708 0.320312 0.406250
