1 0.304688 0.021875 0.184375 0.043750
1 0.092969 0.038542 0.173438 0.077083
1 0.346094 0.396875 0.160938 0.214583
2 0.850781 0.980208 0.051562 0.039583
1 0.082813 0.966667 0.146875 0.066667
1 0.976562 0.637500 0.046875 0.245833
1 0.959375 0.965625 0.081250 0.068750
1 0.264062 0.544792 0.140625 0.206250
1 0.421875 0.488542 0.165625 0.214583
2 0.893750 0.919792 0.068750 0.085417
1 0.850781 0.042708 0.167187 0.085417
1 0.042969 0.631250 0.085938 0.233333
1 0.299219 0.164583 0.201563 0.220833
1 0.510156 0.043750 0.179688 0.087500
1 0.952344 0.328125 0.089063 0.231250
2 0.078125 0.441667 0.071875 0.091667
1 0.938281 0.079167 0.120313 0.158333
2 0.343750 0.919792 0.078125 0.085417
1 0.373437 0.778125 0.187500 0.214583
1 0.110937 0.269792 0.196875 0.252083
1 0.925000 0.806250 0.150000 0.183333
0 0.571875 0.258333 0.331250 0.416667
1 0.304688 0.021875 0.184375 0.043750
1 0.092969 0.038542 0.173438 0.077083
1 0.346094 0.396875 0.160938 0.214583
2 0.850781 0.980208 0.051562 0.039583
1 0.082813 0.966667 0.146875 0.066667
1 0.976562 0.637500 0.046875 0.245833
1 0.959375 0.965625 0.081250 0.068750
1 0.264062 0.544792 0.140625 0.206250
1 0.421875 0.488542 0.165625 0.214583
2 0.893750 0.919792 0.068750 0.085417
1 0.850781 0.042708 0.167187 0.085417
1 0.042969 0.631250 0.085938 0.233333
1 0.299219 0.164583 0.201563 0.220833
1 0.510156 0.043750 0.179688 0.087500
1 0.952344 0.328125 0.089063 0.231250
2 0.078125 0.441667 0.071875 0.091667
1 0.938281 0.079167 0.120313 0.158333
2 0.343750 0.919792 0.078125 0.085417
1 0.373437 0.778125 0.187500 0.214583
1 0.110937 0.269792 0.196875 0.252083
1 0.925000 0.806250 0.150000 0.183333
0 0.571875 0.258333 0.331250 0.416667
1 0.304688 0.021875 0.184375 0.043750
1 0.092969 0.038542 0.173438 0.077083
1 0.346094 0.396875 0.160938 0.214583
2 0.850781 0.980208 0.051562 0.039583
1 0.082813 0.966667 0.146875 0.066667
1 0.976562 0.637500 0.046875 0.245833
1 0.959375 0.965625 0.081250 0.068750
1 0.264062 0.544792 0.140625 0.206250
1 0.421875 0.488542 0.165625 0.214583
2 0.893750 0.919792 0.068750 0.085417
1 0.850781 0.042708 0.167187 0.085417
1 0.042969 0.631250 0.085938 0.233333
1 0.299219 0.164583 0.201563 0.220833
1 0.510156 0.043750 0.179688 0.087500
1 0.952344 0.328125 0.089063 0.231250
2 0.078125 0.441667 0.071875 0.091667
1 0.938281 0.079167 0.120313 0.158333
2 0.343750 0.919792 0.078125 0.085417
1 0.373437 0.778125 0.187500 0.214583
1 0.110937 0.269792 0.196875 0.252083
1 0.925000 0.806250 0.150000 0.183333
0 0.571875 0.258333 0.331250 0.416667
1 0.304688 0.021875 0.184375 0.043750
1 0.092969 0.038542 0.173438 0.077083
1 0.346094 0.396875 0.160938 0.214583
2 0.850781 0.980208 0.051562 0.039583
1 0.082813 0.966667 0.146875 0.066667
1 0.976562 0.637500 0.046875 0.245833
1 0.959375 0.965625 0.081250 0.068750
1 0.264062 0.544792 0.140625 0.206250
1 0.421875 0.488542 0.165625 0.214583
2 0.893750 0.919792 0.068750 0.085417
1 0.850781 0.042708 0.167187 0.085417
1 0.042969 0.631250 0.085938 0.233333
1 0.299219 0.164583 0.201563 0.220833
1 0.510156 0.043750 0.179688 0.087500
1 0.952344 0.328125 0.089063 0.231250
2 0.078125 0.441667 0.071875 0.091667
1 0.938281 0.079167 0.120313 0.158333
2 0.343750 0.919792 0.078125 0.085417
1 0.373437 0.778125 0.187500 0.214583
1 0.110937 0.269792 0.196875 0.252083
1 0.925000 0.806250 0.150000 0.183333
0 0.571875 0.258333 0.331250 0.416667
1 0.304688 0.021875 0.184375 0.043750
1 0.092969 0.038542 0.173438 0.077083
1 0.346094 0.396875 0.160938 0.214583
2 0.850781 0.980208 0.051562 0.039583
1 0.082813 0.966667 0.146875 0.066667
1 0.976562 0.637500 0.046875 0.245833
1 0.959375 0.965625 0.081250 0.068750
1 0.264062 0.544792 0.140625 0.206250
1 0.421875 0.488542 0.165625 0.214583
2 0.893750 0.919792 0.068750 0.085417
1 0.850781 0.042708 0.167187 0.085417
1 0.042969 0.631250 0.085938 0.233333
1 0.299219 0.164583 0.201563 0.220833
1 0.510156 0.043750 0.179688 0.087500
1 0.952344 0.328125 0.089063 0.231250
2 0.078125 0.441667 0.071875 0.091667
1 0.938281 0.079167 0.120313 0.158333
2 0.343750 0.919792 0.078125 0.085417
1 0.373437 0.778125 0.187500 0.214583
1 0.110937 0.269792 0.196875 0.252083
1 0.925000 0.806250 0.150000 0.183333
0 0.571875 0.258333 0.331250 0.416667
1 0.304688 0.021875 0.184375 0.043750
1 0.092969 0.038542 0.173438 0.077083
1 0.346094 0.396875 0.160938 0.214583
2 0.850781 0.980208 0.051562 0.039583
1 0.082813 0.966667 0.146875 0.066667
1 0.976562 0.637500 0.046875 0.245833
1 0.959375 0.965625 0.081250 0.068750
1 0.264062 0.544792 0.140625 0.206250
1 0.421875 0.488542 0.165625 0.214583
2 0.893750 0.919792 0.068750 0.085417
1 0.850781 0.042708 0.167187 0.085417
1 0.042969 0.631250 0.085938 0.233333
1 0.299219 0.164583 0.201563 0.220833
1 0.510156 0.043750 0.179688 0.087500
1 0.952344 0.328125 0.089063 0.231250
2 0.078125 0.441667 0.071875 0.091667
1 0.938281 0.079167 0.120313 0.158333
2 0.343750 0.919792 0.078125 0.085417
1 0.373437 0.778125 0.187500 0.214583
1 0.110937 0.269792 0.196875 0.252083
1 0.925000 0.806250 0.150000 0.183333
0 0.571875 0.258333 0.331250 0.416667
1 0.304688 0.021875 0.184375 0.043750
1 0.092969 0.038542 0.173438 0.077083
1 0.346094 0.396875 0.160938 0.214583
2 0.850781 0.980208 0.051562 0.039583
1 0.082813 0.966667 0.146875 0.066667
1 0.976562 0.637500 0.046875 0.245833
1 0.959375 0.965625 0.081250 0.068750
1 0.264062 0.544792 0.140625 0.206250
1 0.421875 0.488542 0.165625 0.214583
2 0.893750 0.919792 0.068750 0.085417
1 0.850781 0.042708 0.167187 0.085417
1 0.042969 0.631250 0.085938 0.233333
1 0.299219 0.164583 0.201563 0.220833
1 0.510156 0.043750 0.179688 0.087500
1 0.952344 0.328125 0.089063 0.231250
2 0.078125 0.441667 0.071875 0.091667
1 0.938281 0.079167 0.120313 0.158333
2 0.343750 0.919792 0.078125 0.085417
1 0.373437 0.778125 0.187500 0.214583
1 0.110937 0.269792 0.196875 0.252083
1 0.925000 0.806250 0.150000 0.183333
0 0.571875 0.258333 0.331250 0.416667
1 0.304688 0.021875 0.184375 0.043750
1 0.092969 0.038542 0.173438 0.077083
1 0.346094 0.396875 0.160938 0.214583
2 0.850781 0.980208 0.051562 0.039583
1 0.082813 0.966667 0.146875 0.066667
1 0.976562 0.637500 0.046875 0.245833
1 0.959375 0.965625 0.081250 0.068750
1 0.264062 0.544792 0.140625 0.206250
1 0.421875 0.488542 0.165625 0.214583
2 0.893750 0.919792 0.068750 0.085417
1 0.850781 0.042708 0.167187 0.085417
1 0.042969 0.631250 0.085938 0.233333
1 0.299219 0.164583 0.201563 0.220833
1 0.510156 0.043750 0.179688 0.087500
1 0.952344 0.328125 0.089063 0.231250
2 0.078125 0.441667 0.071875 0.091667
1 0.938281 0.079167 0.120313 0.158333
2 0.343750 0.919792 0.078125 0.085417
1 0.373437 0.778125 0.187500 0.214583
1 0.110937 0.269792 0.196875 0.252083
1 0.925000 0.806250 0.150000 0.183333
0 0.571875 0.258333 0.331250 0.416667
1 0.304688 0.021875 0.184375 0.043750
1 0.092969 0.038542 0.173438 0.077083
1 0.346094 0.396875 0.160938 0.214583
2 0.850781 0.980208 0.051562 0.039583
1 0.082813 0.966667 0.146875 0.066667
1 0.976562 0.637500 0.046875 0.245833
1 0.959375 0.965625 0.081250 0.068750
1 0.264062 0.544792 0.140625 0.206250
1 0.421875 0.488542 0.165625 0.214583
2 0.893750 0.919792 0.068750 0.085417
1 0.850781 0.042708 0.167187 0.085417
1 0.042969 0.631250 0.085938 0.233333
1 0.299219 0.164583 0.201563 0.220833
1 0.510156 0.043750 0.179688 0.087500
1 0.952344 0.328125 0.089063 0.231250
2 0.078125 0.441667 0.071875 0.091667
1 0.938281 0.079167 0.120313 0.158333
2 0.343750 0.919792 0.078125 0.085417
1 0.373437 0.778125 0.187500 0.214583
1 0.110937 0.269792 0.196875 0.252083
1 0.925000 0.806250 0.150000 0.183333
0 0.571875 0.258333 0.331250 0.416667
1 0.304688 0.021875 0.184375 0.043750
1 0.092969 0.038542 0.173438 0.077083
1 0.346094 0.396875 0.160938 0.214583
2 0.850781 0.980208 0.051562 0.039583
1 0.082813 0.966667 0.146875 0.066667
1 0.976562 0.637500 0.046875 0.245833
1 0.959375 0.965625 0.081250 0.068750
1 0.264062 0.544792 0.140625 0.206250
1 0.421875 0.488542 0.165625 0.214583
2 0.893750 0.919792 0.068750 0.085417
1 0.850781 0.042708 0.167187 0.085417
1 0.042969 0.631250 0.085938 0.233333
1 0.299219 0.164583 0.201563 0.220833
1 0.510156 0.043750 0.179688 0.087500
1 0.952344 0.328125 0.089063 0.231250
2 0.078125 0.441667 0.071875 0.091667
1 0.938281 0.079167 0.120313 0.158333
2 0.343750 0.919792 0.078125 0.085417
1 0.373437 0.778125 0.187500 0.214583
1 0.110937 0.269792 0.196875 0.252083
1 0.925000 0.806250 0.150000 0.183333
0 0.571875 0.258333 0.331250 0.416667
1 0.304688 0.021875 0.184375 0.043750
1 0.092969 0.038542 0.173438 0.077083
1 0.346094 0.396875 0.160938 0.214583
2 0.850781 0.980208 0.051562 0.039583
1 0.082813 0.966667 0.146875 0.066667
1 0.976562 0.637500 0.046875 0.245833
1 0.959375 0.965625 0.081250 0.068750
1 0.264062 0.544792 0.140625 0.206250
1 0.421875 0.488542 0.165625 0.214583
2 0.893750 0.919792 0.068750 0.085417
1 0.850781 0.042708 0.167187 0.085417
1 0.042969 0.631250 0.085938 0.233333
1 0.299219 0.164583 0.201563 0.220833
1 0.510156 0.043750 0.179688 0.087500
1 0.952344 0.328125 0.089063 0.231250
2 0.078125 0.441667 0.071875 0.091667
1 0.938281 0.079167 0.120313 0.158333
2 0.343750 0.919792 0.078125 0.085417
1 0.373437 0.778125 0.187500 0.214583
1 0.110937 0.269792 0.196875 0.252083
1 0.925000 0.806250 0.150000 0.183333
0 0.571875 0.258333 0.331250 0.416667
1 0.304688 0.021875 0.184375 0.043750
1 0.092969 0.038542 0.173438 0.077083
1 0.346094 0.396875 0.160938 0.214583
2 0.850781 0.980208 0.051562 0.039583
1 0.082813 0.966667 0.146875 0.066667
1 0.976562 0.637500 0.046875 0.245833
1 0.959375 0.965625 0.081250 0.068750
1 0.264062 0.544792 0.140625 0.206250
1 0.421875 0.488542 0.165625 0.214583
2 0.893750 0.919792 0.068750 0.085417
1 0.850781 0.042708 0.167187 0.085417
1 0.042969 0.631250 0.085938 0.233333
1 0.299219 0.164583 0.201563 0.220833
1 0.510156 0.043750 0.179688 0.087500
1 0.952344 0.328125 0.089063 0.231250
2 0.078125 0.441667 0.071875 0.091667
1 0.938281 0.079167 0.120313 0.158333
2 0.343750 0.919792 0.078125 0.085417
1 0.373437 0.778125 0.187500 0.214583
1 0.110937 0.269792 0.196875 0.252083
1 0.925000 0.806250 0.150000 0.183333
0 0.571875 0.258333 0.331250 0.416667
1 0.304688 0.021875 0.184375 0.043750
1 0.092969 0.038542 0.173438 0.077083
1 0.346094 0.396875 0.160938 0.214583
2 0.850781 0.980208 0.051562 0.039583
1 0.082813 0.966667 0.146875 0.066667
1 0.976562 0.637500 0.046875 0.245833
1 0.959375 0.965625 0.081250 0.068750
1 0.264062 0.544792 0.140625 0.206250
1 0.421875 0.488542 0.165625 0.214583
2 0.893750 0.919792 0.068750 0.085417
1 0.850781 0.042708 0.167187 0.085417
1 0.042969 0.631250 0.085938 0.233333
1 0.299219 0.164583 0.201563 0.220833
1 0.510156 0.043750 0.179688 0.087500
1 0.952344 0.328125 0.089063 0.231250
2 0.078125 0.441667 0.071875 0.091667
1 0.938281 0.079167 0.120313 0.158333
2 0.343750 0.919792 0.078125 0.085417
1 0.373437 0.778125 0.187500 0.214583
1 0.110937 0.269792 0.196875 0.252083
1 0.925000 0.806250 0.150000 0.183333
0 0.571875 0.258333 0.331250 0.416667
1 0.304688 0.021875 0.184375 0.043750
1 0.092969 0.038542 0.173438 0.077083
1 0.346094 0.396875 0.160938 0.214583
2 0.850781 0.980208 0.051562 0.039583
1 0.082813 0.966667 0.146875 0.066667
1 0.976562 0.637500 0.046875 0.245833
1 0.959375 0.965625 0.081250 0.068750
1 0.264062 0.544792 0.140625 0.206250
1 0.421875 0.488542 0.165625 0.214583
2 0.893750 0.919792 0.068750 0.085417
1 0.850781 0.042708 0.167187 0.085417
1 0.042969 0.631250 0.085938 0.233333
1 0.299219 0.164583 0.201563 0.220833
1 0.510156 0.043750 0.179688 0.087500
1 0.952344 0.328125 0.089063 0.231250
2 0.078125 0.441667 0.071875 0.091667
1 0.938281 0.079167 0.120313 0.158333
2 0.343750 0.919792 0.078125 0.085417
1 0.373437 0.778125 0.187500 0.214583
1 0.110937 0.269792 0.196875 0.252083
1 0.925000 0.806250 0.150000 0.183333
0 0.571875 0.258333 0.331250 0.416667
1 0.304688 0.021875 0.184375 0.043750
1 0.092969 0.038542 0.173438 0.077083
1 0.346094 0.396875 0.160938 0.214583
2 0.850781 0.980208 0.051562 0.039583
1 0.082813 0.966667 0.146875 0.066667
1 0.976562 0.637500 0.046875 0.245833
1 0.959375 0.965625 0.081250 0.068750
1 0.264062 0.544792 0.140625 0.206250
1 0.421875 0.488542 0.165625 0.214583
2 0.893750 0.919792 0.068750 0.085417
1 0.850781 0.042708 0.167187 0.085417
1 0.042969 0.631250 0.085938 0.233333
1 0.299219 0.164583 0.201563 0.220833
1 0.510156 0.043750 0.179688 0.087500
1 0.952344 0.328125 0.089063 0.231250
2 0.078125 0.441667 0.071875 0.091667
1 0.938281 0.079167 0.120313 0.158333
2 0.343750 0.919792 0.078125 0.085417
1 0.373437 0.778125 0.187500 0.214583
1 0.110937 0.269792 0.196875 0.252083
1 0.925000 0.806250 0.150000 0.183333
0 0.571875 0.258333 0.331250 0.416667
1 0.304688 0.021875 0.184375 0.043750
1 0.092969 0.038542 0.173438 0.077083
1 0.346094 0.396875 0.160938 0.214583
2 0.850781 0.980208 0.051562 0.039583
1 0.082813 0.966667 0.146875 0.066667
1 0.976562 0.637500 0.046875 0.245833
1 0.959375 0.965625 0.081250 0.068750
1 0.264062 0.544792 0.140625 0.206250
1 0.421875 0.488542 0.165625 0.214583
2 0.893750 0.919792 0.068750 0.085417
1 0.850781 0.042708 0.167187 0.085417
1 0.042969 0.631250 0.085938 0.233333
1 0.299219 0.164583 0.201563 0.220833
1 0.510156 0.043750 0.179688 0.087500
1 0.952344 0.328125 0.089063 0.231250
2 0.078125 0.441667 0.071875 0.091667
1 0.938281 0.079167 0.120313 0.158333
2 0.343750 0.919792 0.078125 0.085417
1 0.373437 0.778125 0.187500 0.214583
1 0.110937 0.269792 0.196875 0.252083
1 0.925000 0.806250 0.150000 0.183333
0 0.571875 0.258333 0.331250 0.416667
1 0.304688 0.021875 0.184375 0.043750
1 0.092969 0.038542 0.173438 0.077083
1 0.346094 0.396875 0.160938 0.214583
2 0.850781 0.980208 0.051562 0.039583
1 0.082813 0.966667 0.146875 0.066667
1 0.976562 0.637500 0.046875 0.245833
1 0.959375 0.965625 0.081250 0.068750
1 0.264062 0.544792 0.140625 0.206250
1 0.421875 0.488542 0.165625 0.214583
2 0.893750 0.919792 0.068750 0.085417
1 0.850781 0.042708 0.167187 0.085417
1 0.042969 0.631250 0.085938 0.233333
1 0.299219 0.164583 0.201563 0.220833
1 0.510156 0.043750 0.179688 0.087500
1 0.952344 0.328125 0.089063 0.231250
2 0.078125 0.441667 0.071875 0.091667
1 0.938281 0.079167 0.120313 0.158333
2 0.343750 0.919792 0.078125 0.085417
1 0.373437 0.778125 0.187500 0.214583
1 0.110937 0.269792 0.196875 0.252083
1 0.925000 0.806250 0.150000 0.183333
0 0.571875 0.258333 0.331250 0.416667
1 0.304688 0.021875 0.184375 0.043750
1 0.092969 0.038542 0.173438 0.077083
1 0.346094 0.396875 0.160938 0.214583
2 0.850781 0.980208 0.051562 0.039583
1 0.082813 0.966667 0.146875 0.066667
1 0.976562 0.637500 0.046875 0.245833
1 0.959375 0.965625 0.081250 0.068750
1 0.264062 0.544792 0.140625 0.206250
1 0.421875 0.488542 0.165625 0.214583
2 0.893750 0.919792 0.068750 0.085417
1 0.850781 0.042708 0.167187 0.085417
1 0.042969 0.631250 0.085938 0.233333
1 0.299219 0.164583 0.201563 0.220833
1 0.510156 0.043750 0.179688 0.087500
1 0.952344 0.328125 0.089063 0.231250
2 0.078125 0.441667 0.071875 0.091667
1 0.938281 0.079167 0.120313 0.158333
2 0.343750 0.919792 0.078125 0.085417
1 0.373437 0.778125 0.187500 0.214583
1 0.110937 0.269792 0.196875 0.252083
1 0.925000 0.806250 0.150000 0.183333
0 0.571875 0.258333 0.331250 0.416667
1 0.304688 0.021875 0.184375 0.043750
1 0.092969 0.038542 0.173438 0.077083
1 0.346094 0.396875 0.160938 0.214583
2 0.850781 0.980208 0.051562 0.039583
1 0.082813 0.966667 0.146875 0.066667
1 0.976562 0.637500 0.046875 0.245833
1 0.959375 0.965625 0.081250 0.068750
1 0.264062 0.544792 0.140625 0.206250
1 0.421875 0.488542 0.165625 0.214583
2 0.893750 0.919792 0.068750 0.085417
1 0.850781 0.042708 0.167187 0.085417
1 0.042969 0.631250 0.085938 0.233333
1 0.299219 0.164583 0.201563 0.220833
1 0.510156 0.043750 0.179688 0.087500
1 0.952344 0.328125 0.089063 0.231250
2 0.078125 0.441667 0.071875 0.091667
1 0.938281 0.079167 0.120313 0.158333
2 0.343750 0.919792 0.078125 0.085417
1 0.373437 0.778125 0.187500 0.214583
1 0.110937 0.269792 0.196875 0.252083
1 0.925000 0.806250 0.150000 0.183333
0 0.571875 0.258333 0.331250 0.416667
1 0.304688 0.021875 0.184375 0.043750
1 0.092969 0.038542 0.173438 0.077083
1 0.346094 0.396875 0.160938 0.214583
2 0.850781 0.980208 0.051562 0.039583
1 0.082813 0.966667 0.146875 0.066667
1 0.976562 0.637500 0.046875 0.245833
1 0.959375 0.965625 0.081250 0.068750
1 0.264062 0.544792 0.140625 0.206250
1 0.421875 0.488542 0.165625 0.214583
2 0.893750 0.919792 0.068750 0.085417
1 0.850781 0.042708 0.167187 0.085417
1 0.042969 0.631250 0.085938 0.233333
1 0.299219 0.164583 0.201563 0.220833
1 0.510156 0.043750 0.179688 0.087500
1 0.952344 0.328125 0.089063 0.231250
2 0.078125 0.441667 0.071875 0.091667
1 0.938281 0.079167 0.120313 0.158333
2 0.343750 0.919792 0.078125 0.085417
1 0.373437 0.778125 0.187500 0.214583
1 0.110937 0.269792 0.196875 0.252083
1 0.925000 0.806250 0.150000 0.183333
0 0.571875 0.258333 0.331250 0.416667
1 0.304688 0.021875 0.184375 0.043750
1 0.092969 0.038542 0.173438 0.077083
1 0.346094 0.396875 0.160938 0.214583
2 0.850781 0.980208 0.051562 0.039583
1 0.082813 0.966667 0.146875 0.066667
1 0.976562 0.637500 0.046875 0.245833
1 0.959375 0.965625 0.081250 0.068750
1 0.264062 0.544792 0.140625 0.206250
1 0.421875 0.488542 0.165625 0.214583
2 0.893750 0.919792 0.068750 0.085417
1 0.850781 0.042708 0.167187 0.085417
1 0.042969 0.631250 0.085938 0.233333
1 0.299219 0.164583 0.201563 0.220833
1 0.510156 0.043750 0.179688 0.087500
1 0.952344 0.328125 0.089063 0.231250
2 0.078125 0.441667 0.071875 0.091667
1 0.938281 0.079167 0.120313 0.158333
2 0.343750 0.919792 0.078125 0.085417
1 0.373437 0.778125 0.187500 0.214583
1 0.110937 0.269792 0.196875 0.252083
1 0.925000 0.806250 0.150000 0.183333
0 0.571875 0.258333 0.331250 0.416667
1 0.304688 0.021875 0.184375 0.043750
1 0.092969 0.038542 0.173438 0.077083
1 0.346094 0.396875 0.160938 0.214583
2 0.850781 0.980208 0.051562 0.039583
1 0.082813 0.966667 0.146875 0.066667
1 0.976562 0.637500 0.046875 0.245833
1 0.959375 0.965625 0.081250 0.068750
1 0.264062 0.544792 0.140625 0.206250
1 0.421875 0.488542 0.165625 0.214583
2 0.893750 0.919792 0.068750 0.085417
1 0.850781 0.042708 0.167187 0.085417
1 0.042969 0.631250 0.085938 0.233333
1 0.299219 0.164583 0.201563 0.220833
1 0.510156 0.043750 0.179688 0.087500
1 0.952344 0.328125 0.089063 0.231250
2 0.078125 0.441667 0.071875 0.091667
1 0.938281 0.079167 0.120313 0.158333
2 0.343750 0.919792 0.078125 0.085417
1 0.373437 0.778125 0.187500 0.214583
1 0.110937 0.269792 0.196875 0.252083
1 0.925000 0.806250 0.150000 0.183333
0 0.571875 0.258333 0.331250 0.416667
