1 0.964063 0.842708 0.071875 0.197917
1 0.032813 0.185417 0.065625 0.266667
1 0.562500 0.038542 0.175000 0.077083
1 0.236719 0.388542 0.160938 0.222917
1 0.821875 0.095833 0.218750 0.191667
1 0.139844 0.934375 0.182812 0.131250
1 0.667188 0.217708 0.159375 0.210417
1 0.950781 0.346875 0.098438 0.231250
1 0.340625 0.857292 0.143750 0.214583
1 0.403906 0.504167 0.167187 0.204167
1 0.265625 0.086458 0.162500 0.172917
1 0.378125 0.291667 0.178125 0.208333
1 0.166406 0.259375 0.195312 0.231250
1 0.923438 0.591667 0.153125 0.216667
0 0.676562 0.743750 0.209375 0.266667
1 0.102344 0.503125 0.164062 0.227083
1 0.762500 0.385417 0.193750 0.229167
1 0.964063 0.842708 0.071875 0.197917
1 0.032813 0.185417 0.065625 0.266667
1 0.562500 0.038542 0.175000 0.077083
1 0.236719 0.388542 0.160938 0.222917
1 0.821875 0.095833 0.218750 0.191667
1 0.139844 0.934375 0.182812 0.131250
1 0.667188 0.217708 0.159375 0.210417
1 0.950781 0.346875 0.098438 0.231250
1 0.340625 0.857292 0.143750 0.214583
1 0.403906 0.504167 0.167187 0.204167
1 0.265625 0.086458 0.162500 0.172917
1 0.378125 0.291667 0.178125 0.208333
1 0.166406 0.259375 0.195312 0.231250
1 0.923438 0.591667 0.153125 0.216667
0 0.676562 0.743750 0.209375 0.266667
1 0.102344 0.503125 0.164062 0.227083
1 0.762500 0.385417 0.193750 0.229167
1 0.964063 0.842708 0.071875 0.197917
1 0.032813 0.185417 0.065625 0.266667
1 0.562500 0.038542 0.175000 0.077083
1 0.236719 0.388542 0.160938 0.222917
1 0.821875 0.095833 0.218750 0.191667
1 0.139844 0.934375 0.182812 0.131250
1 0.667188 0.217708 0.159375 0.210417
1 0.950781 0.346875 0.098438 0.231250
1 0.340625 0.857292 0.143750 0.214583
1 0.403906 0.504167 0.167187 0.204167
1 0.265625 0.086458 0.162500 0.172917
1 0.378125 0.291667 0.178125 0.208333
1 0.166406 0.259375 0.195312 0.231250
1 0.923438 0.591667 0.153125 0.216667
0 0.676562 0.743750 0.209375 0.266667
1 0.102344 0.503125 0.164062 0.227083
1 0.762500 0.385417 0.193750 0.229167
1 0.964063 0.842708 0.071875 0.197917
1 0.032813 0.185417 0.065625 0.266667
1 0.562500 0.038542 0.175000 0.077083
1 0.236719 0.388542 0.160938 0.222917
1 0.821875 0.095833 0.218750 0.191667
1 0.139844 0.934375 0.182812 0.131250
1 0.667188 0.217708 0.159375 0.210417
1 0.950781 0.346875 0.098438 0.231250
1 0.340625 0.857292 0.143750 0.214583
1 0.403906 0.504167 0.167187 0.204167
1 0.265625 0.086458 0.162500 0.172917
1 0.378125 0.291667 0.178125 0.208333
1 0.166406 0.259375 0.195312 0.231250
1 0.923438 0.591667 0.153125 0.216667
0 0.676562 0.743750 0.209375 0.266667
1 0.102344 0.503125 0.164062 0.227083
1 0.762500 0.385417 0.193750 0.229167
1 0.964063 0.842708 0.071875 0.197917
1 0.032813 0.185417 0.065625 0.266667
1 0.562500 0.038542 0.175000 0.077083
1 0.236719 0.388542 0.160938 0.222917
1 0.821875 0.095833 0.218750 0.191667
1 0.139844 0.934375 0.182812 0.131250
1 0.667188 0.217708 0.159375 0.210417
1 0.950781 0.346875 0.098438 0.231250
1 0.340625 0.857292 0.143750 0.214583
1 0.403906 0.504167 0.167187 0.204167
1 0.265625 0.086458 0.162500 0.172917
1 0.378125 0.291667 0.178125 0.208333
1 0.166406 0.259375 0.195312 0.231250
1 0.923438 0.591667 0.153125 0.216667
0 0.676562 0.743750 0.209375 0.266667
1 0.102344 0.503125 0.164062 0.227083
1 0.762500 0.385417 0.193750 0.229167
1 0.964063 0.842708 0.071875 0.197917
1 0.032813 0.185417 0.065625 0.266667
1 0.562500 0.038542 0.175000 0.077083
1 0.236719 0.388542 0.160938 0.222917
1 0.821875 0.095833 0.218750 0.191667
1 0.139844 0.934375 0.182812 0.131250
1 0.667188 0.217708 0.159375 0.210417
1 0.950781 0.346875 0.098438 0.231250
1 0.340625 0.857292 0.143750 0.214583
1 0.403906 0.504167 0.167187 0.204167
1 0.265625 0.086458 0.162500 0.172917
1 0.378125 0.291667 0.178125 0.208333
1 0.166406 0.259375 0.195312 0.231250
1 0.923438 0.591667 0.153125 0.216667
0 0.676562 0.743750 0.209375 0.266667
1 0.102344 0.503125 0.164062 0.227083
1 0.762500 0.385417 0.193750 0.229167
1 0.964063 0.842708 0.071875 0.197917
1 0.032813 0.185417 0.065625 0.266667
1 0.562500 0.038542 0.175000 0.077083
1 0.236719 0.388542 0.160938 0.222917
1 0.821875 0.095833 0.218750 0.191667
1 0.139844 0.934375 0.182812 0.131250
1 0.667188 0.217708 0.159375 0.210417
1 0.950781 0.346875 0.098438 0.231250
1 0.340625 0.857292 0.143750 0.214583
1 0.403906 0.504167 0.167187 0.204167
1 0.265625 0.086458 0.162500 0.172917
1 0.378125 0.291667 0.178125 0.208333
1 0.166406 0.259375 0.195312 0.231250
1 0.923438 0.591667 0.153125 0.216667
0 0.676562 0.743750 0.209375 0.266667
1 0.102344 0.503125 0.164062 0.227083
1 0.762500 0.385417 0.193750 0.229167
1 0.964063 0.842708 0.071875 0.197917
1 0.032813 0.185417 0.065625 0.266667
1 0.562500 0.038542 0.175000 0.077083
1 0.236719 0.388542 0.160938 0.222917
1 0.821875 0.095833 0.218750 0.191667
1 0.139844 0.934375 0.182812 0.131250
1 0.667188 0.217708 0.159375 0.210417
1 0.950781 0.346875 0.098438 0.231250
1 0.340625 0.857292 0.143750 0.214583
1 0.403906 0.504167 0.167187 0.204167
1 0.265625 0.086458 0.162500 0.172917
1 0.378125 0.291667 0.178125 0.208333
1 0.166406 0.259375 0.195312 0.231250
1 0.923438 0.591667 0.153125 0.216667
0 0.676562 0.743750 0.209375 0.266667
1 0.102344 0.503125 0.164062 0.227083
1 0.762500 0.385417 0.193750 0.229167
1 0.964063 0.842708 0.071875 0.197917
1 0.032813 0.185417 0.065625 0.266667
1 0.562500 0.038542 0.175000 0.077083
1 0.236719 0.388542 0.160938 0.222917
1 0.821875 0.095833 0.218750 0.191667
1 0.139844 0.934375 0.182812 0.131250
1 0.667188 0.217708 0.159375 0.210417
1 0.950781 0.346875 0.098438 0.231250
1 0.340625 0.857292 0.143750 0.214583
1 0.403906 0.504167 0.167187 0.204167
1 0.265625 0.086458 0.162500 0.172917
1 0.378125 0.291667 0.178125 0.208333
1 0.166406 0.259375 0.195312 0.231250
1 0.923438 0.591667 0.153125 0.216667
0 0.676562 0.743750 0.209375 0.266667
1 0.102344 0.503125 0.164062 0.227083
1 0.762500 0.385417 0.193750 0.229167
1 0.964063 0.842708 0.071875 0.197917
1 0.032813 0.185417 0.065625 0.266667
1 0.562500 0.038542 0.175000 0.077083
1 0.236719 0.388542 0.160938 0.222917
1 0.821875 0.095833 0.218750 0.191667
1 0.139844 0.934375 0.182812 0.131250
1 0.667188 0.217708 0.159375 0.210417
1 0.950781 0.346875 0.098438 0.231250
1 0.340625 0.857292 0.143750 0.214583
1 0.403906 0.504167 0.167187 0.204167
1 0.265625 0.086458 0.162500 0.172917
1 0.378125 0.291667 0.178125 0.208333
1 0.166406 0.259375 0.195312 0.231250
1 0.923438 0.591667 0.153125 0.216667
0 0.676562 0.743750 0.209375 0.266667
1 0.102344 0.503125 0.164062 0.227083
1 0.762500 0.385417 0.193750 0.229167
1 0.964063 0.842708 0.071875 0.197917
1 0.032813 0.185417 0.065625 0.266667
1 0.562500 0.038542 0.175000 0.077083
1 0.236719 0.388542 0.160938 0.222917
1 0.821875 0.095833 0.218750 0.191667
1 0.139844 0.934375 0.182812 0.131250
1 0.667188 0.217708 0.159375 0.210417
1 0.950781 0.346875 0.098438 0.231250
1 0.340625 0.857292 0.143750 0.214583
1 0.403906 0.504167 0.167187 0.204167
1 0.265625 0.086458 0.162500 0.172917
1 0.378125 0.291667 0.178125 0.208333
1 0.166406 0.259375 0.195312 0.231250
1 0.923438 0.591667 0.153125 0.216667
0 0.676562 0.743750 0.209375 0.266667
1 0.102344 0.503125 0.164062 0.227083
1 0.762500 0.385417 0.193750 0.229167
1 0.964063 0.842708 0.071875 0.197917
1 0.032813 0.185417 0.065625 0.266667
1 0.562500 0.038542 0.175000 0.077083
1 0.236719 0.388542 0.160938 0.222917
1 0.821875 0.095833 0.218750 0.191667
1 0.139844 0.934375 0.182812 0.131250
1 0.667188 0.217708 0.159375 0.210417
1 0.950781 0.346875 0.098438 0.231250
1 0.340625 0.857292 0.143750 0.214583
1 0.403906 0.504167 0.167187 0.204167
1 0.265625 0.086458 0.162500 0.172917
1 0.378125 0.291667 0.178125 0.208333
1 0.166406 0.259375 0.195312 0.231250
1 0.923438 0.591667 0.153125 0.216667
0 0.676562 0.743750 0.209375 0.266667
1 0.102344 0.503125 0.164062 0.227083
1 0.762500 0.385417 0.193750 0.229167
1 0.964063 0.842708 0.071875 0.197917
1 0.032813 0.185417 0.065625 0.266667
1 0.562500 0.038542 0.175000 0.077083
1 0.236719 0.388542 0.160938 0.222917
1 0.821875 0.095833 0.218750 0.191667
1 0.139844 0.934375 0.182812 0.131250
1 0.667188 0.217708 0.159375 0.210417
1 0.950781 0.346875 0.098438 0.231250
1 0.340625 0.857292 0.143750 0.214583
1 0.403906 0.504167 0.167187 0.204167
1 0.265625 0.086458 0.162500 0.172917
1 0.378125 0.291667 0.178125 0.208333
1 0.166406 0.259375 0.195312 0.231250
1 0.923438 0.591667 0.153125 0.216667
0 0.676562 0.743750 0.209375 0.266667
1 0.102344 0.503125 0.164062 0.227083
1 0.762500 0.385417 0.193750 0.229167
1 0.964063 0.842708 0.071875 0.197917
1 0.032813 0.185417 0.065625 0.266667
1 0.562500 0.038542 0.175000 0.077083
1 0.236719 0.388542 0.160938 0.222917
1 0.821875 0.095833 0.218750 0.191667
1 0.139844 0.934375 0.182812 0.131250
1 0.667188 0.217708 0.159375 0.210417
1 0.950781 0.346875 0.098438 0.231250
1 0.340625 0.857292 0.143750 0.214583
1 0.403906 0.504167 0.167187 0.204167
1 0.265625 0.086458 0.162500 0.172917
1 0.378125 0.291667 0.178125 0.208333
1 0.166406 0.259375 0.195312 0.231250
1 0.923438 0.591667 0.153125 0.216667
0 0.676562 0.743750 0.209375 0.266667
1 0.102344 0.503125 0.164062 0.227083
1 0.762500 0.385417 0.193750 0.229167
1 0.964063 0.842708 0.071875 0.197917
1 0.032813 0.185417 0.065625 0.266667
1 0.562500 0.038542 0.175000 0.077083
1 0.236719 0.388542 0.160938 0.222917
1 0.821875 0.095833 0.218750 0.191667
1 0.139844 0.934375 0.182812 0.131250
1 0.667188 0.217708 0.159375 0.210417
1 0.950781 0.346875 0.098438 0.231250
1 0.340625 0.857292 0.143750 0.214583
1 0.403906 0.504167 0.167187 0.204167
1 0.265625 0.086458 0.162500 0.172917
1 0.378125 0.291667 0.178125 0.208333
1 0.166406 0.259375 0.195312 0.231250
1 0.923438 0.591667 0.153125 0.216667
0 0.676562 0.743750 0.209375 0.266667
1 0.102344 0.503125 0.164062 0.227083
1 0.762500 0.385417 0.193750 0.229167
1 0.964063 0.842708 0.071875 0.197917
1 0.032813 0.185417 0.065625 0.266667
1 0.562500 0.038542 0.175000 0.077083
1 0.236719 0.388542 0.160938 0.222917
1 0.821875 0.095833 0.218750 0.191667
1 0.139844 0.934375 0.182812 0.131250
1 0.667188 0.217708 0.159375 0.210417
1 0.950781 0.346875 0.098438 0.231250
1 0.340625 0.857292 0.143750 0.214583
1 0.403906 0.504167 0.167187 0.204167
1 0.265625 0.086458 0.162500 0.172917
1 0.378125 0.291667 0.178125 0.208333
1 0.166406 0.259375 0.195312 0.231250
1 0.923438 0.591667 0.153125 0.216667
0 0.676562 0.743750 0.209375 0.266667
1 0.102344 0.503125 0.164062 0.227083
1 0.762500 0.385417 0.193750 0.229167
1 0.964063 0.842708 0.071875 0.197917
1 0.032813 0.185417 0.065625 0.266667
1 0.562500 0.038542 0.175000 0.077083
1 0.236719 0.388542 0.160938 0.222917
1 0.821875 0.095833 0.218750 0.191667
1 0.139844 0.934375 0.182812 0.131250
1 0.667188 0.217708 0.159375 0.210417
1 0.950781 0.346875 0.098438 0.231250
1 0.340625 0.857292 0.143750 0.214583
1 0.403906 0.504167 0.167187 0.204167
1 0.265625 0.086458 0.162500 0.172917
1 0.378125 0.291667 0.178125 0.208333
1 0.166406 0.259375 0.195312 0.231250
1 0.923438 0.591667 0.153125 0.216667
0 0.676562 0.743750 0.209375 0.266667
1 0.102344 0.503125 0.164062 0.227083
1 0.762500 0.385417 0.193750 0.229167
