1 0.042969 0.059375 0.085938 0.118750
1 0.381250 0.040625 0.153125 0.081250
2 0.544531 0.981250 0.060938 0.037500
1 0.951563 0.704167 0.093750 0.216667
1 0.656250 0.915625 0.193750 0.168750
1 0.635938 0.052083 0.187500 0.104167
1 0.317969 0.966667 0.167187 0.066667
1 0.557813 0.736458 0.156250 0.206250
1 0.246094 0.394792 0.151562 0.185417
1 0.278906 0.058333 0.157813 0.116667
1 0.064062 0.960417 0.128125 0.079167
1 0.698438 0.689583 0.187500 0.275000
1 0.129688 0.045833 0.159375 0.091667
1 0.185938 0.816667 0.181250 0.220833
1 0.304688 0.811458 0.168750 0.222917
1 0.903125 0.905208 0.184375 0.185417
1 0.302344 0.414583 0.139063 0.204167
1 0.847656 0.663542 0.160938 0.231250
1 0.906250 0.091667 0.187500 0.183333
1 0.722656 0.491667 0.185938 0.200000
1 0.067969 0.519792 0.132812 0.247917
1 0.046875 0.283333 0.093750 0.208333
0 0.453125 0.254167 0.278125 0.404167
1 0.482812 0.835417 0.175000 0.229167
1 0.214062 0.595833 0.175000 0.225000
1 0.797656 0.415625 0.167187 0.222917
1 0.042969 0.059375 0.085938 0.118750
1 0.381250 0.040625 0.153125 0.081250
2 0.544531 0.981250 0.060938 0.037500
1 0.951563 0.704167 0.093750 0.216667
1 0.656250 0.915625 0.193750 0.168750
1 0.635938 0.052083 0.187500 0.104167
1 0.317969 0.966667 0.167187 0.066667
1 0.557813 0.736458 0.156250 0.206250
1 0.246094 0.394792 0.151562 0.185417
1 0.278906 0.058333 0.157813 0.116667
1 0.064062 0.960417 0.128125 0.079167
1 0.698438 0.689583 0.187500 0.275000
1 0.129688 0.045833 0.159375 0.091667
1 0.185938 0.816667 0.181250 0.220833
1 0.304688 0.811458 0.168750 0.222917
1 0.903125 0.905208 0.184375 0.185417
1 0.302344 0.414583 0.139063 0.204167
1 0.847656 0.663542 0.160938 0.231250
1 0.906250 0.091667 0.187500 0.183333
1 0.722656 0.491667 0.185938 0.200000
1 0.067969 0.519792 0.132812 0.247917
1 0.046875 0.283333 0.093750 0.208333
0 0.453125 0.254167 0.278125 0.404167
1 0.482812 0.835417 0.175000 0.229167
1 0.214062 0.595833 0.175000 0.225000
1 0.797656 0.415625 0.167187 0.222917
1 0.042969 0.059375 0.085938 0.118750
1 0.381250 0.040625 0.153125 0.081250
2 0.544531 0.981250 0.060938 0.037500
1 0.951563 0.704167 0.093750 0.216667
1 0.656250 0.915625 0.193750 0.168750
1 0.635938 0.052083 0.187500 0.104167
1 0.317969 0.966667 0.167187 0.066667
1 0.557813 0.736458 0.156250 0.206250
1 0.246094 0.394792 0.151562 0.185417
1 0.278906 0.058333 0.157813 0.116667
1 0.064062 0.960417 0.128125 0.079167
1 0.698438 0.689583 0.187500 0.275000
1 0.129688 0.045833 0.159375 0.091667
1 0.185938 0.816667 0.181250 0.220833
1 0.304688 0.811458 0.168750 0.222917
1 0.903125 0.905208 0.184375 0.185417
1 0.302344 0.414583 0.139063 0.204167
1 0.847656 0.663542 0.160938 0.231250
1 0.906250 0.091667 0.187500 0.183333
1 0.722656 0.491667 0.185938 0.200000
1 0.067969 0.519792 0.132812 0.247917
1 0.046875 0.283333 0.093750 0.208333
0 0.453125 0.254167 0.278125 0.404167
1 0.482812 0.835417 0.175000 0.229167
1 0.214062 0.595833 0.175000 0.225000
1 0.797656 0.415625 0.167187 0.222917
1 0.042969 0.059375 0.085938 0.118750
1 0.381250 0.040625 0.153125 0.081250
2 0.544531 0.981250 0.060938 0.037500
1 0.951563 0.704167 0.093750 0.216667
1 0.656250 0.915625 0.193750 0.168750
1 0.635938 0.052083 0.187500 0.104167
1 0.317969 0.966667 0.167187 0.066667
1 0.557813 0.736458 0.156250 0.206250
1 0.246094 0.394792 0.151562 0.185417
1 0.278906 0.058333 0.157813 0.116667
1 0.064062 0.960417 0.128125 0.079167
1 0.698438 0.689583 0.187500 0.275000
1 0.129688 0.045833 0.159375 0.091667
1 0.185938 0.816667 0.181250 0.220833
1 0.304688 0.811458 0.168750 0.222917
1 0.903125 0.905208 0.184375 0.185417
1 0.302344 0.414583 0.139063 0.204167
1 0.847656 0.663542 0.160938 0.231250
1 0.906250 0.091667 0.187500 0.183333
1 0.722656 0.491667 0.185938 0.200000
1 0.067969 0.519792 0.132812 0.247917
1 0.046875 0.283333 0.093750 0.208333
0 0.453125 0.254167 0.278125 0.404167
1 0.482812 0.835417 0.175000 0.229167
1 0.214062 0.595833 0.175000 0.225000
1 0.797656 0.415625 0.167187 0.222917
1 0.042969 0.059375 0.085938 0.118750
1 0.381250 0.040625 0.153125 0.081250
2 0.544531 0.981250 0.060938 0.037500
1 0.951563 0.704167 0.093750 0.216667
1 0.656250 0.915625 0.193750 0.168750
1 0.635938 0.052083 0.187500 0.104167
1 0.317969 0.966667 0.167187 0.066667
1 0.557813 0.736458 0.156250 0.206250
1 0.246094 0.394792 0.151562 0.185417
1 0.278906 0.058333 0.157813 0.116667
1 0.064062 0.960417 0.128125 0.079167
1 0.698438 0.689583 0.187500 0.275000
1 0.129688 0.045833 0.159375 0.091667
1 0.185938 0.816667 0.181250 0.220833
1 0.304688 0.811458 0.168750 0.222917
1 0.903125 0.905208 0.184375 0.185417
1 0.302344 0.414583 0.139063 0.204167
1 0.847656 0.663542 0.160938 0.231250
1 0.906250 0.091667 0.187500 0.183333
1 0.722656 0.491667 0.185938 0.200000
1 0.067969 0.519792 0.132812 0.247917
1 0.046875 0.283333 0.093750 0.208333
0 0.453125 0.254167 0.278125 0.404167
1 0.482812 0.835417 0.175000 0.229167
1 0.214062 0.595833 0.175000 0.225000
1 0.797656 0.415625 0.167187 0.222917
1 0.042969 0.059375 0.085938 0.118750
1 0.381250 0.040625 0.153125 0.081250
2 0.544531 0.981250 0.060938 0.037500
1 0.951563 0.704167 0.093750 0.216667
1 0.656250 0.915625 0.193750 0.168750
1 0.635938 0.052083 0.187500 0.104167
1 0.317969 0.966667 0.167187 0.066667
1 0.557813 0.736458 0.156250 0.206250
1 0.246094 0.394792 0.151562 0.185417
1 0.278906 0.058333 0.157813 0.116667
1 0.064062 0.960417 0.128125 0.079167
1 0.698438 0.689583 0.187500 0.275000
1 0.129688 0.045833 0.159375 0.091667
1 0.185938 0.816667 0.181250 0.220833
1 0.304688 0.811458 0.168750 0.222917
1 0.903125 0.905208 0.184375 0.185417
1 0.302344 0.414583 0.139063 0.204167
1 0.847656 0.663542 0.160938 0.231250
1 0.906250 0.091667 0.187500 0.183333
1 0.722656 0.491667 0.185938 0.200000
1 0.067969 0.519792 0.132812 0.247917
1 0.046875 0.283333 0.093750 0.208333
0 0.453125 0.254167 0.278125 0.404167
1 0.482812 0.835417 0.175000 0.229167
1 0.214062 0.595833 0.175000 0.225000
1 0.797656 0.415625 0.167187 0.222917
1 0.042969 0.059375 0.085938 0.118750
1 0.381250 0.040625 0.153125 0.081250
2 0.544531 0.981250 0.060938 0.037500
1 0.951563 0.704167 0.093750 0.216667
1 0.656250 0.915625 0.193750 0.168750
1 0.635938 0.052083 0.187500 0.104167
1 0.317969 0.966667 0.167187 0.066667
1 0.557813 0.736458 0.156250 0.206250
1 0.246094 0.394792 0.151562 0.185417
1 0.278906 0.058333 0.157813 0.116667
1 0.064062 0.960417 0.128125 0.079167
1 0.698438 0.689583 0.187500 0.275000
1 0.129688 0.045833 0.159375 0.091667
1 0.185938 0.816667 0.181250 0.220833
1 0.304688 0.811458 0.168750 0.222917
1 0.903125 0.905208 0.184375 0.185417
1 0.302344 0.414583 0.139063 0.204167
1 0.847656 0.663542 0.160938 0.231250
1 0.906250 0.091667 0.187500 0.183333
1 0.722656 0.491667 0.185938 0.200000
1 0.067969 0.519792 0.132812 0.247917
1 0.046875 0.283333 0.093750 0.208333
0 0.453125 0.254167 0.278125 0.404167
1 0.482812 0.835417 0.175000 0.229167
1 0.214062 0.595833 0.175000 0.225000
1 0.797656 0.415625 0.167187 0.222917
1 0.042969 0.059375 0.085938 0.118750
1 0.381250 0.040625 0.153125 0.081250
2 0.544531 0.981250 0.060938 0.037500
1 0.951563 0.704167 0.093750 0.216667
1 0.656250 0.915625 0.193750 0.168750
1 0.635938 0.052083 0.187500 0.104167
1 0.317969 0.966667 0.167187 0.066667
1 0.557813 0.736458 0.156250 0.206250
1 0.246094 0.394792 0.151562 0.185417
1 0.278906 0.058333 0.157813 0.116667
1 0.064062 0.960417 0.128125 0.079167
1 0.698438 0.689583 0.187500 0.275000
1 0.129688 0.045833 0.159375 0.091667
1 0.185938 0.816667 0.181250 0.220833
1 0.304688 0.811458 0.168750 0.222917
1 0.903125 0.905208 0.184375 0.185417
1 0.302344 0.414583 0.139063 0.204167
1 0.847656 0.663542 0.160938 0.231250
1 0.906250 0.091667 0.187500 0.183333
1 0.722656 0.491667 0.185938 0.200000
1 0.067969 0.519792 0.132812 0.247917
1 0.046875 0.283333 0.093750 0.208333
0 0.453125 0.254167 0.278125 0.404167
1 0.482812 0.835417 0.175000 0.229167
1 0.214062 0.595833 0.175000 0.225000
1 0.797656 0.415625 0.167187 0.222917
1 0.042969 0.059375 0.085938 0.118750
1 0.381250 0.040625 0.153125 0.081250
2 0.544531 0.981250 0.060938 0.037500
1 0.951563 0.704167 0.093750 0.216667
1 0.656250 0.915625 0.193750 0.168750
1 0.635938 0.052083 0.187500 0.104167
1 0.317969 0.966667 0.167187 0.066667
1 0.557813 0.736458 0.156250 0.206250
1 0.246094 0.394792 0.151562 0.185417
1 0.278906 0.058333 0.157813 0.116667
1 0.064062 0.960417 0.128125 0.079167
1 0.698438 0.689583 0.187500 0.275000
1 0.129688 0.045833 0.159375 0.091667
1 0.185938 0.816667 0.181250 0.220833
1 0.304688 0.811458 0.168750 0.222917
1 0.903125 0.905208 0.184375 0.185417
1 0.302344 0.414583 0.139063 0.204167
1 0.847656 0.663542 0.160938 0.231250
1 0.906250 0.091667 0.187500 0.183333
1 0.722656 0.491667 0.185938 0.200000
1 0.067969 0.519792 0.132812 0.247917
1 0.046875 0.283333 0.093750 0.208333
0 0.453125 0.254167 0.278125 0.404167
1 0.482812 0.835417 0.175000 0.229167
1 0.214062 0.595833 0.175000 0.225000
1 0.797656 0.415625 0.167187 0.222917
1 0.042969 0.059375 0.085938 0.118750
1 0.381250 0.040625 0.153125 0.081250
2 0.544531 0.981250 0.060938 0.037500
1 0.951563 0.704167 0.093750 0.216667
1 0.656250 0.915625 0.193750 0.168750
1 0.635938 0.052083 0.187500 0.104167
1 0.317969 0.966667 0.167187 0.066667
1 0.557813 0.736458 0.156250 0.206250
1 0.246094 0.394792 0.151562 0.185417
1 0.278906 0.058333 0.157813 0.116667
1 0.064062 0.960417 0.128125 0.079167
1 0.698438 0.689583 0.187500 0.275000
1 0.129688 0.045833 0.159375 0.091667
1 0.185938 0.816667 0.181250 0.220833
1 0.304688 0.811458 0.168750 0.222917
1 0.903125 0.905208 0.184375 0.185417
1 0.302344 0.414583 0.139063 0.204167
1 0.847656 0.663542 0.160938 0.231250
1 0.906250 0.091667 0.187500 0.183333
1 0.722656 0.491667 0.185938 0.200000
1 0.067969 0.519792 0.132812 0.247917
1 0.046875 0.283333 0.093750 0.208333
0 0.453125 0.254167 0.278125 0.404167
1 0.482812 0.835417 0.175000 0.229167
1 0.214062 0.595833 0.175000 0.225000
1 0.797656 0.415625 0.167187 0.222917
1 0.042969 0.059375 0.085938 0.118750
1 0.381250 0.040625 0.153125 0.081250
2 0.544531 0.981250 0.060938 0.037500
1 0.951563 0.704167 0.093750 0.216667
1 0.656250 0.915625 0.193750 0.168750
1 0.635938 0.052083 0.187500 0.104167
1 0.317969 0.966667 0.167187 0.066667
1 0.557813 0.736458 0.156250 0.206250
1 0.246094 0.394792 0.151562 0.185417
1 0.278906 0.058333 0.157813 0.116667
1 0.064062 0.960417 0.128125 0.079167
1 0.698438 0.689583 0.187500 0.275000
1 0.129688 0.045833 0.159375 0.091667
1 0.185938 0.816667 0.181250 0.220833
1 0.304688 0.811458 0.168750 0.222917
1 0.903125 0.905208 0.184375 0.185417
1 0.302344 0.414583 0.139063 0.204167
1 0.847656 0.663542 0.160938 0.231250
1 0.906250 0.091667 0.187500 0.183333
1 0.722656 0.491667 0.185938 0.200000
1 0.067969 0.519792 0.132812 0.247917
1 0.046875 0.283333 0.093750 0.208333
0 0.453125 0.254167 0.278125 0.404167
1 0.482812 0.835417 0.175000 0.229167
1 0.214062 0.595833 0.175000 0.225000
1 0.797656 0.415625 0.167187 0.222917
1 0.042969 0.059375 0.085938 0.118750
1 0.381250 0.040625 0.153125 0.081250
2 0.544531 0.981250 0.060938 0.037500
1 0.951563 0.704167 0.093750 0.216667
1 0.656250 0.915625 0.193750 0.168750
1 0.635938 0.052083 0.187500 0.104167
1 0.317969 0.966667 0.167187 0.066667
1 0.557813 0.736458 0.156250 0.206250
1 0.246094 0.394792 0.151562 0.185417
1 0.278906 0.058333 0.157813 0.116667
1 0.064062 0.960417 0.128125 0.079167
1 0.698438 0.689583 0.187500 0.275000
1 0.129688 0.045833 0.159375 0.091667
1 0.185938 0.816667 0.181250 0.220833
1 0.304688 0.811458 0.168750 0.222917
1 0.903125 0.905208 0.184375 0.185417
1 0.302344 0.414583 0.139063 0.204167
1 0.847656 0.663542 0.160938 0.231250
1 0.906250 0.091667 0.187500 0.183333
1 0.722656 0.491667 0.185938 0.200000
1 0.067969 0.519792 0.132812 0.247917
1 0.046875 0.283333 0.093750 0.208333
0 0.453125 0.254167 0.278125 0.404167
1 0.482812 0.835417 0.175000 0.229167
1 0.214062 0.595833 0.175000 0.225000
1 0.797656 0.415625 0.167187 0.222917
1 0.042969 0.059375 0.085938 0.118750
1 0.381250 0.040625 0.153125 0.081250
2 0.544531 0.981250 0.060938 0.037500
1 0.951563 0.704167 0.093750 0.216667
1 0.656250 0.915625 0.193750 0.168750
1 0.635938 0.052083 0.187500 0.104167
1 0.317969 0.966667 0.167187 0.066667
1 0.557813 0.736458 0.156250 0.206250
1 0.246094 0.394792 0.151562 0.185417
1 0.278906 0.058333 0.157813 0.116667
1 0.064062 0.960417 0.128125 0.079167
1 0.698438 0.689583 0.187500 0.275000
1 0.129688 0.045833 0.159375 0.091667
1 0.185938 0.816667 0.181250 0.220833
1 0.304688 0.811458 0.168750 0.222917
1 0.903125 0.905208 0.184375 0.185417
1 0.302344 0.414583 0.139063 0.204167
1 0.847656 0.663542 0.160938 0.231250
1 0.906250 0.091667 0.187500 0.183333
1 0.722656 0.491667 0.185938 0.200000
1 0.067969 0.519792 0.132812 0.247917
1 0.046875 0.283333 0.093750 0.208333
0 0.453125 0.254167 0.278125 0.404167
1 0.482812 0.835417 0.175000 0.229167
1 0.214062 0.595833 0.175000 0.225000
1 0.797656 0.415625 0.167187 0.222917
1 0.042969 0.059375 0.085938 0.118750
1 0.381250 0.040625 0.153125 0.081250
2 0.544531 0.981250 0.060938 0.037500
1 0.951563 0.704167 0.093750 0.216667
1 0.656250 0.915625 0.193750 0.168750
1 0.635938 0.052083 0.187500 0.104167
1 0.317969 0.966667 0.167187 0.066667
1 0.557813 0.736458 0.156250 0.206250
1 0.246094 0.394792 0.151562 0.185417
1 0.278906 0.058333 0.157813 0.116667
1 0.064062 0.960417 0.128125 0.079167
1 0.698438 0.689583 0.187500 0.275000
1 0.129688 0.045833 0.159375 0.091667
1 0.185938 0.816667 0.181250 0.220833
1 0.304688 0.811458 0.168750 0.222917
1 0.903125 0.905208 0.184375 0.185417
1 0.302344 0.414583 0.139063 0.204167
1 0.847656 0.663542 0.160938 0.231250
1 0.906250 0.091667 0.187500 0.183333
1 0.722656 0.491667 0.185938 0.200000
1 0.067969 0.519792 0.132812 0.247917
1 0.046875 0.283333 0.093750 0.208333
0 0.453125 0.254167 0.278125 0.404167
1 0.482812 0.835417 0.175000 0.229167
1 0.214062 0.595833 0.175000 0.225000
1 0.797656 0.415625 0.167187 0.222917
1 0.042969 0.059375 0.085938 0.118750
1 0.381250 0.040625 0.153125 0.081250
2 0.544531 0.981250 0.060938 0.037500
1 0.951563 0.704167 0.093750 0.216667
1 0.656250 0.915625 0.193750 0.168750
1 0.635938 0.052083 0.187500 0.104167
1 0.317969 0.966667 0.167187 0.066667
1 0.557813 0.736458 0.156250 0.206250
1 0.246094 0.394792 0.151562 0.185417
1 0.278906 0.058333 0.157813 0.116667
1 0.064062 0.960417 0.128125 0.079167
1 0.698438 0.689583 0.187500 0.275000
1 0.129688 0.045833 0.159375 0.091667
1 0.185938 0.816667 0.181250 0.220833
1 0.304688 0.811458 0.168750 0.222917
1 0.903125 0.905208 0.184375 0.185417
1 0.302344 0.414583 0.139063 0.204167
1 0.847656 0.663542 0.160938 0.231250
1 0.906250 0.091667 0.187500 0.183333
1 0.722656 0.491667 0.185938 0.200000
1 0.067969 0.519792 0.132812 0.247917
1 0.046875 0.283333 0.093750 0.208333
0 0.453125 0.254167 0.278125 0.404167
1 0.482812 0.835417 0.175000 0.229167
1 0.214062 0.595833 0.175000 0.225000
1 0.797656 0.415625 0.167187 0.222917
1 0.042969 0.059375 0.085938 0.118750
1 0.381250 0.040625 0.153125 0.081250
2 0.544531 0.981250 0.060938 0.037500
1 0.951563 0.704167 0.093750 0.216667
1 0.656250 0.915625 0.193750 0.168750
1 0.635938 0.052083 0.187500 0.104167
1 0.317969 0.966667 0.167187 0.066667
1 0.557813 0.736458 0.156250 0.206250
1 0.246094 0.394792 0.151562 0.185417
1 0.278906 0.058333 0.157813 0.116667
1 0.064062 0.960417 0.128125 0.079167
1 0.698438 0.689583 0.187500 0.275000
1 0.129688 0.045833 0.159375 0.091667
1 0.185938 0.816667 0.181250 0.220833
1 0.304688 0.811458 0.168750 0.222917
1 0.903125 0.905208 0.184375 0.185417
1 0.302344 0.414583 0.139063 0.204167
1 0.847656 0.663542 0.160938 0.231250
1 0.906250 0.091667 0.187500 0.183333
1 0.722656 0.491667 0.185938 0.200000
1 0.067969 0.519792 0.132812 0.247917
1 0.046875 0.283333 0.093750 0.208333
0 0.453125 0.254167 0.278125 0.404167
1 0.482812 0.835417 0.175000 0.229167
1 0.214062 0.595833 0.175000 0.225000
1 0.797656 0.415625 0.167187 0.222917
1 0.042969 0.059375 0.085938 0.118750
1 0.381250 0.040625 0.153125 0.081250
2 0.544531 0.981250 0.060938 0.037500
1 0.951563 0.704167 0.093750 0.216667
1 0.656250 0.915625 0.193750 0.168750
1 0.635938 0.052083 0.187500 0.104167
1 0.317969 0.966667 0.167187 0.066667
1 0.557813 0.736458 0.156250 0.206250
1 0.246094 0.394792 0.151562 0.185417
1 0.278906 0.058333 0.157813 0.116667
1 0.064062 0.960417 0.128125 0.079167
1 0.698438 0.689583 0.187500 0.275000
1 0.129688 0.045833 0.159375 0.091667
1 0.185938 0.816667 0.181250 0.220833
1 0.304688 0.811458 0.168750 0.222917
1 0.903125 0.905208 0.184375 0.185417
1 0.302344 0.414583 0.139063 0.204167
1 0.847656 0.663542 0.160938 0.231250
1 0.906250 0.091667 0.187500 0.183333
1 0.722656 0.491667 0.185938 0.200000
1 0.067969 0.519792 0.132812 0.247917
1 0.046875 0.283333 0.093750 0.208333
0 0.453125 0.254167 0.278125 0.404167
1 0.482812 0.835417 0.175000 0.229167
1 0.214062 0.595833 0.175000 0.225000
1 0.797656 0.415625 0.167187 0.222917
1 0.042969 0.059375 0.085938 0.118750
1 0.381250 0.040625 0.153125 0.081250
2 0.544531 0.981250 0.060938 0.037500
1 0.951563 0.704167 0.093750 0.216667
1 0.656250 0.915625 0.193750 0.168750
1 0.635938 0.052083 0.187500 0.104167
1 0.317969 0.966667 0.167187 0.066667
1 0.557813 0.736458 0.156250 0.206250
1 0.246094 0.394792 0.151562 0.185417
1 0.278906 0.058333 0.157813 0.116667
1 0.064062 0.960417 0.128125 0.079167
1 0.698438 0.689583 0.187500 0.275000
1 0.129688 0.045833 0.159375 0.091667
1 0.185938 0.816667 0.181250 0.220833
1 0.304688 0.811458 0.168750 0.222917
1 0.903125 0.905208 0.184375 0.185417
1 0.302344 0.414583 0.139063 0.204167
1 0.847656 0.663542 0.160938 0.231250
1 0.906250 0.091667 0.187500 0.183333
1 0.722656 0.491667 0.185938 0.200000
1 0.067969 0.519792 0.132812 0.247917
1 0.046875 0.283333 0.093750 0.208333
0 0.453125 0.254167 0.278125 0.404167
1 0.482812 0.835417 0.175000 0.229167
1 0.214062 0.595833 0.175000 0.225000
1 0.797656 0.415625 0.167187 0.222917
1 0.042969 0.059375 0.085938 0.118750
1 0.381250 0.040625 0.153125 0.081250
2 0.544531 0.981250 0.060938 0.037500
1 0.951563 0.704167 0.093750 0.216667
1 0.656250 0.915625 0.193750 0.168750
1 0.635938 0.052083 0.187500 0.104167
1 0.317969 0.966667 0.167187 0.066667
1 0.557813 0.736458 0.156250 0.206250
1 0.246094 0.394792 0.151562 0.185417
1 0.278906 0.058333 0.157813 0.116667
1 0.064062 0.960417 0.128125 0.079167
1 0.698438 0.689583 0.187500 0.275000
1 0.129688 0.045833 0.159375 0.091667
1 0.185938 0.816667 0.181250 0.220833
1 0.304688 0.811458 0.168750 0.222917
1 0.903125 0.905208 0.184375 0.185417
1 0.302344 0.414583 0.139063 0.204167
1 0.847656 0.663542 0.160938 0.231250
1 0.906250 0.091667 0.187500 0.183333
1 0.722656 0.491667 0.185938 0.200000
1 0.067969 0.519792 0.132812 0.247917
1 0.046875 0.283333 0.093750 0.208333
0 0.453125 0.254167 0.278125 0.404167
1 0.482812 0.835417 0.175000 0.229167
1 0.214062 0.595833 0.175000 0.225000
1 0.797656 0.415625 0.167187 0.222917
1 0.042969 0.059375 0.085938 0.118750
1 0.381250 0.040625 0.153125 0.081250
2 0.544531 0.981250 0.060938 0.037500
1 0.951563 0.704167 0.093750 0.216667
1 0.656250 0.915625 0.193750 0.168750
1 0.635938 0.052083 0.187500 0.104167
1 0.317969 0.966667 0.167187 0.066667
1 0.557813 0.736458 0.156250 0.206250
1 0.246094 0.394792 0.151562 0.185417
1 0.278906 0.058333 0.157813 0.116667
1 0.064062 0.960417 0.128125 0.079167
1 0.698438 0.689583 0.187500 0.275000
1 0.129688 0.045833 0.159375 0.091667
1 0.185938 0.816667 0.181250 0.220833
1 0.304688 0.811458 0.168750 0.222917
1 0.903125 0.905208 0.184375 0.185417
1 0.302344 0.414583 0.139063 0.204167
1 0.847656 0.663542 0.160938 0.231250
1 0.906250 0.091667 0.187500 0.183333
1 0.722656 0.491667 0.185938 0.200000
1 0.067969 0.519792 0.132812 0.247917
1 0.046875 0.283333 0.093750 0.208333
0 0.453125 0.254167 0.278125 0.404167
1 0.482812 0.835417 0.175000 0.229167
1 0.214062 0.595833 0.175000 0.225000
1 0.797656 0.415625 0.167187 0.222917
1 0.042969 0.059375 0.085938 0.118750
1 0.381250 0.040625 0.153125 0.081250
2 0.544531 0.981250 0.060938 0.037500
1 0.951563 0.704167 0.093750 0.216667
1 0.656250 0.915625 0.193750 0.168750
1 0.635938 0.052083 0.187500 0.104167
1 0.317969 0.966667 0.167187 0.066667
1 0.557813 0.736458 0.156250 0.206250
1 0.246094 0.394792 0.151562 0.185417
1 0.278906 0.058333 0.157813 0.116667
1 0.064062 0.960417 0.128125 0.079167
1 0.698438 0.689583 0.187500 0.275000
1 0.129688 0.045833 0.159375 0.091667
1 0.185938 0.816667 0.181250 0.220833
1 0.304688 0.811458 0.168750 0.222917
1 0.903125 0.905208 0.184375 0.185417
1 0.302344 0.414583 0.139063 0.204167
1 0.847656 0.663542 0.160938 0.231250
1 0.906250 0.091667 0.187500 0.183333
1 0.722656 0.491667 0.185938 0.200000
1 0.067969 0.519792 0.132812 0.247917
1 0.046875 0.283333 0.093750 0.208333
0 0.453125 0.254167 0.278125 0.404167
1 0.482812 0.835417 0.175000 0.229167
1 0.214062 0.595833 0.175000 0.225000
1 0.797656 0.415625 0.167187 0.222917
1 0.042969 0.059375 0.085938 0.118750
1 0.381250 0.040625 0.153125 0.081250
2 0.544531 0.981250 0.060938 0.037500
1 0.951563 0.704167 0.093750 0.216667
1 0.656250 0.915625 0.193750 0.168750
1 0.635938 0.052083 0.187500 0.104167
1 0.317969 0.966667 0.167187 0.066667
1 0.557813 0.736458 0.156250 0.206250
1 0.246094 0.394792 0.151562 0.185417
1 0.278906 0.058333 0.157813 0.116667
1 0.064062 0.960417 0.128125 0.079167
1 0.698438 0.689583 0.187500 0.275000
1 0.129688 0.045833 0.159375 0.091667
1 0.185938 0.816667 0.181250 0.220833
1 0.304688 0.811458 0.168750 0.222917
1 0.903125 0.905208 0.184375 0.185417
1 0.302344 0.414583 0.139063 0.204167
1 0.847656 0.663542 0.160938 0.231250
1 0.906250 0.091667 0.187500 0.183333
1 0.722656 0.491667 0.185938 0.200000
1 0.067969 0.519792 0.132812 0.247917
1 0.046875 0.283333 0.093750 0.208333
0 0.453125 0.254167 0.278125 0.404167
1 0.482812 0.835417 0.175000 0.229167
1 0.214062 0.595833 0.175000 0.225000
1 0.797656 0.415625 0.167187 0.222917
1 0.042969 0.059375 0.085938 0.118750
1 0.381250 0.040625 0.153125 0.081250
2 0.544531 0.981250 0.060938 0.037500
1 0.951563 0.704167 0.093750 0.216667
1 0.656250 0.915625 0.193750 0.168750
1 0.635938 0.052083 0.187500 0.104167
1 0.317969 0.966667 0.167187 0.066667
1 0.557813 0.736458 0.156250 0.206250
1 0.246094 0.394792 0.151562 0.185417
1 0.278906 0.058333 0.157813 0.116667
1 0.064062 0.960417 0.128125 0.079167
1 0.698438 0.689583 0.187500 0.275000
1 0.129688 0.045833 0.159375 0.091667
1 0.185938 0.816667 0.181250 0.220833
1 0.304688 0.811458 0.168750 0.222917
1 0.903125 0.905208 0.184375 0.185417
1 0.302344 0.414583 0.139063 0.204167
1 0.847656 0.663542 0.160938 0.231250
1 0.906250 0.091667 0.187500 0.183333
1 0.722656 0.491667 0.185938 0.200000
1 0.067969 0.519792 0.132812 0.247917
1 0.046875 0.283333 0.093750 0.208333
0 0.453125 0.254167 0.278125 0.404167
1 0.482812 0.835417 0.175000 0.229167
1 0.214062 0.595833 0.175000 0.225000
1 0.797656 0.415625 0.167187 0.222917
1 0.042969 0.059375 0.085938 0.118750
1 0.381250 0.040625 0.153125 0.081250
2 0.544531 0.981250 0.060938 0.037500
1 0.951563 0.704167 0.093750 0.216667
1 0.656250 0.915625 0.193750 0.168750
1 0.635938 0.052083 0.187500 0.104167
1 0.317969 0.966667 0.167187 0.066667
1 0.557813 0.736458 0.156250 0.206250
1 0.246094 0.394792 0.151562 0.185417
1 0.278906 0.058333 0.157813 0.116667
1 0.064062 0.960417 0.128125 0.079167
1 0.698438 0.689583 0.187500 0.275000
1 0.129688 0.045833 0.159375 0.091667
1 0.185938 0.816667 0.181250 0.220833
1 0.304688 0.811458 0.168750 0.222917
1 0.903125 0.905208 0.184375 0.185417
1 0.302344 0.414583 0.139063 0.204167
1 0.847656 0.663542 0.160938 0.231250
1 0.906250 0.091667 0.187500 0.183333
1 0.722656 0.491667 0.185938 0.200000
1 0.067969 0.519792 0.132812 0.247917
1 0.046875 0.283333 0.093750 0.208333
0 0.453125 0.254167 0.278125 0.404167
1 0.482812 0.835417 0.175000 0.229167
1 0.214062 0.595833 0.175000 0.225000
1 0.797656 0.415625 0.167187 0.222917
1 0.042969 0.059375 0.085938 0.118750
1 0.381250 0.040625 0.153125 0.081250
2 0.544531 0.981250 0.060938 0.037500
1 0.951563 0.704167 0.093750 0.216667
1 0.656250 0.915625 0.193750 0.168750
1 0.635938 0.052083 0.187500 0.104167
1 0.317969 0.966667 0.167187 0.066667
1 0.557813 0.736458 0.156250 0.206250
1 0.246094 0.394792 0.151562 0.185417
1 0.278906 0.058333 0.157813 0.116667
1 0.064062 0.960417 0.128125 0.079167
1 0.698438 0.689583 0.187500 0.275000
1 0.129688 0.045833 0.159375 0.091667
1 0.185938 0.816667 0.181250 0.220833
1 0.304688 0.811458 0.168750 0.222917
1 0.903125 0.905208 0.184375 0.185417
1 0.302344 0.414583 0.139063 0.204167
1 0.847656 0.663542 0.160938 0.231250
1 0.906250 0.091667 0.187500 0.183333
1 0.722656 0.491667 0.185938 0.200000
1 0.067969 0.519792 0.132812 0.247917
1 0.046875 0.283333 0.093750 0.208333
0 0.453125 0.254167 0.278125 0.404167
1 0.482812 0.835417 0.175000 0.229167
1 0.214062 0.595833 0.175000 0.225000
1 0.797656 0.415625 0.167187 0.222917
1 0.042969 0.059375 0.085938 0.118750
1 0.381250 0.040625 0.153125 0.081250
2 0.544531 0.981250 0.060938 0.037500
1 0.951563 0.704167 0.093750 0.216667
1 0.656250 0.915625 0.193750 0.168750
1 0.635938 0.052083 0.187500 0.104167
1 0.317969 0.966667 0.167187 0.066667
1 0.557813 0.736458 0.156250 0.206250
1 0.246094 0.394792 0.151562 0.185417
1 0.278906 0.058333 0.157813 0.116667
1 0.064062 0.960417 0.128125 0.079167
1 0.698438 0.689583 0.187500 0.275000
1 0.129688 0.045833 0.159375 0.091667
1 0.185938 0.816667 0.181250 0.220833
1 0.304688 0.811458 0.168750 0.222917
1 0.903125 0.905208 0.184375 0.185417
1 0.302344 0.414583 0.139063 0.204167
1 0.847656 0.663542 0.160938 0.231250
1 0.906250 0.091667 0.187500 0.183333
1 0.722656 0.491667 0.185938 0.200000
1 0.067969 0.519792 0.132812 0.247917
1 0.046875 0.283333 0.093750 0.208333
0 0.453125 0.254167 0.278125 0.404167
1 0.482812 0.835417 0.175000 0.229167
1 0.214062 0.595833 0.175000 0.225000
1 0.797656 0.415625 0.167187 0.222917
