1 0.128125 0.957292 0.168750 0.081250
1 0.101562 0.182292 0.171875 0.214583
1 0.077344 0.292708 0.145313 0.227083
1 0.347656 0.191667 0.201563 0.191667
1 0.933594 0.029167 0.132812 0.058333
1 0.765625 0.267708 0.168750 0.235417
1 0.413281 0.929167 0.185938 0.141667
1 0.853125 0.430208 0.115625 0.139583
1 0.080469 0.861458 0.151562 0.218750
1 0.679688 0.707292 0.175000 0.231250
1 0.926562 0.252083 0.140625 0.237500
1 0.642188 0.456250 0.171875 0.225000
1 0.918750 0.658333 0.162500 0.225000
1 0.763281 0.648958 0.167187 0.222917
1 0.611719 0.067708 0.167187 0.135417
1 0.929688 0.848958 0.140625 0.172917
1 0.534375 0.287500 0.184375 0.245833
1 0.771094 0.069792 0.139063 0.139583
0 0.276563 0.495833 0.418750 0.516667
1 0.182031 0.105208 0.167187 0.210417
1 0.620313 0.826042 0.143750 0.202083
1 0.128125 0.957292 0.168750 0.081250
1 0.101562 0.182292 0.171875 0.214583
1 0.077344 0.292708 0.145313 0.227083
1 0.347656 0.191667 0.201563 0.191667
1 0.933594 0.029167 0.132812 0.058333
1 0.765625 0.267708 0.168750 0.235417
1 0.413281 0.929167 0.185938 0.141667
1 0.853125 0.430208 0.115625 0.139583
1 0.080469 0.861458 0.151562 0.218750
1 0.679688 0.707292 0.175000 0.231250
1 0.926562 0.252083 0.140625 0.237500
1 0.642188 0.456250 0.171875 0.225000
1 0.918750 0.658333 0.162500 0.225000
1 0.763281 0.648958 0.167187 0.222917
1 0.611719 0.067708 0.167187 0.135417
1 0.929688 0.848958 0.140625 0.172917
1 0.534375 0.287500 0.184375 0.245833
1 0.771094 0.069792 0.139063 0.139583
0 0.276563 0.495833 0.418750 0.516667
1 0.182031 0.105208 0.167187 0.210417
1 0.620313 0.826042 0.143750 0.202083
1 0.128125 0.957292 0.168750 0.081250
1 0.101562 0.182292 0.171875 0.214583
1 0.077344 0.292708 0.145313 0.227083
1 0.347656 0.191667 0.201563 0.191667
1 0.933594 0.029167 0.132812 0.058333
1 0.765625 0.267708 0.168750 0.235417
1 0.413281 0.929167 0.185938 0.141667
1 0.853125 0.430208 0.115625 0.139583
1 0.080469 0.861458 0.151562 0.218750
1 0.679688 0.707292 0.175000 0.231250
1 0.926562 0.252083 0.140625 0.237500
1 0.642188 0.456250 0.171875 0.225000
1 0.918750 0.658333 0.162500 0.225000
1 0.763281 0.648958 0.167187 0.222917
1 0.611719 0.067708 0.167187 0.135417
1 0.929688 0.848958 0.140625 0.172917
1 0.534375 0.287500 0.184375 0.245833
1 0.771094 0.069792 0.139063 0.139583
0 0.276563 0.495833 0.418750 0.516667
1 0.182031 0.105208 0.167187 0.210417
1 0.620313 0.826042 0.143750 0.202083
1 0.128125 0.957292 0.168750 0.081250
1 0.101562 0.182292 0.171875 0.214583
1 0.077344 0.292708 0.145313 0.227083
1 0.347656 0.191667 0.201563 0.191667
1 0.933594 0.029167 0.132812 0.058333
1 0.765625 0.267708 0.168750 0.235417
1 0.413281 0.929167 0.185938 0.141667
1 0.853125 0.430208 0.115625 0.139583
1 0.080469 0.861458 0.151562 0.218750
1 0.679688 0.707292 0.175000 0.231250
1 0.926562 0.252083 0.140625 0.237500
1 0.642188 0.456250 0.171875 0.225000
1 0.918750 0.658333 0.162500 0.225000
1 0.763281 0.648958 0.167187 0.222917
1 0.611719 0.067708 0.167187 0.135417
1 0.929688 0.848958 0.140625 0.172917
1 0.534375 0.287500 0.184375 0.245833
1 0.771094 0.069792 0.139063 0.139583
0 0.276563 0.495833 0.418750 0.516667
1 0.182031 0.105208 0.167187 0.210417
1 0.620313 0.826042 0.143750 0.202083
1 0.128125 0.957292 0.168750 0.081250
1 0.101562 0.182292 0.171875 0.214583
1 0.077344 0.292708 0.145313 0.227083
1 0.347656 0.191667 0.201563 0.191667
1 0.933594 0.029167 0.132812 0.058333
1 0.765625 0.267708 0.168750 0.235417
1 0.413281 0.929167 0.185938 0.141667
1 0.853125 0.430208 0.115625 0.139583
1 0.080469 0.861458 0.151562 0.218750
1 0.679688 0.707292 0.175000 0.231250
1 0.926562 0.252083 0.140625 0.237500
1 0.642188 0.456250 0.171875 0.225000
1 0.918750 0.658333 0.162500 0.225000
1 0.763281 0.648958 0.167187 0.222917
1 0.611719 0.067708 0.167187 0.135417
1 0.929688 0.848958 0.140625 0.172917
1 0.534375 0.287500 0.184375 0.245833
1 0.771094 0.069792 0.139063 0.139583
0 0.276563 0.495833 0.418750 0.516667
1 0.182031 0.105208 0.167187 0.210417
1 0.620313 0.826042 0.143750 0.202083
1 0.128125 0.957292 0.168750 0.081250
1 0.101562 0.182292 0.171875 0.214583
1 0.077344 0.292708 0.145313 0.227083
1 0.347656 0.191667 0.201563 0.191667
1 0.933594 0.029167 0.132812 0.058333
1 0.765625 0.267708 0.168750 0.235417
1 0.413281 0.929167 0.185938 0.141667
1 0.853125 0.430208 0.115625 0.139583
1 0.080469 0.861458 0.151562 0.218750
1 0.679688 0.707292 0.175000 0.231250
1 0.926562 0.252083 0.140625 0.237500
1 0.642188 0.456250 0.171875 0.225000
1 0.918750 0.658333 0.162500 0.225000
1 0.763281 0.648958 0.167187 0.222917
1 0.611719 0.067708 0.167187 0.135417
1 0.929688 0.848958 0.140625 0.172917
1 0.534375 0.287500 0.184375 0.245833
1 0.771094 0.069792 0.139063 0.139583
0 0.276563 0.495833 0.418750 0.516667
1 0.182031 0.105208 0.167187 0.210417
1 0.620313 0.826042 0.143750 0.202083
1 0.128125 0.957292 0.168750 0.081250
1 0.101562 0.182292 0.171875 0.214583
1 0.077344 0.292708 0.145313 0.227083
1 0.347656 0.191667 0.201563 0.191667
1 0.933594 0.029167 0.132812 0.058333
1 0.765625 0.267708 0.168750 0.235417
1 0.413281 0.929167 0.185938 0.141667
1 0.853125 0.430208 0.115625 0.139583
1 0.080469 0.861458 0.151562 0.218750
1 0.679688 0.707292 0.175000 0.231250
1 0.926562 0.252083 0.140625 0.237500
1 0.642188 0.456250 0.171875 0.225000
1 0.918750 0.658333 0.162500 0.225000
1 0.763281 0.648958 0.167187 0.222917
1 0.611719 0.067708 0.167187 0.135417
1 0.929688 0.848958 0.140625 0.172917
1 0.534375 0.287500 0.184375 0.245833
1 0.771094 0.069792 0.139063 0.139583
0 0.276563 0.495833 0.418750 0.516667
1 0.182031 0.105208 0.167187 0.210417
1 0.620313 0.826042 0.143750 0.202083
1 0.128125 0.957292 0.168750 0.081250
1 0.101562 0.182292 0.171875 0.214583
1 0.077344 0.292708 0.145313 0.227083
1 0.347656 0.191667 0.201563 0.191667
1 0.933594 0.029167 0.132812 0.058333
1 0.765625 0.267708 0.168750 0.235417
1 0.413281 0.929167 0.185938 0.141667
1 0.853125 0.430208 0.115625 0.139583
1 0.080469 0.861458 0.151562 0.218750
1 0.679688 0.707292 0.175000 0.231250
1 0.926562 0.252083 0.140625 0.237500
1 0.642188 0.456250 0.171875 0.225000
1 0.918750 0.658333 0.162500 0.225000
1 0.763281 0.648958 0.167187 0.222917
1 0.611719 0.067708 0.167187 0.135417
1 0.929688 0.848958 0.140625 0.172917
1 0.534375 0.287500 0.184375 0.245833
1 0.771094 0.069792 0.139063 0.139583
0 0.276563 0.495833 0.418750 0.516667
1 0.182031 0.105208 0.167187 0.210417
1 0.620313 0.826042 0.143750 0.202083
1 0.128125 0.957292 0.168750 0.081250
1 0.101562 0.182292 0.171875 0.214583
1 0.077344 0.292708 0.145313 0.227083
1 0.347656 0.191667 0.201563 0.191667
1 0.933594 0.029167 0.132812 0.058333
1 0.765625 0.267708 0.168750 0.235417
1 0.413281 0.929167 0.185938 0.141667
1 0.853125 0.430208 0.115625 0.139583
1 0.080469 0.861458 0.151562 0.218750
1 0.679688 0.707292 0.175000 0.231250
1 0.926562 0.252083 0.140625 0.237500
1 0.642188 0.456250 0.171875 0.225000
1 0.918750 0.658333 0.162500 0.225000
1 0.763281 0.648958 0.167187 0.222917
1 0.611719 0.067708 0.167187 0.135417
1 0.929688 0.848958 0.140625 0.172917
1 0.534375 0.287500 0.184375 0.245833
1 0.771094 0.069792 0.139063 0.139583
0 0.276563 0.495833 0.418750 0.516667
1 0.182031 0.105208 0.167187 0.210417
1 0.620313 0.826042 0.143750 0.202083
1 0.128125 0.957292 0.168750 0.081250
1 0.101562 0.182292 0.171875 0.214583
1 0.077344 0.292708 0.145313 0.227083
1 0.347656 0.191667 0.201563 0.191667
1 0.933594 0.029167 0.132812 0.058333
1 0.765625 0.267708 0.168750 0.235417
1 0.413281 0.929167 0.185938 0.141667
1 0.853125 0.430208 0.115625 0.139583
1 0.080469 0.861458 0.151562 0.218750
1 0.679688 0.707292 0.175000 0.231250
1 0.926562 0.252083 0.140625 0.237500
1 0.642188 0.456250 0.171875 0.225000
1 0.918750 0.658333 0.162500 0.225000
1 0.763281 0.648958 0.167187 0.222917
1 0.611719 0.067708 0.167187 0.135417
1 0.929688 0.848958 0.140625 0.172917
1 0.534375 0.287500 0.184375 0.245833
1 0.771094 0.069792 0.139063 0.139583
0 0.276563 0.495833 0.418750 0.516667
1 0.182031 0.105208 0.167187 0.210417
1 0.620313 0.826042 0.143750 0.202083
1 0.128125 0.957292 0.168750 0.081250
1 0.101562 0.182292 0.171875 0.214583
1 0.077344 0.292708 0.145313 0.227083
1 0.347656 0.191667 0.201563 0.191667
1 0.933594 0.029167 0.132812 0.058333
1 0.765625 0.267708 0.168750 0.235417
1 0.413281 0.929167 0.185938 0.141667
1 0.853125 0.430208 0.115625 0.139583
1 0.080469 0.861458 0.151562 0.218750
1 0.679688 0.707292 0.175000 0.231250
1 0.926562 0.252083 0.140625 0.237500
1 0.642188 0.456250 0.171875 0.225000
1 0.918750 0.658333 0.162500 0.225000
1 0.763281 0.648958 0.167187 0.222917
1 0.611719 0.067708 0.167187 0.135417
1 0.929688 0.848958 0.140625 0.172917
1 0.534375 0.287500 0.184375 0.245833
1 0.771094 0.069792 0.139063 0.139583
0 0.276563 0.495833 0.418750 0.516667
1 0.182031 0.105208 0.167187 0.210417
1 0.620313 0.826042 0.143750 0.202083
1 0.128125 0.957292 0.168750 0.081250
1 0.101562 0.182292 0.171875 0.214583
1 0.077344 0.292708 0.145313 0.227083
1 0.347656 0.191667 0.201563 0.191667
1 0.933594 0.029167 0.132812 0.058333
1 0.765625 0.267708 0.168750 0.235417
1 0.413281 0.929167 0.185938 0.141667
1 0.853125 0.430208 0.115625 0.139583
1 0.080469 0.861458 0.151562 0.218750
1 0.679688 0.707292 0.175000 0.231250
1 0.926562 0.252083 0.140625 0.237500
1 0.642188 0.456250 0.171875 0.225000
1 0.918750 0.658333 0.162500 0.225000
1 0.763281 0.648958 0.167187 0.222917
1 0.611719 0.067708 0.167187 0.135417
1 0.929688 0.848958 0.140625 0.172917
1 0.534375 0.287500 0.184375 0.245833
1 0.771094 0.069792 0.139063 0.139583
0 0.276563 0.495833 0.418750 0.516667
1 0.182031 0.105208 0.167187 0.210417
1 0.620313 0.826042 0.143750 0.202083
1 0.128125 0.957292 0.168750 0.081250
1 0.101562 0.182292 0.171875 0.214583
1 0.077344 0.292708 0.145313 0.227083
1 0.347656 0.191667 0.201563 0.191667
1 0.933594 0.029167 0.132812 0.058333
1 0.765625 0.267708 0.168750 0.235417
1 0.413281 0.929167 0.185938 0.141667
1 0.853125 0.430208 0.115625 0.139583
1 0.080469 0.861458 0.151562 0.218750
1 0.679688 0.707292 0.175000 0.231250
1 0.926562 0.252083 0.140625 0.237500
1 0.642188 0.456250 0.171875 0.225000
1 0.918750 0.658333 0.162500 0.225000
1 0.763281 0.648958 0.167187 0.222917
1 0.611719 0.067708 0.167187 0.135417
1 0.929688 0.848958 0.140625 0.172917
1 0.534375 0.287500 0.184375 0.245833
1 0.771094 0.069792 0.139063 0.139583
0 0.276563 0.495833 0.418750 0.516667
1 0.182031 0.105208 0.167187 0.210417
1 0.620313 0.826042 0.143750 0.202083
1 0.128125 0.957292 0.168750 0.081250
1 0.101562 0.182292 0.171875 0.214583
1 0.077344 0.292708 0.145313 0.227083
1 0.347656 0.191667 0.201563 0.191667
1 0.933594 0.029167 0.132812 0.058333
1 0.765625 0.267708 0.168750 0.235417
1 0.413281 0.929167 0.185938 0.141667
1 0.853125 0.430208 0.115625 0.139583
1 0.080469 0.861458 0.151562 0.218750
1 0.679688 0.707292 0.175000 0.231250
1 0.926562 0.252083 0.140625 0.237500
1 0.642188 0.456250 0.171875 0.225000
1 0.918750 0.658333 0.162500 0.225000
1 0.763281 0.648958 0.167187 0.222917
1 0.611719 0.067708 0.167187 0.135417
1 0.929688 0.848958 0.140625 0.172917
1 0.534375 0.287500 0.184375 0.245833
1 0.771094 0.069792 0.139063 0.139583
0 0.276563 0.495833 0.418750 0.516667
1 0.182031 0.105208 0.167187 0.210417
1 0.620313 0.826042 0.143750 0.202083
1 0.128125 0.957292 0.168750 0.081250
1 0.101562 0.182292 0.171875 0.214583
1 0.077344 0.292708 0.145313 0.227083
1 0.347656 0.191667 0.201563 0.191667
1 0.933594 0.029167 0.132812 0.058333
1 0.765625 0.267708 0.168750 0.235417
1 0.413281 0.929167 0.185938 0.141667
1 0.853125 0.430208 0.115625 0.139583
1 0.080469 0.861458 0.151562 0.218750
1 0.679688 0.707292 0.175000 0.231250
1 0.926562 0.252083 0.140625 0.237500
1 0.642188 0.456250 0.171875 0.225000
1 0.918750 0.658333 0.162500 0.225000
1 0.763281 0.648958 0.167187 0.222917
1 0.611719 0.067708 0.167187 0.135417
1 0.929688 0.848958 0.140625 0.172917
1 0.534375 0.287500 0.184375 0.245833
1 0.771094 0.069792 0.139063 0.139583
0 0.276563 0.495833 0.418750 0.516667
1 0.182031 0.105208 0.167187 0.210417
1 0.620313 0.826042 0.143750 0.202083
1 0.128125 0.957292 0.168750 0.081250
1 0.101562 0.182292 0.171875 0.214583
1 0.077344 0.292708 0.145313 0.227083
1 0.347656 0.191667 0.201563 0.191667
1 0.933594 0.029167 0.132812 0.058333
1 0.765625 0.267708 0.168750 0.235417
1 0.413281 0.929167 0.185938 0.141667
1 0.853125 0.430208 0.115625 0.139583
1 0.080469 0.861458 0.151562 0.218750
1 0.679688 0.707292 0.175000 0.231250
1 0.926562 0.252083 0.140625 0.237500
1 0.642188 0.456250 0.171875 0.225000
1 0.918750 0.658333 0.162500 0.225000
1 0.763281 0.648958 0.167187 0.222917
1 0.611719 0.067708 0.167187 0.135417
1 0.929688 0.848958 0.140625 0.172917
1 0.534375 0.287500 0.184375 0.245833
1 0.771094 0.069792 0.139063 0.139583
0 0.276563 0.495833 0.418750 0.516667
1 0.182031 0.105208 0.167187 0.210417
1 0.620313 0.826042 0.143750 0.202083
1 0.128125 0.957292 0.168750 0.081250
1 0.101562 0.182292 0.171875 0.214583
1 0.077344 0.292708 0.145313 0.227083
1 0.347656 0.191667 0.201563 0.191667
1 0.933594 0.029167 0.132812 0.058333
1 0.765625 0.267708 0.168750 0.235417
1 0.413281 0.929167 0.185938 0.141667
1 0.853125 0.430208 0.115625 0.139583
1 0.080469 0.861458 0.151562 0.218750
1 0.679688 0.707292 0.175000 0.231250
1 0.926562 0.252083 0.140625 0.237500
1 0.642188 0.456250 0.171875 0.225000
1 0.918750 0.658333 0.162500 0.225000
1 0.763281 0.648958 0.167187 0.222917
1 0.611719 0.067708 0.167187 0.135417
1 0.929688 0.848958 0.140625 0.172917
1 0.534375 0.287500 0.184375 0.245833
1 0.771094 0.069792 0.139063 0.139583
0 0.276563 0.495833 0.418750 0.516667
1 0.182031 0.105208 0.167187 0.210417
1 0.620313 0.826042 0.143750 0.202083
1 0.128125 0.957292 0.168750 0.081250
1 0.101562 0.182292 0.171875 0.214583
1 0.077344 0.292708 0.145313 0.227083
1 0.347656 0.191667 0.201563 0.191667
1 0.933594 0.029167 0.132812 0.058333
1 0.765625 0.267708 0.168750 0.235417
1 0.413281 0.929167 0.185938 0.141667
1 0.853125 0.430208 0.115625 0.139583
1 0.080469 0.861458 0.151562 0.218750
1 0.679688 0.707292 0.175000 0.231250
1 0.926562 0.252083 0.140625 0.237500
1 0.642188 0.456250 0.171875 0.225000
1 0.918750 0.658333 0.162500 0.225000
1 0.763281 0.648958 0.167187 0.222917
1 0.611719 0.067708 0.167187 0.135417
1 0.929688 0.848958 0.140625 0.172917
1 0.534375 0.287500 0.184375 0.245833
1 0.771094 0.069792 0.139063 0.139583
0 0.276563 0.495833 0.418750 0.516667
1 0.182031 0.105208 0.167187 0.210417
1 0.620313 0.826042 0.143750 0.202083
1 0.128125 0.957292 0.168750 0.081250
1 0.101562 0.182292 0.171875 0.214583
1 0.077344 0.292708 0.145313 0.227083
1 0.347656 0.191667 0.201563 0.191667
1 0.933594 0.029167 0.132812 0.058333
1 0.765625 0.267708 0.168750 0.235417
1 0.413281 0.929167 0.185938 0.141667
1 0.853125 0.430208 0.115625 0.139583
1 0.080469 0.861458 0.151562 0.218750
1 0.679688 0.707292 0.175000 0.231250
1 0.926562 0.252083 0.140625 0.237500
1 0.642188 0.456250 0.171875 0.225000
1 0.918750 0.658333 0.162500 0.225000
1 0.763281 0.648958 0.167187 0.222917
1 0.611719 0.067708 0.167187 0.135417
1 0.929688 0.848958 0.140625 0.172917
1 0.534375 0.287500 0.184375 0.245833
1 0.771094 0.069792 0.139063 0.139583
0 0.276563 0.495833 0.418750 0.516667
1 0.182031 0.105208 0.167187 0.210417
1 0.620313 0.826042 0.143750 0.202083
1 0.128125 0.957292 0.168750 0.081250
1 0.101562 0.182292 0.171875 0.214583
1 0.077344 0.292708 0.145313 0.227083
1 0.347656 0.191667 0.201563 0.191667
1 0.933594 0.029167 0.132812 0.058333
1 0.765625 0.267708 0.168750 0.235417
1 0.413281 0.929167 0.185938 0.141667
1 0.853125 0.430208 0.115625 0.139583
1 0.080469 0.861458 0.151562 0.218750
1 0.679688 0.707292 0.175000 0.231250
1 0.926562 0.252083 0.140625 0.237500
1 0.642188 0.456250 0.171875 0.225000
1 0.918750 0.658333 0.162500 0.225000
1 0.763281 0.648958 0.167187 0.222917
1 0.611719 0.067708 0.167187 0.135417
1 0.929688 0.848958 0.140625 0.172917
1 0.534375 0.287500 0.184375 0.245833
1 0.771094 0.069792 0.139063 0.139583
0 0.276563 0.495833 0.418750 0.516667
1 0.182031 0.105208 0.167187 0.210417
1 0.620313 0.826042 0.143750 0.202083
1 0.128125 0.957292 0.168750 0.081250
1 0.101562 0.182292 0.171875 0.214583
1 0.077344 0.292708 0.145313 0.227083
1 0.347656 0.191667 0.201563 0.191667
1 0.933594 0.029167 0.132812 0.058333
1 0.765625 0.267708 0.168750 0.235417
1 0.413281 0.929167 0.185938 0.141667
1 0.853125 0.430208 0.115625 0.139583
1 0.080469 0.861458 0.151562 0.218750
1 0.679688 0.707292 0.175000 0.231250
1 0.926562 0.252083 0.140625 0.237500
1 0.642188 0.456250 0.171875 0.225000
1 0.918750 0.658333 0.162500 0.225000
1 0.763281 0.648958 0.167187 0.222917
1 0.611719 0.067708 0.167187 0.135417
1 0.929688 0.848958 0.140625 0.172917
1 0.534375 0.287500 0.184375 0.245833
1 0.771094 0.069792 0.139063 0.139583
0 0.276563 0.495833 0.418750 0.516667
1 0.182031 0.105208 0.167187 0.210417
1 0.620313 0.826042 0.143750 0.202083
