1 0.270313 0.086458 0.162500 0.168750
1 0.789844 0.051042 0.179688 0.102083
1 0.977344 0.086458 0.045313 0.172917
1 0.444531 0.865625 0.164062 0.231250
1 0.335156 0.576042 0.185938 0.222917
1 0.707031 0.941667 0.164062 0.116667
1 0.183594 0.306250 0.173438 0.216667
2 0.796094 0.436458 0.051562 0.072917
1 0.948438 0.853125 0.103125 0.206250
2 0.619531 0.256250 0.076563 0.095833
1 0.813281 0.881250 0.167187 0.166667
1 0.693750 0.103125 0.187500 0.206250
1 0.116406 0.659375 0.198437 0.247917
1 0.078125 0.320833 0.153125 0.208333
1 0.415625 0.121875 0.184375 0.243750
0 0.633594 0.771875 0.223438 0.281250
1 0.891406 0.333333 0.167187 0.204167
1 0.246094 0.833333 0.182812 0.262500
1 0.672656 0.412500 0.167187 0.212500
1 0.528906 0.458333 0.185938 0.216667
1 0.270313 0.086458 0.162500 0.168750
1 0.789844 0.051042 0.179688 0.102083
1 0.977344 0.086458 0.045313 0.172917
1 0.444531 0.865625 0.164062 0.231250
1 0.335156 0.576042 0.185938 0.222917
1 0.707031 0.941667 0.164062 0.116667
1 0.183594 0.306250 0.173438 0.216667
2 0.796094 0.436458 0.051562 0.072917
1 0.948438 0.853125 0.103125 0.206250
2 0.619531 0.256250 0.076563 0.095833
1 0.813281 0.881250 0.167187 0.166667
1 0.693750 0.103125 0.187500 0.206250
1 0.116406 0.659375 0.198437 0.247917
1 0.078125 0.320833 0.153125 0.208333
1 0.415625 0.121875 0.184375 0.243750
0 0.633594 0.771875 0.223438 0.281250
1 0.891406 0.333333 0.167187 0.204167
1 0.246094 0.833333 0.182812 0.262500
1 0.672656 0.412500 0.167187 0.212500
1 0.528906 0.458333 0.185938 0.216667
1 0.270313 0.086458 0.162500 0.168750
1 0.789844 0.051042 0.179688 0.102083
1 0.977344 0.086458 0.045313 0.172917
1 0.444531 0.865625 0.164062 0.231250
1 0.335156 0.576042 0.185938 0.222917
1 0.707031 0.941667 0.164062 0.116667
1 0.183594 0.306250 0.173438 0.216667
2 0.796094 0.436458 0.051562 0.072917
1 0.948438 0.853125 0.103125 0.206250
2 0.619531 0.256250 0.076563 0.095833
1 0.813281 0.881250 0.167187 0.166667
1 0.693750 0.103125 0.187500 0.206250
1 0.116406 0.659375 0.198437 0.247917
1 0.078125 0.320833 0.153125 0.208333
1 0.415625 0.121875 0.184375 0.243750
0 0.633594 0.771875 0.223438 0.281250
1 0.891406 0.333333 0.167187 0.204167
1 0.246094 0.833333 0.182812 0.262500
1 0.672656 0.412500 0.167187 0.212500
1 0.528906 0.458333 0.185938 0.216667
1 0.270313 0.086458 0.162500 0.168750
1 0.789844 0.051042 0.179688 0.102083
1 0.977344 0.086458 0.045313 0.172917
1 0.444531 0.865625 0.164062 0.231250
1 0.335156 0.576042 0.185938 0.222917
1 0.707031 0.941667 0.164062 0.116667
1 0.183594 0.306250 0.173438 0.216667
2 0.796094 0.436458 0.051562 0.072917
1 0.948438 0.853125 0.103125 0.206250
2 0.619531 0.256250 0.076563 0.095833
1 0.813281 0.881250 0.167187 0.166667
1 0.693750 0.103125 0.187500 0.206250
1 0.116406 0.659375 0.198437 0.247917
1 0.078125 0.320833 0.153125 0.208333
1 0.415625 0.121875 0.184375 0.243750
0 0.633594 0.771875 0.223438 0.281250
1 0.891406 0.333333 0.167187 0.204167
1 0.246094 0.833333 0.182812 0.262500
1 0.672656 0.412500 0.167187 0.212500
1 0.528906 0.458333 0.185938 0.216667
1 0.270313 0.086458 0.162500 0.168750
1 0.789844 0.051042 0.179688 0.102083
1 0.977344 0.086458 0.045313 0.172917
1 0.444531 0.865625 0.164062 0.231250
1 0.335156 0.576042 0.185938 0.222917
1 0.707031 0.941667 0.164062 0.116667
1 0.183594 0.306250 0.173438 0.216667
2 0.796094 0.436458 0.051562 0.072917
1 0.948438 0.853125 0.103125 0.206250
2 0.619531 0.256250 0.076563 0.095833
1 0.813281 0.881250 0.167187 0.166667
1 0.693750 0.103125 0.187500 0.206250
1 0.116406 0.659375 0.198437 0.247917
1 0.078125 0.320833 0.153125 0.208333
1 0.415625 0.121875 0.184375 0.243750
0 0.633594 0.771875 0.223438 0.281250
1 0.891406 0.333333 0.167187 0.204167
1 0.246094 0.833333 0.182812 0.262500
1 0.672656 0.412500 0.167187 0.212500
1 0.528906 0.458333 0.185938 0.216667
1 0.270313 0.086458 0.162500 0.168750
1 0.789844 0.051042 0.179688 0.102083
1 0.977344 0.086458 0.045313 0.172917
1 0.444531 0.865625 0.164062 0.231250
1 0.335156 0.576042 0.185938 0.222917
1 0.707031 0.941667 0.164062 0.116667
1 0.183594 0.306250 0.173438 0.216667
2 0.796094 0.436458 0.051562 0.072917
1 0.948438 0.853125 0.103125 0.206250
2 0.619531 0.256250 0.076563 0.095833
1 0.813281 0.881250 0.167187 0.166667
1 0.693750 0.103125 0.187500 0.206250
1 0.116406 0.659375 0.198437 0.247917
1 0.078125 0.320833 0.153125 0.208333
1 0.415625 0.121875 0.184375 0.243750
0 0.633594 0.771875 0.223438 0.281250
1 0.891406 0.333333 0.167187 0.204167
1 0.246094 0.833333 0.182812 0.262500
1 0.672656 0.412500 0.167187 0.212500
1 0.528906 0.458333 0.185938 0.216667
1 0.270313 0.086458 0.162500 0.168750
1 0.789844 0.051042 0.179688 0.102083
1 0.977344 0.086458 0.045313 0.172917
1 0.444531 0.865625 0.164062 0.231250
1 0.335156 0.576042 0.185938 0.222917
1 0.707031 0.941667 0.164062 0.116667
1 0.183594 0.306250 0.173438 0.216667
2 0.796094 0.436458 0.051562 0.072917
1 0.948438 0.853125 0.103125 0.206250
2 0.619531 0.256250 0.076563 0.095833
1 0.813281 0.881250 0.167187 0.166667
1 0.693750 0.103125 0.187500 0.206250
1 0.116406 0.659375 0.198437 0.247917
1 0.078125 0.320833 0.153125 0.208333
1 0.415625 0.121875 0.184375 0.243750
0 0.633594 0.771875 0.223438 0.281250
1 0.891406 0.333333 0.167187 0.204167
1 0.246094 0.833333 0.182812 0.262500
1 0.672656 0.412500 0.167187 0.212500
1 0.528906 0.458333 0.185938 0.216667
1 0.270313 0.086458 0.162500 0.168750
1 0.789844 0.051042 0.179688 0.102083
1 0.977344 0.086458 0.045313 0.172917
1 0.444531 0.865625 0.164062 0.231250
1 0.335156 0.576042 0.185938 0.222917
1 0.707031 0.941667 0.164062 0.116667
1 0.183594 0.306250 0.173438 0.216667
2 0.796094 0.436458 0.051562 0.072917
1 0.948438 0.853125 0.103125 0.206250
2 0.619531 0.256250 0.076563 0.095833
1 0.813281 0.881250 0.167187 0.166667
1 0.693750 0.103125 0.187500 0.206250
1 0.116406 0.659375 0.198437 0.247917
1 0.078125 0.320833 0.153125 0.208333
1 0.415625 0.121875 0.184375 0.243750
0 0.633594 0.771875 0.223438 0.281250
1 0.891406 0.333333 0.167187 0.204167
1 0.246094 0.833333 0.182812 0.262500
1 0.672656 0.412500 0.167187 0.212500
1 0.528906 0.458333 0.185938 0.216667
1 0.270313 0.086458 0.162500 0.168750
1 0.789844 0.051042 0.179688 0.102083
1 0.977344 0.086458 0.045313 0.172917
1 0.444531 0.865625 0.164062 0.231250
1 0.335156 0.576042 0.185938 0.222917
1 0.707031 0.941667 0.164062 0.116667
1 0.183594 0.306250 0.173438 0.216667
2 0.796094 0.436458 0.051562 0.072917
1 0.948438 0.853125 0.103125 0.206250
2 0.619531 0.256250 0.076563 0.095833
1 0.813281 0.881250 0.167187 0.166667
1 0.693750 0.103125 0.187500 0.206250
1 0.116406 0.659375 0.198437 0.247917
1 0.078125 0.320833 0.153125 0.208333
1 0.415625 0.121875 0.184375 0.243750
0 0.633594 0.771875 0.223438 0.281250
1 0.891406 0.333333 0.167187 0.204167
1 0.246094 0.833333 0.182812 0.262500
1 0.672656 0.412500 0.167187 0.212500
1 0.528906 0.458333 0.185938 0.216667
1 0.270313 0.086458 0.162500 0.168750
1 0.789844 0.051042 0.179688 0.102083
1 0.977344 0.086458 0.045313 0.172917
1 0.444531 0.865625 0.164062 0.231250
1 0.335156 0.576042 0.185938 0.222917
1 0.707031 0.941667 0.164062 0.116667
1 0.183594 0.306250 0.173438 0.216667
2 0.796094 0.436458 0.051562 0.072917
1 0.948438 0.853125 0.103125 0.206250
2 0.619531 0.256250 0.076563 0.095833
1 0.813281 0.881250 0.167187 0.166667
1 0.693750 0.103125 0.187500 0.206250
1 0.116406 0.659375 0.198437 0.247917
1 0.078125 0.320833 0.153125 0.208333
1 0.415625 0.121875 0.184375 0.243750
0 0.633594 0.771875 0.223438 0.281250
1 0.891406 0.333333 0.167187 0.204167
1 0.246094 0.833333 0.182812 0.262500
1 0.672656 0.412500 0.167187 0.212500
1 0.528906 0.458333 0.185938 0.216667
1 0.270313 0.086458 0.162500 0.168750
1 0.789844 0.051042 0.179688 0.102083
1 0.977344 0.086458 0.045313 0.172917
1 0.444531 0.865625 0.164062 0.231250
1 0.335156 0.576042 0.185938 0.222917
1 0.707031 0.941667 0.164062 0.116667
1 0.183594 0.306250 0.173438 0.216667
2 0.796094 0.436458 0.051562 0.072917
1 0.948438 0.853125 0.103125 0.206250
2 0.619531 0.256250 0.076563 0.095833
1 0.813281 0.881250 0.167187 0.166667
1 0.693750 0.103125 0.187500 0.206250
1 0.116406 0.659375 0.198437 0.247917
1 0.078125 0.320833 0.153125 0.208333
1 0.415625 0.121875 0.184375 0.243750
0 0.633594 0.771875 0.223438 0.281250
1 0.891406 0.333333 0.167187 0.204167
1 0.246094 0.833333 0.182812 0.262500
1 0.672656 0.412500 0.167187 0.212500
1 0.528906 0.458333 0.185938 0.216667
1 0.270313 0.086458 0.162500 0.168750
1 0.789844 0.051042 0.179688 0.102083
1 0.977344 0.086458 0.045313 0.172917
1 0.444531 0.865625 0.164062 0.231250
1 0.335156 0.576042 0.185938 0.222917
1 0.707031 0.941667 0.164062 0.116667
1 0.183594 0.306250 0.173438 0.216667
2 0.796094 0.436458 0.051562 0.072917
1 0.948438 0.853125 0.103125 0.206250
2 0.619531 0.256250 0.076563 0.095833
1 0.813281 0.881250 0.167187 0.166667
1 0.693750 0.103125 0.187500 0.206250
1 0.116406 0.659375 0.198437 0.247917
1 0.078125 0.320833 0.153125 0.208333
1 0.415625 0.121875 0.184375 0.243750
0 0.633594 0.771875 0.223438 0.281250
1 0.891406 0.333333 0.167187 0.204167
1 0.246094 0.833333 0.182812 0.262500
1 0.672656 0.412500 0.167187 0.212500
1 0.528906 0.458333 0.185938 0.216667
1 0.270313 0.086458 0.162500 0.168750
1 0.789844 0.051042 0.179688 0.102083
1 0.977344 0.086458 0.045313 0.172917
1 0.444531 0.865625 0.164062 0.231250
1 0.335156 0.576042 0.185938 0.222917
1 0.707031 0.941667 0.164062 0.116667
1 0.183594 0.306250 0.173438 0.216667
2 0.796094 0.436458 0.051562 0.072917
1 0.948438 0.853125 0.103125 0.206250
2 0.619531 0.256250 0.076563 0.095833
1 0.813281 0.881250 0.167187 0.166667
1 0.693750 0.103125 0.187500 0.206250
1 0.116406 0.659375 0.198437 0.247917
1 0.078125 0.320833 0.153125 0.208333
1 0.415625 0.121875 0.184375 0.243750
0 0.633594 0.771875 0.223438 0.281250
1 0.891406 0.333333 0.167187 0.204167
1 0.246094 0.833333 0.182812 0.262500
1 0.672656 0.412500 0.167187 0.212500
1 0.528906 0.458333 0.185938 0.216667
1 0.270313 0.086458 0.162500 0.168750
1 0.789844 0.051042 0.179688 0.102083
1 0.977344 0.086458 0.045313 0.172917
1 0.444531 0.865625 0.164062 0.231250
1 0.335156 0.576042 0.185938 0.222917
1 0.707031 0.941667 0.164062 0.116667
1 0.183594 0.306250 0.173438 0.216667
2 0.796094 0.436458 0.051562 0.072917
1 0.948438 0.853125 0.103125 0.206250
2 0.619531 0.256250 0.076563 0.095833
1 0.813281 0.881250 0.167187 0.166667
1 0.693750 0.103125 0.187500 0.206250
1 0.116406 0.659375 0.198437 0.247917
1 0.078125 0.320833 0.153125 0.208333
1 0.415625 0.121875 0.184375 0.243750
0 0.633594 0.771875 0.223438 0.281250
1 0.891406 0.333333 0.167187 0.204167
1 0.246094 0.833333 0.182812 0.262500
1 0.672656 0.412500 0.167187 0.212500
1 0.528906 0.458333 0.185938 0.216667
1 0.270313 0.086458 0.162500 0.168750
1 0.789844 0.051042 0.179688 0.102083
1 0.977344 0.086458 0.045313 0.172917
1 0.444531 0.865625 0.164062 0.231250
1 0.335156 0.576042 0.185938 0.222917
1 0.707031 0.941667 0.164062 0.116667
1 0.183594 0.306250 0.173438 0.216667
2 0.796094 0.436458 0.051562 0.072917
1 0.948438 0.853125 0.103125 0.206250
2 0.619531 0.256250 0.076563 0.095833
1 0.813281 0.881250 0.167187 0.166667
1 0.693750 0.103125 0.187500 0.206250
1 0.116406 0.659375 0.198437 0.247917
1 0.078125 0.320833 0.153125 0.208333
1 0.415625 0.121875 0.184375 0.243750
0 0.633594 0.771875 0.223438 0.281250
1 0.891406 0.333333 0.167187 0.204167
1 0.246094 0.833333 0.182812 0.262500
1 0.672656 0.412500 0.167187 0.212500
1 0.528906 0.458333 0.185938 0.216667
1 0.270313 0.086458 0.162500 0.168750
1 0.789844 0.051042 0.179688 0.102083
1 0.977344 0.086458 0.045313 0.172917
1 0.444531 0.865625 0.164062 0.231250
1 0.335156 0.576042 0.185938 0.222917
1 0.707031 0.941667 0.164062 0.116667
1 0.183594 0.306250 0.173438 0.216667
2 0.796094 0.436458 0.051562 0.072917
1 0.948438 0.853125 0.103125 0.206250
2 0.619531 0.256250 0.076563 0.095833
1 0.813281 0.881250 0.167187 0.166667
1 0.693750 0.103125 0.187500 0.206250
1 0.116406 0.659375 0.198437 0.247917
1 0.078125 0.320833 0.153125 0.208333
1 0.415625 0.121875 0.184375 0.243750
0 0.633594 0.771875 0.223438 0.281250
1 0.891406 0.333333 0.167187 0.204167
1 0.246094 0.833333 0.182812 0.262500
1 0.672656 0.412500 0.167187 0.212500
1 0.528906 0.458333 0.185938 0.216667
1 0.270313 0.086458 0.162500 0.168750
1 0.789844 0.051042 0.179688 0.102083
1 0.977344 0.086458 0.045313 0.172917
1 0.444531 0.865625 0.164062 0.231250
1 0.335156 0.576042 0.185938 0.222917
1 0.707031 0.941667 0.164062 0.116667
1 0.183594 0.306250 0.173438 0.216667
2 0.796094 0.436458 0.051562 0.072917
1 0.948438 0.853125 0.103125 0.206250
2 0.619531 0.256250 0.076563 0.095833
1 0.813281 0.881250 0.167187 0.166667
1 0.693750 0.103125 0.187500 0.206250
1 0.116406 0.659375 0.198437 0.247917
1 0.078125 0.320833 0.153125 0.208333
1 0.415625 0.121875 0.184375 0.243750
0 0.633594 0.771875 0.223438 0.281250
1 0.891406 0.333333 0.167187 0.204167
1 0.246094 0.833333 0.182812 0.262500
1 0.672656 0.412500 0.167187 0.212500
1 0.528906 0.458333 0.185938 0.216667
1 0.270313 0.086458 0.162500 0.168750
1 0.789844 0.051042 0.179688 0.102083
1 0.977344 0.086458 0.045313 0.172917
1 0.444531 0.865625 0.164062 0.231250
1 0.335156 0.576042 0.185938 0.222917
1 0.707031 0.941667 0.164062 0.116667
1 0.183594 0.306250 0.173438 0.216667
2 0.796094 0.436458 0.051562 0.072917
1 0.948438 0.853125 0.103125 0.206250
2 0.619531 0.256250 0.076563 0.095833
1 0.813281 0.881250 0.167187 0.166667
1 0.693750 0.103125 0.187500 0.206250
1 0.116406 0.659375 0.198437 0.247917
1 0.078125 0.320833 0.153125 0.208333
1 0.415625 0.121875 0.184375 0.243750
0 0.633594 0.771875 0.223438 0.281250
1 0.891406 0.333333 0.167187 0.204167
1 0.246094 0.833333 0.182812 0.262500
1 0.672656 0.412500 0.167187 0.212500
1 0.528906 0.458333 0.185938 0.216667
1 0.270313 0.086458 0.162500 0.168750
1 0.789844 0.051042 0.179688 0.102083
1 0.977344 0.086458 0.045313 0.172917
1 0.444531 0.865625 0.164062 0.231250
1 0.335156 0.576042 0.185938 0.222917
1 0.707031 0.941667 0.164062 0.116667
1 0.183594 0.306250 0.173438 0.216667
2 0.796094 0.436458 0.051562 0.072917
1 0.948438 0.853125 0.103125 0.206250
2 0.619531 0.256250 0.076563 0.095833
1 0.813281 0.881250 0.167187 0.166667
1 0.693750 0.103125 0.187500 0.206250
1 0.116406 0.659375 0.198437 0.247917
1 0.078125 0.320833 0.153125 0.208333
1 0.415625 0.121875 0.184375 0.243750
0 0.633594 0.771875 0.223438 0.281250
1 0.891406 0.333333 0.167187 0.204167
1 0.246094 0.833333 0.182812 0.262500
1 0.672656 0.412500 0.167187 0.212500
1 0.528906 0.458333 0.185938 0.216667
1 0.270313 0.086458 0.162500 0.168750
1 0.789844 0.051042 0.179688 0.102083
1 0.977344 0.086458 0.045313 0.172917
1 0.444531 0.865625 0.164062 0.231250
1 0.335156 0.576042 0.185938 0.222917
1 0.707031 0.941667 0.164062 0.116667
1 0.183594 0.306250 0.173438 0.216667
2 0.796094 0.436458 0.051562 0.072917
1 0.948438 0.853125 0.103125 0.206250
2 0.619531 0.256250 0.076563 0.095833
1 0.813281 0.881250 0.167187 0.166667
1 0.693750 0.103125 0.187500 0.206250
1 0.116406 0.659375 0.198437 0.247917
1 0.078125 0.320833 0.153125 0.208333
1 0.415625 0.121875 0.184375 0.243750
0 0.633594 0.771875 0.223438 0.281250
1 0.891406 0.333333 0.167187 0.204167
1 0.246094 0.833333 0.182812 0.262500
1 0.672656 0.412500 0.167187 0.212500
1 0.528906 0.458333 0.185938 0.216667
