1 0.703125 0.728125 0.165625 0.222917
1 0.064844 0.530208 0.126563 0.172917
1 0.953906 0.479167 0.092188 0.233333
1 0.286719 0.885417 0.182812 0.212500
1 0.910156 0.691667 0.154688 0.200000
1 0.418750 0.065625 0.187500 0.131250
1 0.137500 0.214583 0.137500 0.245833
1 0.807031 0.541667 0.179688 0.225000
1 0.096094 0.094792 0.167187 0.189583
1 0.557031 0.437500 0.167187 0.195833
1 0.956250 0.848958 0.087500 0.193750
1 0.187500 0.478125 0.143750 0.177083
1 0.720313 0.920833 0.159375 0.154167
1 0.944531 0.263542 0.110937 0.197917
1 0.282813 0.169792 0.153125 0.197917
1 0.371875 0.297917 0.175000 0.191667
1 0.514844 0.944792 0.139063 0.110417
1 0.813281 0.319792 0.164062 0.206250
1 0.364844 0.811458 0.145313 0.177083
0 0.620313 0.164583 0.275000 0.312500
1 0.703125 0.728125 0.165625 0.222917
1 0.064844 0.530208 0.126563 0.172917
1 0.953906 0.479167 0.092188 0.233333
1 0.286719 0.885417 0.182812 0.212500
1 0.910156 0.691667 0.154688 0.200000
1 0.418750 0.065625 0.187500 0.131250
1 0.137500 0.214583 0.137500 0.245833
1 0.807031 0.541667 0.179688 0.225000
1 0.096094 0.094792 0.167187 0.189583
1 0.557031 0.437500 0.167187 0.195833
1 0.956250 0.848958 0.087500 0.193750
1 0.187500 0.478125 0.143750 0.177083
1 0.720313 0.920833 0.159375 0.154167
1 0.944531 0.263542 0.110937 0.197917
1 0.282813 0.169792 0.153125 0.197917
1 0.371875 0.297917 0.175000 0.191667
1 0.514844 0.944792 0.139063 0.110417
1 0.813281 0.319792 0.164062 0.206250
1 0.364844 0.811458 0.145313 0.177083
0 0.620313 0.164583 0.275000 0.312500
1 0.703125 0.728125 0.165625 0.222917
1 0.064844 0.530208 0.126563 0.172917
1 0.953906 0.479167 0.092188 0.233333
1 0.286719 0.885417 0.182812 0.212500
1 0.910156 0.691667 0.154688 0.200000
1 0.418750 0.065625 0.187500 0.131250
1 0.137500 0.214583 0.137500 0.245833
1 0.807031 0.541667 0.179688 0.225000
1 0.096094 0.094792 0.167187 0.189583
1 0.557031 0.437500 0.167187 0.195833
1 0.956250 0.848958 0.087500 0.193750
1 0.187500 0.478125 0.143750 0.177083
1 0.720313 0.920833 0.159375 0.154167
1 0.944531 0.263542 0.110937 0.197917
1 0.282813 0.169792 0.153125 0.197917
1 0.371875 0.297917 0.175000 0.191667
1 0.514844 0.944792 0.139063 0.110417
1 0.813281 0.319792 0.164062 0.206250
1 0.364844 0.811458 0.145313 0.177083
0 0.620313 0.164583 0.275000 0.312500
1 0.703125 0.728125 0.165625 0.222917
1 0.064844 0.530208 0.126563 0.172917
1 0.953906 0.479167 0.092188 0.233333
1 0.286719 0.885417 0.182812 0.212500
1 0.910156 0.691667 0.154688 0.200000
1 0.418750 0.065625 0.187500 0.131250
1 0.137500 0.214583 0.137500 0.245833
1 0.807031 0.541667 0.179688 0.225000
1 0.096094 0.094792 0.167187 0.189583
1 0.557031 0.437500 0.167187 0.195833
1 0.956250 0.848958 0.087500 0.193750
1 0.187500 0.478125 0.143750 0.177083
1 0.720313 0.920833 0.159375 0.154167
1 0.944531 0.263542 0.110937 0.197917
1 0.282813 0.169792 0.153125 0.197917
1 0.371875 0.297917 0.175000 0.191667
1 0.514844 0.944792 0.139063 0.110417
1 0.813281 0.319792 0.164062 0.206250
1 0.364844 0.811458 0.145313 0.177083
0 0.620313 0.164583 0.275000 0.312500
1 0.703125 0.728125 0.165625 0.222917
1 0.064844 0.530208 0.126563 0.172917
1 0.953906 0.479167 0.092188 0.233333
1 0.286719 0.885417 0.182812 0.212500
1 0.910156 0.691667 0.154688 0.200000
1 0.418750 0.065625 0.187500 0.131250
1 0.137500 0.214583 0.137500 0.245833
1 0.807031 0.541667 0.179688 0.225000
1 0.096094 0.094792 0.167187 0.189583
1 0.557031 0.437500 0.167187 0.195833
1 0.956250 0.848958 0.087500 0.193750
1 0.187500 0.478125 0.143750 0.177083
1 0.720313 0.920833 0.159375 0.154167
1 0.944531 0.263542 0.110937 0.197917
1 0.282813 0.169792 0.153125 0.197917
1 0.371875 0.297917 0.175000 0.191667
1 0.514844 0.944792 0.139063 0.110417
1 0.813281 0.319792 0.164062 0.206250
1 0.364844 0.811458 0.145313 0.177083
0 0.620313 0.164583 0.275000 0.312500
1 0.703125 0.728125 0.165625 0.222917
1 0.064844 0.530208 0.126563 0.172917
1 0.953906 0.479167 0.092188 0.233333
1 0.286719 0.885417 0.182812 0.212500
1 0.910156 0.691667 0.154688 0.200000
1 0.418750 0.065625 0.187500 0.131250
1 0.137500 0.214583 0.137500 0.245833
1 0.807031 0.541667 0.179688 0.225000
1 0.096094 0.094792 0.167187 0.189583
1 0.557031 0.437500 0.167187 0.195833
1 0.956250 0.848958 0.087500 0.193750
1 0.187500 0.478125 0.143750 0.177083
1 0.720313 0.920833 0.159375 0.154167
1 0.944531 0.263542 0.110937 0.197917
1 0.282813 0.169792 0.153125 0.197917
1 0.371875 0.297917 0.175000 0.191667
1 0.514844 0.944792 0.139063 0.110417
1 0.813281 0.319792 0.164062 0.206250
1 0.364844 0.811458 0.145313 0.177083
0 0.620313 0.164583 0.275000 0.312500
1 0.703125 0.728125 0.165625 0.222917
1 0.064844 0.530208 0.126563 0.172917
1 0.953906 0.479167 0.092188 0.233333
1 0.286719 0.885417 0.182812 0.212500
1 0.910156 0.691667 0.154688 0.200000
1 0.418750 0.065625 0.187500 0.131250
1 0.137500 0.214583 0.137500 0.245833
1 0.807031 0.541667 0.179688 0.225000
1 0.096094 0.094792 0.167187 0.189583
1 0.557031 0.437500 0.167187 0.195833
1 0.956250 0.848958 0.087500 0.193750
1 0.187500 0.478125 0.143750 0.177083
1 0.720313 0.920833 0.159375 0.154167
1 0.944531 0.263542 0.110937 0.197917
1 0.282813 0.169792 0.153125 0.197917
1 0.371875 0.297917 0.175000 0.191667
1 0.514844 0.944792 0.139063 0.110417
1 0.813281 0.319792 0.164062 0.206250
1 0.364844 0.811458 0.145313 0.177083
0 0.620313 0.164583 0.275000 0.312500
1 0.703125 0.728125 0.165625 0.222917
1 0.064844 0.530208 0.126563 0.172917
1 0.953906 0.479167 0.092188 0.233333
1 0.286719 0.885417 0.182812 0.212500
1 0.910156 0.691667 0.154688 0.200000
1 0.418750 0.065625 0.187500 0.131250
1 0.137500 0.214583 0.137500 0.245833
1 0.807031 0.541667 0.179688 0.225000
1 0.096094 0.094792 0.167187 0.189583
1 0.557031 0.437500 0.167187 0.195833
1 0.956250 0.848958 0.087500 0.193750
1 0.187500 0.478125 0.143750 0.177083
1 0.720313 0.920833 0.159375 0.154167
1 0.944531 0.263542 0.110937 0.197917
1 0.282813 0.169792 0.153125 0.197917
1 0.371875 0.297917 0.175000 0.191667
1 0.514844 0.944792 0.139063 0.110417
1 0.813281 0.319792 0.164062 0.206250
1 0.364844 0.811458 0.145313 0.177083
0 0.620313 0.164583 0.275000 0.312500
1 0.703125 0.728125 0.165625 0.222917
1 0.064844 0.530208 0.126563 0.172917
1 0.953906 0.479167 0.092188 0.233333
1 0.286719 0.885417 0.182812 0.212500
1 0.910156 0.691667 0.154688 0.200000
1 0.418750 0.065625 0.187500 0.131250
1 0.137500 0.214583 0.137500 0.245833
1 0.807031 0.541667 0.179688 0.225000
1 0.096094 0.094792 0.167187 0.189583
1 0.557031 0.437500 0.167187 0.195833
1 0.956250 0.848958 0.087500 0.193750
1 0.187500 0.478125 0.143750 0.177083
1 0.720313 0.920833 0.159375 0.154167
1 0.944531 0.263542 0.110937 0.197917
1 0.282813 0.169792 0.153125 0.197917
1 0.371875 0.297917 0.175000 0.191667
1 0.514844 0.944792 0.139063 0.110417
1 0.813281 0.319792 0.164062 0.206250
1 0.364844 0.811458 0.145313 0.177083
0 0.620313 0.164583 0.275000 0.312500
1 0.703125 0.728125 0.165625 0.222917
1 0.064844 0.530208 0.126563 0.172917
1 0.953906 0.479167 0.092188 0.233333
1 0.286719 0.885417 0.182812 0.212500
1 0.910156 0.691667 0.154688 0.200000
1 0.418750 0.065625 0.187500 0.131250
1 0.137500 0.214583 0.137500 0.245833
1 0.807031 0.541667 0.179688 0.225000
1 0.096094 0.094792 0.167187 0.189583
1 0.557031 0.437500 0.167187 0.195833
1 0.956250 0.848958 0.087500 0.193750
1 0.187500 0.478125 0.143750 0.177083
1 0.720313 0.920833 0.159375 0.154167
1 0.944531 0.263542 0.110937 0.197917
1 0.282813 0.169792 0.153125 0.197917
1 0.371875 0.297917 0.175000 0.191667
1 0.514844 0.944792 0.139063 0.110417
1 0.813281 0.319792 0.164062 0.206250
1 0.364844 0.811458 0.145313 0.177083
0 0.620313 0.164583 0.275000 0.312500
1 0.703125 0.728125 0.165625 0.222917
1 0.064844 0.530208 0.126563 0.172917
1 0.953906 0.479167 0.092188 0.233333
1 0.286719 0.885417 0.182812 0.212500
1 0.910156 0.691667 0.154688 0.200000
1 0.418750 0.065625 0.187500 0.131250
1 0.137500 0.214583 0.137500 0.245833
1 0.807031 0.541667 0.179688 0.225000
1 0.096094 0.094792 0.167187 0.189583
1 0.557031 0.437500 0.167187 0.195833
1 0.956250 0.848958 0.087500 0.193750
1 0.187500 0.478125 0.143750 0.177083
1 0.720313 0.920833 0.159375 0.154167
1 0.944531 0.263542 0.110937 0.197917
1 0.282813 0.169792 0.153125 0.197917
1 0.371875 0.297917 0.175000 0.191667
1 0.514844 0.944792 0.139063 0.110417
1 0.813281 0.319792 0.164062 0.206250
1 0.364844 0.811458 0.145313 0.177083
0 0.620313 0.164583 0.275000 0.312500
1 0.703125 0.728125 0.165625 0.222917
1 0.064844 0.530208 0.126563 0.172917
1 0.953906 0.479167 0.092188 0.233333
1 0.286719 0.885417 0.182812 0.212500
1 0.910156 0.691667 0.154688 0.200000
1 0.418750 0.065625 0.187500 0.131250
1 0.137500 0.214583 0.137500 0.245833
1 0.807031 0.541667 0.179688 0.225000
1 0.096094 0.094792 0.167187 0.189583
1 0.557031 0.437500 0.167187 0.195833
1 0.956250 0.848958 0.087500 0.193750
1 0.187500 0.478125 0.143750 0.177083
1 0.720313 0.920833 0.159375 0.154167
1 0.944531 0.263542 0.110937 0.197917
1 0.282813 0.169792 0.153125 0.197917
1 0.371875 0.297917 0.175000 0.191667
1 0.514844 0.944792 0.139063 0.110417
1 0.813281 0.319792 0.164062 0.206250
1 0.364844 0.811458 0.145313 0.177083
0 0.620313 0.164583 0.275000 0.312500
1 0.703125 0.728125 0.165625 0.222917
1 0.064844 0.530208 0.126563 0.172917
1 0.953906 0.479167 0.092188 0.233333
1 0.286719 0.885417 0.182812 0.212500
1 0.910156 0.691667 0.154688 0.200000
1 0.418750 0.065625 0.187500 0.131250
1 0.137500 0.214583 0.137500 0.245833
1 0.807031 0.541667 0.179688 0.225000
1 0.096094 0.094792 0.167187 0.189583
1 0.557031 0.437500 0.167187 0.195833
1 0.956250 0.848958 0.087500 0.193750
1 0.187500 0.478125 0.143750 0.177083
1 0.720313 0.920833 0.159375 0.154167
1 0.944531 0.263542 0.110937 0.197917
1 0.282813 0.169792 0.153125 0.197917
1 0.371875 0.297917 0.175000 0.191667
1 0.514844 0.944792 0.139063 0.110417
1 0.813281 0.319792 0.164062 0.206250
1 0.364844 0.811458 0.145313 0.177083
0 0.620313 0.164583 0.275000 0.312500
1 0.703125 0.728125 0.165625 0.222917
1 0.064844 0.530208 0.126563 0.172917
1 0.953906 0.479167 0.092188 0.233333
1 0.286719 0.885417 0.182812 0.212500
1 0.910156 0.691667 0.154688 0.200000
1 0.418750 0.065625 0.187500 0.131250
1 0.137500 0.214583 0.137500 0.245833
1 0.807031 0.541667 0.179688 0.225000
1 0.096094 0.094792 0.167187 0.189583
1 0.557031 0.437500 0.167187 0.195833
1 0.956250 0.848958 0.087500 0.193750
1 0.187500 0.478125 0.143750 0.177083
1 0.720313 0.920833 0.159375 0.154167
1 0.944531 0.263542 0.110937 0.197917
1 0.282813 0.169792 0.153125 0.197917
1 0.371875 0.297917 0.175000 0.191667
1 0.514844 0.944792 0.139063 0.110417
1 0.813281 0.319792 0.164062 0.206250
1 0.364844 0.811458 0.145313 0.177083
0 0.620313 0.164583 0.275000 0.312500
1 0.703125 0.728125 0.165625 0.222917
1 0.064844 0.530208 0.126563 0.172917
1 0.953906 0.479167 0.092188 0.233333
1 0.286719 0.885417 0.182812 0.212500
1 0.910156 0.691667 0.154688 0.200000
1 0.418750 0.065625 0.187500 0.131250
1 0.137500 0.214583 0.137500 0.245833
1 0.807031 0.541667 0.179688 0.225000
1 0.096094 0.094792 0.167187 0.189583
1 0.557031 0.437500 0.167187 0.195833
1 0.956250 0.848958 0.087500 0.193750
1 0.187500 0.478125 0.143750 0.177083
1 0.720313 0.920833 0.159375 0.154167
1 0.944531 0.263542 0.110937 0.197917
1 0.282813 0.169792 0.153125 0.197917
1 0.371875 0.297917 0.175000 0.191667
1 0.514844 0.944792 0.139063 0.110417
1 0.813281 0.319792 0.164062 0.206250
1 0.364844 0.811458 0.145313 0.177083
0 0.620313 0.164583 0.275000 0.312500
1 0.703125 0.728125 0.165625 0.222917
1 0.064844 0.530208 0.126563 0.172917
1 0.953906 0.479167 0.092188 0.233333
1 0.286719 0.885417 0.182812 0.212500
1 0.910156 0.691667 0.154688 0.200000
1 0.418750 0.065625 0.187500 0.131250
1 0.137500 0.214583 0.137500 0.245833
1 0.807031 0.541667 0.179688 0.225000
1 0.096094 0.094792 0.167187 0.189583
1 0.557031 0.437500 0.167187 0.195833
1 0.956250 0.848958 0.087500 0.193750
1 0.187500 0.478125 0.143750 0.177083
1 0.720313 0.920833 0.159375 0.154167
1 0.944531 0.263542 0.110937 0.197917
1 0.282813 0.169792 0.153125 0.197917
1 0.371875 0.297917 0.175000 0.191667
1 0.514844 0.944792 0.139063 0.110417
1 0.813281 0.319792 0.164062 0.206250
1 0.364844 0.811458 0.145313 0.177083
0 0.620313 0.164583 0.275000 0.312500
1 0.703125 0.728125 0.165625 0.222917
1 0.064844 0.530208 0.126563 0.172917
1 0.953906 0.479167 0.092188 0.233333
1 0.286719 0.885417 0.182812 0.212500
1 0.910156 0.691667 0.154688 0.200000
1 0.418750 0.065625 0.187500 0.131250
1 0.137500 0.214583 0.137500 0.245833
1 0.807031 0.541667 0.179688 0.225000
1 0.096094 0.094792 0.167187 0.189583
1 0.557031 0.437500 0.167187 0.195833
1 0.956250 0.848958 0.087500 0.193750
1 0.187500 0.478125 0.143750 0.177083
1 0.720313 0.920833 0.159375 0.154167
1 0.944531 0.263542 0.110937 0.197917
1 0.282813 0.169792 0.153125 0.197917
1 0.371875 0.297917 0.175000 0.191667
1 0.514844 0.944792 0.139063 0.110417
1 0.813281 0.319792 0.164062 0.206250
1 0.364844 0.811458 0.145313 0.177083
0 0.620313 0.164583 0.275000 0.312500
1 0.703125 0.728125 0.165625 0.222917
1 0.064844 0.530208 0.126563 0.172917
1 0.953906 0.479167 0.092188 0.233333
1 0.286719 0.885417 0.182812 0.212500
1 0.910156 0.691667 0.154688 0.200000
1 0.418750 0.065625 0.187500 0.131250
1 0.137500 0.214583 0.137500 0.245833
1 0.807031 0.541667 0.179688 0.225000
1 0.096094 0.094792 0.167187 0.189583
1 0.557031 0.437500 0.167187 0.195833
1 0.956250 0.848958 0.087500 0.193750
1 0.187500 0.478125 0.143750 0.177083
1 0.720313 0.920833 0.159375 0.154167
1 0.944531 0.263542 0.110937 0.197917
1 0.282813 0.169792 0.153125 0.197917
1 0.371875 0.297917 0.175000 0.191667
1 0.514844 0.944792 0.139063 0.110417
1 0.813281 0.319792 0.164062 0.206250
1 0.364844 0.811458 0.145313 0.177083
0 0.620313 0.164583 0.275000 0.312500
1 0.703125 0.728125 0.165625 0.222917
1 0.064844 0.530208 0.126563 0.172917
1 0.953906 0.479167 0.092188 0.233333
1 0.286719 0.885417 0.182812 0.212500
1 0.910156 0.691667 0.154688 0.200000
1 0.418750 0.065625 0.187500 0.131250
1 0.137500 0.214583 0.137500 0.245833
1 0.807031 0.541667 0.179688 0.225000
1 0.096094 0.094792 0.167187 0.189583
1 0.557031 0.437500 0.167187 0.195833
1 0.956250 0.848958 0.087500 0.193750
1 0.187500 0.478125 0.143750 0.177083
1 0.720313 0.920833 0.159375 0.154167
1 0.944531 0.263542 0.110937 0.197917
1 0.282813 0.169792 0.153125 0.197917
1 0.371875 0.297917 0.175000 0.191667
1 0.514844 0.944792 0.139063 0.110417
1 0.813281 0.319792 0.164062 0.206250
1 0.364844 0.811458 0.145313 0.177083
0 0.620313 0.164583 0.275000 0.312500
1 0.703125 0.728125 0.165625 0.222917
1 0.064844 0.530208 0.126563 0.172917
1 0.953906 0.479167 0.092188 0.233333
1 0.286719 0.885417 0.182812 0.212500
1 0.910156 0.691667 0.154688 0.200000
1 0.418750 0.065625 0.187500 0.131250
1 0.137500 0.214583 0.137500 0.245833
1 0.807031 0.541667 0.179688 0.225000
1 0.096094 0.094792 0.167187 0.189583
1 0.557031 0.437500 0.167187 0.195833
1 0.956250 0.848958 0.087500 0.193750
1 0.187500 0.478125 0.143750 0.177083
1 0.720313 0.920833 0.159375 0.154167
1 0.944531 0.263542 0.110937 0.197917
1 0.282813 0.169792 0.153125 0.197917
1 0.371875 0.297917 0.175000 0.191667
1 0.514844 0.944792 0.139063 0.110417
1 0.813281 0.319792 0.164062 0.206250
1 0.364844 0.811458 0.145313 0.177083
0 0.620313 0.164583 0.275000 0.312500
