1 0.028125 0.547917 0.056250 0.204167
1 0.032813 0.090625 0.065625 0.181250
1 0.605469 0.958333 0.223438 0.083333
1 0.967188 0.415625 0.065625 0.210417
1 0.179688 0.306250 0.190625 0.233333
1 0.914062 0.055208 0.146875 0.110417
1 0.175781 0.091667 0.173438 0.179167
1 0.828125 0.922917 0.203125 0.145833
1 0.748438 0.094792 0.187500 0.189583
1 0.128125 0.426042 0.159375 0.227083
1 0.791406 0.630208 0.189063 0.210417
1 0.657813 0.808333 0.168750 0.225000
1 0.810938 0.493750 0.175000 0.200000
1 0.630469 0.577083 0.173438 0.183333
1 0.115625 0.825000 0.178125 0.237500
1 0.264844 0.568750 0.173438 0.233333
1 0.942969 0.687500 0.114063 0.229167
0 0.560938 0.293750 0.328125 0.445833
1 0.363281 0.106250 0.151562 0.200000
1 0.455469 0.577083 0.189063 0.233333
1 0.028125 0.547917 0.056250 0.204167
1 0.032813 0.090625 0.065625 0.181250
1 0.605469 0.958333 0.223438 0.083333
1 0.967188 0.415625 0.065625 0.210417
1 0.179688 0.306250 0.190625 0.233333
1 0.914062 0.055208 0.146875 0.110417
1 0.175781 0.091667 0.173438 0.179167
1 0.828125 0.922917 0.203125 0.145833
1 0.748438 0.094792 0.187500 0.189583
1 0.128125 0.426042 0.159375 0.227083
1 0.791406 0.630208 0.189063 0.210417
1 0.657813 0.808333 0.168750 0.225000
1 0.810938 0.493750 0.175000 0.200000
1 0.630469 0.577083 0.173438 0.183333
1 0.115625 0.825000 0.178125 0.237500
1 0.264844 0.568750 0.173438 0.233333
1 0.942969 0.687500 0.114063 0.229167
0 0.560938 0.293750 0.328125 0.445833
1 0.363281 0.106250 0.151562 0.200000
1 0.455469 0.577083 0.189063 0.233333
1 0.028125 0.547917 0.056250 0.204167
1 0.032813 0.090625 0.065625 0.181250
1 0.605469 0.958333 0.223438 0.083333
1 0.967188 0.415625 0.065625 0.210417
1 0.179688 0.306250 0.190625 0.233333
1 0.914062 0.055208 0.146875 0.110417
1 0.175781 0.091667 0.173438 0.179167
1 0.828125 0.922917 0.203125 0.145833
1 0.748438 0.094792 0.187500 0.189583
1 0.128125 0.426042 0.159375 0.227083
1 0.791406 0.630208 0.189063 0.210417
1 0.657813 0.808333 0.168750 0.225000
1 0.810938 0.493750 0.175000 0.200000
1 0.630469 0.577083 0.173438 0.183333
1 0.115625 0.825000 0.178125 0.237500
1 0.264844 0.568750 0.173438 0.233333
1 0.942969 0.687500 0.114063 0.229167
0 0.560938 0.293750 0.328125 0.445833
1 0.363281 0.106250 0.151562 0.200000
1 0.455469 0.577083 0.189063 0.233333
1 0.028125 0.547917 0.056250 0.204167
1 0.032813 0.090625 0.065625 0.181250
1 0.605469 0.958333 0.223438 0.083333
1 0.967188 0.415625 0.065625 0.210417
1 0.179688 0.306250 0.190625 0.233333
1 0.914062 0.055208 0.146875 0.110417
1 0.175781 0.091667 0.173438 0.179167
1 0.828125 0.922917 0.203125 0.145833
1 0.748438 0.094792 0.187500 0.189583
1 0.128125 0.426042 0.159375 0.227083
1 0.791406 0.630208 0.189063 0.210417
1 0.657813 0.808333 0.168750 0.225000
1 0.810938 0.493750 0.175000 0.200000
1 0.630469 0.577083 0.173438 0.183333
1 0.115625 0.825000 0.178125 0.237500
1 0.264844 0.568750 0.173438 0.233333
1 0.942969 0.687500 0.114063 0.229167
0 0.560938 0.293750 0.328125 0.445833
1 0.363281 0.106250 0.151562 0.200000
1 0.455469 0.577083 0.189063 0.233333
1 0.028125 0.547917 0.056250 0.204167
1 0.032813 0.090625 0.065625 0.181250
1 0.605469 0.958333 0.223438 0.083333
1 0.967188 0.415625 0.065625 0.210417
1 0.179688 0.306250 0.190625 0.233333
1 0.914062 0.055208 0.146875 0.110417
1 0.175781 0.091667 0.173438 0.179167
1 0.828125 0.922917 0.203125 0.145833
1 0.748438 0.094792 0.187500 0.189583
1 0.128125 0.426042 0.159375 0.227083
1 0.791406 0.630208 0.189063 0.210417
1 0.657813 0.808333 0.168750 0.225000
1 0.810938 0.493750 0.175000 0.200000
1 0.630469 0.577083 0.173438 0.183333
1 0.115625 0.825000 0.178125 0.237500
1 0.264844 0.568750 0.173438 0.233333
1 0.942969 0.687500 0.114063 0.229167
0 0.560938 0.293750 0.328125 0.445833
1 0.363281 0.106250 0.151562 0.200000
1 0.455469 0.577083 0.189063 0.233333
1 0.028125 0.547917 0.056250 0.204167
1 0.032813 0.090625 0.065625 0.181250
1 0.605469 0.958333 0.223438 0.083333
1 0.967188 0.415625 0.065625 0.210417
1 0.179688 0.306250 0.190625 0.233333
1 0.914062 0.055208 0.146875 0.110417
1 0.175781 0.091667 0.173438 0.179167
1 0.828125 0.922917 0.203125 0.145833
1 0.748438 0.094792 0.187500 0.189583
1 0.128125 0.426042 0.159375 0.227083
1 0.791406 0.630208 0.189063 0.210417
1 0.657813 0.808333 0.168750 0.225000
1 0.810938 0.493750 0.175000 0.200000
1 0.630469 0.577083 0.173438 0.183333
1 0.115625 0.825000 0.178125 0.237500
1 0.264844 0.568750 0.173438 0.233333
1 0.942969 0.687500 0.114063 0.229167
0 0.560938 0.293750 0.328125 0.445833
1 0.363281 0.106250 0.151562 0.200000
1 0.455469 0.577083 0.189063 0.233333
1 0.028125 0.547917 0.056250 0.204167
1 0.032813 0.090625 0.065625 0.181250
1 0.605469 0.958333 0.223438 0.083333
1 0.967188 0.415625 0.065625 0.210417
1 0.179688 0.306250 0.190625 0.233333
1 0.914062 0.055208 0.146875 0.110417
1 0.175781 0.091667 0.173438 0.179167
1 0.828125 0.922917 0.203125 0.145833
1 0.748438 0.094792 0.187500 0.189583
1 0.128125 0.426042 0.159375 0.227083
1 0.791406 0.630208 0.189063 0.210417
1 0.657813 0.808333 0.168750 0.225000
1 0.810938 0.493750 0.175000 0.200000
1 0.630469 0.577083 0.173438 0.183333
1 0.115625 0.825000 0.178125 0.237500
1 0.264844 0.568750 0.173438 0.233333
1 0.942969 0.687500 0.114063 0.229167
0 0.560938 0.293750 0.328125 0.445833
1 0.363281 0.106250 0.151562 0.200000
1 0.455469 0.577083 0.189063 0.233333
1 0.028125 0.547917 0.056250 0.204167
1 0.032813 0.090625 0.065625 0.181250
1 0.605469 0.958333 0.223438 0.083333
1 0.967188 0.415625 0.065625 0.210417
1 0.179688 0.306250 0.190625 0.233333
1 0.914062 0.055208 0.146875 0.110417
1 0.175781 0.091667 0.173438 0.179167
1 0.828125 0.922917 0.203125 0.145833
1 0.748438 0.094792 0.187500 0.189583
1 0.128125 0.426042 0.159375 0.227083
1 0.791406 0.630208 0.189063 0.210417
1 0.657813 0.808333 0.168750 0.225000
1 0.810938 0.493750 0.175000 0.200000
1 0.630469 0.577083 0.173438 0.183333
1 0.115625 0.825000 0.178125 0.237500
1 0.264844 0.568750 0.173438 0.233333
1 0.942969 0.687500 0.114063 0.229167
0 0.560938 0.293750 0.328125 0.445833
1 0.363281 0.106250 0.151562 0.200000
1 0.455469 0.577083 0.189063 0.233333
1 0.028125 0.547917 0.056250 0.204167
1 0.032813 0.090625 0.065625 0.181250
1 0.605469 0.958333 0.223438 0.083333
1 0.967188 0.415625 0.065625 0.210417
1 0.179688 0.306250 0.190625 0.233333
1 0.914062 0.055208 0.146875 0.110417
1 0.175781 0.091667 0.173438 0.179167
1 0.828125 0.922917 0.203125 0.145833
1 0.748438 0.094792 0.187500 0.189583
1 0.128125 0.426042 0.159375 0.227083
1 0.791406 0.630208 0.189063 0.210417
1 0.657813 0.808333 0.168750 0.225000
1 0.810938 0.493750 0.175000 0.200000
1 0.630469 0.577083 0.173438 0.183333
1 0.115625 0.825000 0.178125 0.237500
1 0.264844 0.568750 0.173438 0.233333
1 0.942969 0.687500 0.114063 0.229167
0 0.560938 0.293750 0.328125 0.445833
1 0.363281 0.106250 0.151562 0.200000
1 0.455469 0.577083 0.189063 0.233333
1 0.028125 0.547917 0.056250 0.204167
1 0.032813 0.090625 0.065625 0.181250
1 0.605469 0.958333 0.223438 0.083333
1 0.967188 0.415625 0.065625 0.210417
1 0.179688 0.306250 0.190625 0.233333
1 0.914062 0.055208 0.146875 0.110417
1 0.175781 0.091667 0.173438 0.179167
1 0.828125 0.922917 0.203125 0.145833
1 0.748438 0.094792 0.187500 0.189583
1 0.128125 0.426042 0.159375 0.227083
1 0.791406 0.630208 0.189063 0.210417
1 0.657813 0.808333 0.168750 0.225000
1 0.810938 0.493750 0.175000 0.200000
1 0.630469 0.577083 0.173438 0.183333
1 0.115625 0.825000 0.178125 0.237500
1 0.264844 0.568750 0.173438 0.233333
1 0.942969 0.687500 0.114063 0.229167
0 0.560938 0.293750 0.328125 0.445833
1 0.363281 0.106250 0.151562 0.200000
1 0.455469 0.577083 0.189063 0.233333
1 0.028125 0.547917 0.056250 0.204167
1 0.032813 0.090625 0.065625 0.181250
1 0.605469 0.958333 0.223438 0.083333
1 0.967188 0.415625 0.065625 0.210417
1 0.179688 0.306250 0.190625 0.233333
1 0.914062 0.055208 0.146875 0.110417
1 0.175781 0.091667 0.173438 0.179167
1 0.828125 0.922917 0.203125 0.145833
1 0.748438 0.094792 0.187500 0.189583
1 0.128125 0.426042 0.159375 0.227083
1 0.791406 0.630208 0.189063 0.210417
1 0.657813 0.808333 0.168750 0.225000
1 0.810938 0.493750 0.175000 0.200000
1 0.630469 0.577083 0.173438 0.183333
1 0.115625 0.825000 0.178125 0.237500
1 0.264844 0.568750 0.173438 0.233333
1 0.942969 0.687500 0.114063 0.229167
0 0.560938 0.293750 0.328125 0.445833
1 0.363281 0.106250 0.151562 0.200000
1 0.455469 0.577083 0.189063 0.233333
1 0.028125 0.547917 0.056250 0.204167
1 0.032813 0.090625 0.065625 0.181250
1 0.605469 0.958333 0.223438 0.083333
1 0.967188 0.415625 0.065625 0.210417
1 0.179688 0.306250 0.190625 0.233333
1 0.914062 0.055208 0.146875 0.110417
1 0.175781 0.091667 0.173438 0.179167
1 0.828125 0.922917 0.203125 0.145833
1 0.748438 0.094792 0.187500 0.189583
1 0.128125 0.426042 0.159375 0.227083
1 0.791406 0.630208 0.189063 0.210417
1 0.657813 0.808333 0.168750 0.225000
1 0.810938 0.493750 0.175000 0.200000
1 0.630469 0.577083 0.173438 0.183333
1 0.115625 0.825000 0.178125 0.237500
1 0.264844 0.568750 0.173438 0.233333
1 0.942969 0.687500 0.114063 0.229167
0 0.560938 0.293750 0.328125 0.445833
1 0.363281 0.106250 0.151562 0.200000
1 0.455469 0.577083 0.189063 0.233333
1 0.028125 0.547917 0.056250 0.204167
1 0.032813 0.090625 0.065625 0.181250
1 0.605469 0.958333 0.223438 0.083333
1 0.967188 0.415625 0.065625 0.210417
1 0.179688 0.306250 0.190625 0.233333
1 0.914062 0.055208 0.146875 0.110417
1 0.175781 0.091667 0.173438 0.179167
1 0.828125 0.922917 0.203125 0.145833
1 0.748438 0.094792 0.187500 0.189583
1 0.128125 0.426042 0.159375 0.227083
1 0.791406 0.630208 0.189063 0.210417
1 0.657813 0.808333 0.168750 0.225000
1 0.810938 0.493750 0.175000 0.200000
1 0.630469 0.577083 0.173438 0.183333
1 0.115625 0.825000 0.178125 0.237500
1 0.264844 0.568750 0.173438 0.233333
1 0.942969 0.687500 0.114063 0.229167
0 0.560938 0.293750 0.328125 0.445833
1 0.363281 0.106250 0.151562 0.200000
1 0.455469 0.577083 0.189063 0.233333
1 0.028125 0.547917 0.056250 0.204167
1 0.032813 0.090625 0.065625 0.181250
1 0.605469 0.958333 0.223438 0.083333
1 0.967188 0.415625 0.065625 0.210417
1 0.179688 0.306250 0.190625 0.233333
1 0.914062 0.055208 0.146875 0.110417
1 0.175781 0.091667 0.173438 0.179167
1 0.828125 0.922917 0.203125 0.145833
1 0.748438 0.094792 0.187500 0.189583
1 0.128125 0.426042 0.159375 0.227083
1 0.791406 0.630208 0.189063 0.210417
1 0.657813 0.808333 0.168750 0.225000
1 0.810938 0.493750 0.175000 0.200000
1 0.630469 0.577083 0.173438 0.183333
1 0.115625 0.825000 0.178125 0.237500
1 0.264844 0.568750 0.173438 0.233333
1 0.942969 0.687500 0.114063 0.229167
0 0.560938 0.293750 0.328125 0.445833
1 0.363281 0.106250 0.151562 0.200000
1 0.455469 0.577083 0.189063 0.233333
1 0.028125 0.547917 0.056250 0.204167
1 0.032813 0.090625 0.065625 0.181250
1 0.605469 0.958333 0.223438 0.083333
1 0.967188 0.415625 0.065625 0.210417
1 0.179688 0.306250 0.190625 0.233333
1 0.914062 0.055208 0.146875 0.110417
1 0.175781 0.091667 0.173438 0.179167
1 0.828125 0.922917 0.203125 0.145833
1 0.748438 0.094792 0.187500 0.189583
1 0.128125 0.426042 0.159375 0.227083
1 0.791406 0.630208 0.189063 0.210417
1 0.657813 0.808333 0.168750 0.225000
1 0.810938 0.493750 0.175000 0.200000
1 0.630469 0.577083 0.173438 0.183333
1 0.115625 0.825000 0.178125 0.237500
1 0.264844 0.568750 0.173438 0.233333
1 0.942969 0.687500 0.114063 0.229167
0 0.560938 0.293750 0.328125 0.445833
1 0.363281 0.106250 0.151562 0.200000
1 0.455469 0.577083 0.189063 0.233333
1 0.028125 0.547917 0.056250 0.204167
1 0.032813 0.090625 0.065625 0.181250
1 0.605469 0.958333 0.223438 0.083333
1 0.967188 0.415625 0.065625 0.210417
1 0.179688 0.306250 0.190625 0.233333
1 0.914062 0.055208 0.146875 0.110417
1 0.175781 0.091667 0.173438 0.179167
1 0.828125 0.922917 0.203125 0.145833
1 0.748438 0.094792 0.187500 0.189583
1 0.128125 0.426042 0.159375 0.227083
1 0.791406 0.630208 0.189063 0.210417
1 0.657813 0.808333 0.168750 0.225000
1 0.810938 0.493750 0.175000 0.200000
1 0.630469 0.577083 0.173438 0.183333
1 0.115625 0.825000 0.178125 0.237500
1 0.264844 0.568750 0.173438 0.233333
1 0.942969 0.687500 0.114063 0.229167
0 0.560938 0.293750 0.328125 0.445833
1 0.363281 0.106250 0.151562 0.200000
1 0.455469 0.577083 0.189063 0.233333
1 0.028125 0.547917 0.056250 0.204167
1 0.032813 0.090625 0.065625 0.181250
1 0.605469 0.958333 0.223438 0.083333
1 0.967188 0.415625 0.065625 0.210417
1 0.179688 0.306250 0.190625 0.233333
1 0.914062 0.055208 0.146875 0.110417
1 0.175781 0.091667 0.173438 0.179167
1 0.828125 0.922917 0.203125 0.145833
1 0.748438 0.094792 0.187500 0.189583
1 0.128125 0.426042 0.159375 0.227083
1 0.791406 0.630208 0.189063 0.210417
1 0.657813 0.808333 0.168750 0.225000
1 0.810938 0.493750 0.175000 0.200000
1 0.630469 0.577083 0.173438 0.183333
1 0.115625 0.825000 0.178125 0.237500
1 0.264844 0.568750 0.173438 0.233333
1 0.942969 0.687500 0.114063 0.229167
0 0.560938 0.293750 0.328125 0.445833
1 0.363281 0.106250 0.151562 0.200000
1 0.455469 0.577083 0.189063 0.233333
1 0.028125 0.547917 0.056250 0.204167
1 0.032813 0.090625 0.065625 0.181250
1 0.605469 0.958333 0.223438 0.083333
1 0.967188 0.415625 0.065625 0.210417
1 0.179688 0.306250 0.190625 0.233333
1 0.914062 0.055208 0.146875 0.110417
1 0.175781 0.091667 0.173438 0.179167
1 0.828125 0.922917 0.203125 0.145833
1 0.748438 0.094792 0.187500 0.189583
1 0.128125 0.426042 0.159375 0.227083
1 0.791406 0.630208 0.189063 0.210417
1 0.657813 0.808333 0.168750 0.225000
1 0.810938 0.493750 0.175000 0.200000
1 0.630469 0.577083 0.173438 0.183333
1 0.115625 0.825000 0.178125 0.237500
1 0.264844 0.568750 0.173438 0.233333
1 0.942969 0.687500 0.114063 0.229167
0 0.560938 0.293750 0.328125 0.445833
1 0.363281 0.106250 0.151562 0.200000
1 0.455469 0.577083 0.189063 0.233333
1 0.028125 0.547917 0.056250 0.204167
1 0.032813 0.090625 0.065625 0.181250
1 0.605469 0.958333 0.223438 0.083333
1 0.967188 0.415625 0.065625 0.210417
1 0.179688 0.306250 0.190625 0.233333
1 0.914062 0.055208 0.146875 0.110417
1 0.175781 0.091667 0.173438 0.179167
1 0.828125 0.922917 0.203125 0.145833
1 0.748438 0.094792 0.187500 0.189583
1 0.128125 0.426042 0.159375 0.227083
1 0.791406 0.630208 0.189063 0.210417
1 0.657813 0.808333 0.168750 0.225000
1 0.810938 0.493750 0.175000 0.200000
1 0.630469 0.577083 0.173438 0.183333
1 0.115625 0.825000 0.178125 0.237500
1 0.264844 0.568750 0.173438 0.233333
1 0.942969 0.687500 0.114063 0.229167
0 0.560938 0.293750 0.328125 0.445833
1 0.363281 0.106250 0.151562 0.200000
1 0.455469 0.577083 0.189063 0.233333
1 0.028125 0.547917 0.056250 0.204167
1 0.032813 0.090625 0.065625 0.181250
1 0.605469 0.958333 0.223438 0.083333
1 0.967188 0.415625 0.065625 0.210417
1 0.179688 0.306250 0.190625 0.233333
1 0.914062 0.055208 0.146875 0.110417
1 0.175781 0.091667 0.173438 0.179167
1 0.828125 0.922917 0.203125 0.145833
1 0.748438 0.094792 0.187500 0.189583
1 0.128125 0.426042 0.159375 0.227083
1 0.791406 0.630208 0.189063 0.210417
1 0.657813 0.808333 0.168750 0.225000
1 0.810938 0.493750 0.175000 0.200000
1 0.630469 0.577083 0.173438 0.183333
1 0.115625 0.825000 0.178125 0.237500
1 0.264844 0.568750 0.173438 0.233333
1 0.942969 0.687500 0.114063 0.229167
0 0.560938 0.293750 0.328125 0.445833
1 0.363281 0.106250 0.151562 0.200000
1 0.455469 0.577083 0.189063 0.233333
