1 0.732813 0.979167 0.146875 0.041667
1 0.542188 0.026042 0.196875 0.052083
1 0.778125 0.718750 0.171875 0.250000
1 0.025000 0.083333 0.050000 0.166667
1 0.815625 0.269792 0.153125 0.185417
1 0.031250 0.348958 0.062500 0.260417
1 0.221094 0.452083 0.148438 0.204167
1 0.922656 0.797917 0.151562 0.212500
1 0.963281 0.558333 0.070312 0.237500
2 0.635156 0.438542 0.067188 0.089583
1 0.114063 0.496875 0.168750 0.189583
1 0.310937 0.942708 0.159375 0.110417
1 0.467969 0.905208 0.173438 0.189583
1 0.932813 0.093750 0.134375 0.187500
1 0.459375 0.732292 0.184375 0.206250
1 0.296094 0.653125 0.164062 0.227083
1 0.653125 0.826042 0.196875 0.227083
0 0.417969 0.202083 0.367188 0.395833
1 0.803125 0.482292 0.181250 0.202083
1 0.714063 0.290625 0.143750 0.202083
1 0.781250 0.084375 0.134375 0.168750
1 0.201563 0.079167 0.165625 0.158333
1 0.199219 0.777083 0.173438 0.237500
1 0.612500 0.590625 0.196875 0.222917
1 0.156250 0.271875 0.168750 0.214583
1 0.732813 0.979167 0.146875 0.041667
1 0.542188 0.026042 0.196875 0.052083
1 0.778125 0.718750 0.171875 0.250000
1 0.025000 0.083333 0.050000 0.166667
1 0.815625 0.269792 0.153125 0.185417
1 0.031250 0.348958 0.062500 0.260417
1 0.221094 0.452083 0.148438 0.204167
1 0.922656 0.797917 0.151562 0.212500
1 0.963281 0.558333 0.070312 0.237500
2 0.635156 0.438542 0.067188 0.089583
1 0.114063 0.496875 0.168750 0.189583
1 0.310937 0.942708 0.159375 0.110417
1 0.467969 0.905208 0.173438 0.189583
1 0.932813 0.093750 0.134375 0.187500
1 0.459375 0.732292 0.184375 0.206250
1 0.296094 0.653125 0.164062 0.227083
1 0.653125 0.826042 0.196875 0.227083
0 0.417969 0.202083 0.367188 0.395833
1 0.803125 0.482292 0.181250 0.202083
1 0.714063 0.290625 0.143750 0.202083
1 0.781250 0.084375 0.134375 0.168750
1 0.201563 0.079167 0.165625 0.158333
1 0.199219 0.777083 0.173438 0.237500
1 0.612500 0.590625 0.196875 0.222917
1 0.156250 0.271875 0.168750 0.214583
1 0.732813 0.979167 0.146875 0.041667
1 0.542188 0.026042 0.196875 0.052083
1 0.778125 0.718750 0.171875 0.250000
1 0.025000 0.083333 0.050000 0.166667
1 0.815625 0.269792 0.153125 0.185417
1 0.031250 0.348958 0.062500 0.260417
1 0.221094 0.452083 0.148438 0.204167
1 0.922656 0.797917 0.151562 0.212500
1 0.963281 0.558333 0.070312 0.237500
2 0.635156 0.438542 0.067188 0.089583
1 0.114063 0.496875 0.168750 0.189583
1 0.310937 0.942708 0.159375 0.110417
1 0.467969 0.905208 0.173438 0.189583
1 0.932813 0.093750 0.134375 0.187500
1 0.459375 0.732292 0.184375 0.206250
1 0.296094 0.653125 0.164062 0.227083
1 0.653125 0.826042 0.196875 0.227083
0 0.417969 0.202083 0.367188 0.395833
1 0.803125 0.482292 0.181250 0.202083
1 0.714063 0.290625 0.143750 0.202083
1 0.781250 0.084375 0.134375 0.168750
1 0.201563 0.079167 0.165625 0.158333
1 0.199219 0.777083 0.173438 0.237500
1 0.612500 0.590625 0.196875 0.222917
1 0.156250 0.271875 0.168750 0.214583
1 0.732813 0.979167 0.146875 0.041667
1 0.542188 0.026042 0.196875 0.052083
1 0.778125 0.718750 0.171875 0.250000
1 0.025000 0.083333 0.050000 0.166667
1 0.815625 0.269792 0.153125 0.185417
1 0.031250 0.348958 0.062500 0.260417
1 0.221094 0.452083 0.148438 0.204167
1 0.922656 0.797917 0.151562 0.212500
1 0.963281 0.558333 0.070312 0.237500
2 0.635156 0.438542 0.067188 0.089583
1 0.114063 0.496875 0.168750 0.189583
1 0.310937 0.942708 0.159375 0.110417
1 0.467969 0.905208 0.173438 0.189583
1 0.932813 0.093750 0.134375 0.187500
1 0.459375 0.732292 0.184375 0.206250
1 0.296094 0.653125 0.164062 0.227083
1 0.653125 0.826042 0.196875 0.227083
0 0.417969 0.202083 0.367188 0.395833
1 0.803125 0.482292 0.181250 0.202083
1 0.714063 0.290625 0.143750 0.202083
1 0.781250 0.084375 0.134375 0.168750
1 0.201563 0.079167 0.165625 0.158333
1 0.199219 0.777083 0.173438 0.237500
1 0.612500 0.590625 0.196875 0.222917
1 0.156250 0.271875 0.168750 0.214583
1 0.732813 0.979167 0.146875 0.041667
1 0.542188 0.026042 0.196875 0.052083
1 0.778125 0.718750 0.171875 0.250000
1 0.025000 0.083333 0.050000 0.166667
1 0.815625 0.269792 0.153125 0.185417
1 0.031250 0.348958 0.062500 0.260417
1 0.221094 0.452083 0.148438 0.204167
1 0.922656 0.797917 0.151562 0.212500
1 0.963281 0.558333 0.070312 0.237500
2 0.635156 0.438542 0.067188 0.089583
1 0.114063 0.496875 0.168750 0.189583
1 0.310937 0.942708 0.159375 0.110417
1 0.467969 0.905208 0.173438 0.189583
1 0.932813 0.093750 0.134375 0.187500
1 0.459375 0.732292 0.184375 0.206250
1 0.296094 0.653125 0.164062 0.227083
1 0.653125 0.826042 0.196875 0.227083
0 0.417969 0.202083 0.367188 0.395833
1 0.803125 0.482292 0.181250 0.202083
1 0.714063 0.290625 0.143750 0.202083
1 0.781250 0.084375 0.134375 0.168750
1 0.201563 0.079167 0.165625 0.158333
1 0.199219 0.777083 0.173438 0.237500
1 0.612500 0.590625 0.196875 0.222917
1 0.156250 0.271875 0.168750 0.214583
1 0.732813 0.979167 0.146875 0.041667
1 0.542188 0.026042 0.196875 0.052083
1 0.778125 0.718750 0.171875 0.250000
1 0.025000 0.083333 0.050000 0.166667
1 0.815625 0.269792 0.153125 0.185417
1 0.031250 0.348958 0.062500 0.260417
1 0.221094 0.452083 0.148438 0.204167
1 0.922656 0.797917 0.151562 0.212500
1 0.963281 0.558333 0.070312 0.237500
2 0.635156 0.438542 0.067188 0.089583
1 0.114063 0.496875 0.168750 0.189583
1 0.310937 0.942708 0.159375 0.110417
1 0.467969 0.905208 0.173438 0.189583
1 0.932813 0.093750 0.134375 0.187500
1 0.459375 0.732292 0.184375 0.206250
1 0.296094 0.653125 0.164062 0.227083
1 0.653125 0.826042 0.196875 0.227083
0 0.417969 0.202083 0.367188 0.395833
1 0.803125 0.482292 0.181250 0.202083
1 0.714063 0.290625 0.143750 0.202083
1 0.781250 0.084375 0.134375 0.168750
1 0.201563 0.079167 0.165625 0.158333
1 0.199219 0.777083 0.173438 0.237500
1 0.612500 0.590625 0.196875 0.222917
1 0.156250 0.271875 0.168750 0.214583
1 0.732813 0.979167 0.146875 0.041667
1 0.542188 0.026042 0.196875 0.052083
1 0.778125 0.718750 0.171875 0.250000
1 0.025000 0.083333 0.050000 0.166667
1 0.815625 0.269792 0.153125 0.185417
1 0.031250 0.348958 0.062500 0.260417
1 0.221094 0.452083 0.148438 0.204167
1 0.922656 0.797917 0.151562 0.212500
1 0.963281 0.558333 0.070312 0.237500
2 0.635156 0.438542 0.067188 0.089583
1 0.114063 0.496875 0.168750 0.189583
1 0.310937 0.942708 0.159375 0.110417
1 0.467969 0.905208 0.173438 0.189583
1 0.932813 0.093750 0.134375 0.187500
1 0.459375 0.732292 0.184375 0.206250
1 0.296094 0.653125 0.164062 0.227083
1 0.653125 0.826042 0.196875 0.227083
0 0.417969 0.202083 0.367188 0.395833
1 0.803125 0.482292 0.181250 0.202083
1 0.714063 0.290625 0.143750 0.202083
1 0.781250 0.084375 0.134375 0.168750
1 0.201563 0.079167 0.165625 0.158333
1 0.199219 0.777083 0.173438 0.237500
1 0.612500 0.590625 0.196875 0.222917
1 0.156250 0.271875 0.168750 0.214583
1 0.732813 0.979167 0.146875 0.041667
1 0.542188 0.026042 0.196875 0.052083
1 0.778125 0.718750 0.171875 0.250000
1 0.025000 0.083333 0.050000 0.166667
1 0.815625 0.269792 0.153125 0.185417
1 0.031250 0.348958 0.062500 0.260417
1 0.221094 0.452083 0.148438 0.204167
1 0.922656 0.797917 0.151562 0.212500
1 0.963281 0.558333 0.070312 0.237500
2 0.635156 0.438542 0.067188 0.089583
1 0.114063 0.496875 0.168750 0.189583
1 0.310937 0.942708 0.159375 0.110417
1 0.467969 0.905208 0.173438 0.189583
1 0.932813 0.093750 0.134375 0.187500
1 0.459375 0.732292 0.184375 0.206250
1 0.296094 0.653125 0.164062 0.227083
1 0.653125 0.826042 0.196875 0.227083
0 0.417969 0.202083 0.367188 0.395833
1 0.803125 0.482292 0.181250 0.202083
1 0.714063 0.290625 0.143750 0.202083
1 0.781250 0.084375 0.134375 0.168750
1 0.201563 0.079167 0.165625 0.158333
1 0.199219 0.777083 0.173438 0.237500
1 0.612500 0.590625 0.196875 0.222917
1 0.156250 0.271875 0.168750 0.214583
1 0.732813 0.979167 0.146875 0.041667
1 0.542188 0.026042 0.196875 0.052083
1 0.778125 0.718750 0.171875 0.250000
1 0.025000 0.083333 0.050000 0.166667
1 0.815625 0.269792 0.153125 0.185417
1 0.031250 0.348958 0.062500 0.260417
1 0.221094 0.452083 0.148438 0.204167
1 0.922656 0.797917 0.151562 0.212500
1 0.963281 0.558333 0.070312 0.237500
2 0.635156 0.438542 0.067188 0.089583
1 0.114063 0.496875 0.168750 0.189583
1 0.310937 0.942708 0.159375 0.110417
1 0.467969 0.905208 0.173438 0.189583
1 0.932813 0.093750 0.134375 0.187500
1 0.459375 0.732292 0.184375 0.206250
1 0.296094 0.653125 0.164062 0.227083
1 0.653125 0.826042 0.196875 0.227083
0 0.417969 0.202083 0.367188 0.395833
1 0.803125 0.482292 0.181250 0.202083
1 0.714063 0.290625 0.143750 0.202083
1 0.781250 0.084375 0.134375 0.168750
1 0.201563 0.079167 0.165625 0.158333
1 0.199219 0.777083 0.173438 0.237500
1 0.612500 0.590625 0.196875 0.222917
1 0.156250 0.271875 0.168750 0.214583
1 0.732813 0.979167 0.146875 0.041667
1 0.542188 0.026042 0.196875 0.052083
1 0.778125 0.718750 0.171875 0.250000
1 0.025000 0.083333 0.050000 0.166667
1 0.815625 0.269792 0.153125 0.185417
1 0.031250 0.348958 0.062500 0.260417
1 0.221094 0.452083 0.148438 0.204167
1 0.922656 0.797917 0.151562 0.212500
1 0.963281 0.558333 0.070312 0.237500
2 0.635156 0.438542 0.067188 0.089583
1 0.114063 0.496875 0.168750 0.189583
1 0.310937 0.942708 0.159375 0.110417
1 0.467969 0.905208 0.173438 0.189583
1 0.932813 0.093750 0.134375 0.187500
1 0.459375 0.732292 0.184375 0.206250
1 0.296094 0.653125 0.164062 0.227083
1 0.653125 0.826042 0.196875 0.227083
0 0.417969 0.202083 0.367188 0.395833
1 0.803125 0.482292 0.181250 0.202083
1 0.714063 0.290625 0.143750 0.202083
1 0.781250 0.084375 0.134375 0.168750
1 0.201563 0.079167 0.165625 0.158333
1 0.199219 0.777083 0.173438 0.237500
1 0.612500 0.590625 0.196875 0.222917
1 0.156250 0.271875 0.168750 0.214583
1 0.732813 0.979167 0.146875 0.041667
1 0.542188 0.026042 0.196875 0.052083
1 0.778125 0.718750 0.171875 0.250000
1 0.025000 0.083333 0.050000 0.166667
1 0.815625 0.269792 0.153125 0.185417
1 0.031250 0.348958 0.062500 0.260417
1 0.221094 0.452083 0.148438 0.204167
1 0.922656 0.797917 0.151562 0.212500
1 0.963281 0.558333 0.070312 0.237500
2 0.635156 0.438542 0.067188 0.089583
1 0.114063 0.496875 0.168750 0.189583
1 0.310937 0.942708 0.159375 0.110417
1 0.467969 0.905208 0.173438 0.189583
1 0.932813 0.093750 0.134375 0.187500
1 0.459375 0.732292 0.184375 0.206250
1 0.296094 0.653125 0.164062 0.227083
1 0.653125 0.826042 0.196875 0.227083
0 0.417969 0.202083 0.367188 0.395833
1 0.803125 0.482292 0.181250 0.202083
1 0.714063 0.290625 0.143750 0.202083
1 0.781250 0.084375 0.134375 0.168750
1 0.201563 0.079167 0.165625 0.158333
1 0.199219 0.777083 0.173438 0.237500
1 0.612500 0.590625 0.196875 0.222917
1 0.156250 0.271875 0.168750 0.214583
1 0.732813 0.979167 0.146875 0.041667
1 0.542188 0.026042 0.196875 0.052083
1 0.778125 0.718750 0.171875 0.250000
1 0.025000 0.083333 0.050000 0.166667
1 0.815625 0.269792 0.153125 0.185417
1 0.031250 0.348958 0.062500 0.260417
1 0.221094 0.452083 0.148438 0.204167
1 0.922656 0.797917 0.151562 0.212500
1 0.963281 0.558333 0.070312 0.237500
2 0.635156 0.438542 0.067188 0.089583
1 0.114063 0.496875 0.168750 0.189583
1 0.310937 0.942708 0.159375 0.110417
1 0.467969 0.905208 0.173438 0.189583
1 0.932813 0.093750 0.134375 0.187500
1 0.459375 0.732292 0.184375 0.206250
1 0.296094 0.653125 0.164062 0.227083
1 0.653125 0.826042 0.196875 0.227083
0 0.417969 0.202083 0.367188 0.395833
1 0.803125 0.482292 0.181250 0.202083
1 0.714063 0.290625 0.143750 0.202083
1 0.781250 0.084375 0.134375 0.168750
1 0.201563 0.079167 0.165625 0.158333
1 0.199219 0.777083 0.173438 0.237500
1 0.612500 0.590625 0.196875 0.222917
1 0.156250 0.271875 0.168750 0.214583
1 0.732813 0.979167 0.146875 0.041667
1 0.542188 0.026042 0.196875 0.052083
1 0.778125 0.718750 0.171875 0.250000
1 0.025000 0.083333 0.050000 0.166667
1 0.815625 0.269792 0.153125 0.185417
1 0.031250 0.348958 0.062500 0.260417
1 0.221094 0.452083 0.148438 0.204167
1 0.922656 0.797917 0.151562 0.212500
1 0.963281 0.558333 0.070312 0.237500
2 0.635156 0.438542 0.067188 0.089583
1 0.114063 0.496875 0.168750 0.189583
1 0.310937 0.942708 0.159375 0.110417
1 0.467969 0.905208 0.173438 0.189583
1 0.932813 0.093750 0.134375 0.187500
1 0.459375 0.732292 0.184375 0.206250
1 0.296094 0.653125 0.164062 0.227083
1 0.653125 0.826042 0.196875 0.227083
0 0.417969 0.202083 0.367188 0.395833
1 0.803125 0.482292 0.181250 0.202083
1 0.714063 0.290625 0.143750 0.202083
1 0.781250 0.084375 0.134375 0.168750
1 0.201563 0.079167 0.165625 0.158333
1 0.199219 0.777083 0.173438 0.237500
1 0.612500 0.590625 0.196875 0.222917
1 0.156250 0.271875 0.168750 0.214583
1 0.732813 0.979167 0.146875 0.041667
1 0.542188 0.026042 0.196875 0.052083
1 0.778125 0.718750 0.171875 0.250000
1 0.025000 0.083333 0.050000 0.166667
1 0.815625 0.269792 0.153125 0.185417
1 0.031250 0.348958 0.062500 0.260417
1 0.221094 0.452083 0.148438 0.204167
1 0.922656 0.797917 0.151562 0.212500
1 0.963281 0.558333 0.070312 0.237500
2 0.635156 0.438542 0.067188 0.089583
1 0.114063 0.496875 0.168750 0.189583
1 0.310937 0.942708 0.159375 0.110417
1 0.467969 0.905208 0.173438 0.189583
1 0.932813 0.093750 0.134375 0.187500
1 0.459375 0.732292 0.184375 0.206250
1 0.296094 0.653125 0.164062 0.227083
1 0.653125 0.826042 0.196875 0.227083
0 0.417969 0.202083 0.367188 0.395833
1 0.803125 0.482292 0.181250 0.202083
1 0.714063 0.290625 0.143750 0.202083
1 0.781250 0.084375 0.134375 0.168750
1 0.201563 0.079167 0.165625 0.158333
1 0.199219 0.777083 0.173438 0.237500
1 0.612500 0.590625 0.196875 0.222917
1 0.156250 0.271875 0.168750 0.214583
1 0.732813 0.979167 0.146875 0.041667
1 0.542188 0.026042 0.196875 0.052083
1 0.778125 0.718750 0.171875 0.250000
1 0.025000 0.083333 0.050000 0.166667
1 0.815625 0.269792 0.153125 0.185417
1 0.031250 0.348958 0.062500 0.260417
1 0.221094 0.452083 0.148438 0.204167
1 0.922656 0.797917 0.151562 0.212500
1 0.963281 0.558333 0.070312 0.237500
2 0.635156 0.438542 0.067188 0.089583
1 0.114063 0.496875 0.168750 0.189583
1 0.310937 0.942708 0.159375 0.110417
1 0.467969 0.905208 0.173438 0.189583
1 0.932813 0.093750 0.134375 0.187500
1 0.459375 0.732292 0.184375 0.206250
1 0.296094 0.653125 0.164062 0.227083
1 0.653125 0.826042 0.196875 0.227083
0 0.417969 0.202083 0.367188 0.395833
1 0.803125 0.482292 0.181250 0.202083
1 0.714063 0.290625 0.143750 0.202083
1 0.781250 0.084375 0.134375 0.168750
1 0.201563 0.079167 0.165625 0.158333
1 0.199219 0.777083 0.173438 0.237500
1 0.612500 0.590625 0.196875 0.222917
1 0.156250 0.271875 0.168750 0.214583
1 0.732813 0.979167 0.146875 0.041667
1 0.542188 0.026042 0.196875 0.052083
1 0.778125 0.718750 0.171875 0.250000
1 0.025000 0.083333 0.050000 0.166667
1 0.815625 0.269792 0.153125 0.185417
1 0.031250 0.348958 0.062500 0.260417
1 0.221094 0.452083 0.148438 0.204167
1 0.922656 0.797917 0.151562 0.212500
1 0.963281 0.558333 0.070312 0.237500
2 0.635156 0.438542 0.067188 0.089583
1 0.114063 0.496875 0.168750 0.189583
1 0.310937 0.942708 0.159375 0.110417
1 0.467969 0.905208 0.173438 0.189583
1 0.932813 0.093750 0.134375 0.187500
1 0.459375 0.732292 0.184375 0.206250
1 0.296094 0.653125 0.164062 0.227083
1 0.653125 0.826042 0.196875 0.227083
0 0.417969 0.202083 0.367188 0.395833
1 0.803125 0.482292 0.181250 0.202083
1 0.714063 0.290625 0.143750 0.202083
1 0.781250 0.084375 0.134375 0.168750
1 0.201563 0.079167 0.165625 0.158333
1 0.199219 0.777083 0.173438 0.237500
1 0.612500 0.590625 0.196875 0.222917
1 0.156250 0.271875 0.168750 0.214583
1 0.732813 0.979167 0.146875 0.041667
1 0.542188 0.026042 0.196875 0.052083
1 0.778125 0.718750 0.171875 0.250000
1 0.025000 0.083333 0.050000 0.166667
1 0.815625 0.269792 0.153125 0.185417
1 0.031250 0.348958 0.062500 0.260417
1 0.221094 0.452083 0.148438 0.204167
1 0.922656 0.797917 0.151562 0.212500
1 0.963281 0.558333 0.070312 0.237500
2 0.635156 0.438542 0.067188 0.089583
1 0.114063 0.496875 0.168750 0.189583
1 0.310937 0.942708 0.159375 0.110417
1 0.467969 0.905208 0.173438 0.189583
1 0.932813 0.093750 0.134375 0.187500
1 0.459375 0.732292 0.184375 0.206250
1 0.296094 0.653125 0.164062 0.227083
1 0.653125 0.826042 0.196875 0.227083
0 0.417969 0.202083 0.367188 0.395833
1 0.803125 0.482292 0.181250 0.202083
1 0.714063 0.290625 0.143750 0.202083
1 0.781250 0.084375 0.134375 0.168750
1 0.201563 0.079167 0.165625 0.158333
1 0.199219 0.777083 0.173438 0.237500
1 0.612500 0.590625 0.196875 0.222917
1 0.156250 0.271875 0.168750 0.214583
1 0.732813 0.979167 0.146875 0.041667
1 0.542188 0.026042 0.196875 0.052083
1 0.778125 0.718750 0.171875 0.250000
1 0.025000 0.083333 0.050000 0.166667
1 0.815625 0.269792 0.153125 0.185417
1 0.031250 0.348958 0.062500 0.260417
1 0.221094 0.452083 0.148438 0.204167
1 0.922656 0.797917 0.151562 0.212500
1 0.963281 0.558333 0.070312 0.237500
2 0.635156 0.438542 0.067188 0.089583
1 0.114063 0.496875 0.168750 0.189583
1 0.310937 0.942708 0.159375 0.110417
1 0.467969 0.905208 0.173438 0.189583
1 0.932813 0.093750 0.134375 0.187500
1 0.459375 0.732292 0.184375 0.206250
1 0.296094 0.653125 0.164062 0.227083
1 0.653125 0.826042 0.196875 0.227083
0 0.417969 0.202083 0.367188 0.395833
1 0.803125 0.482292 0.181250 0.202083
1 0.714063 0.290625 0.143750 0.202083
1 0.781250 0.084375 0.134375 0.168750
1 0.201563 0.079167 0.165625 0.158333
1 0.199219 0.777083 0.173438 0.237500
1 0.612500 0.590625 0.196875 0.222917
1 0.156250 0.271875 0.168750 0.214583
1 0.732813 0.979167 0.146875 0.041667
1 0.542188 0.026042 0.196875 0.052083
1 0.778125 0.718750 0.171875 0.250000
1 0.025000 0.083333 0.050000 0.166667
1 0.815625 0.269792 0.153125 0.185417
1 0.031250 0.348958 0.062500 0.260417
1 0.221094 0.452083 0.148438 0.204167
1 0.922656 0.797917 0.151562 0.212500
1 0.963281 0.558333 0.070312 0.237500
2 0.635156 0.438542 0.067188 0.089583
1 0.114063 0.496875 0.168750 0.189583
1 0.310937 0.942708 0.159375 0.110417
1 0.467969 0.905208 0.173438 0.189583
1 0.932813 0.093750 0.134375 0.187500
1 0.459375 0.732292 0.184375 0.206250
1 0.296094 0.653125 0.164062 0.227083
1 0.653125 0.826042 0.196875 0.227083
0 0.417969 0.202083 0.367188 0.395833
1 0.803125 0.482292 0.181250 0.202083
1 0.714063 0.290625 0.143750 0.202083
1 0.781250 0.084375 0.134375 0.168750
1 0.201563 0.079167 0.165625 0.158333
1 0.199219 0.777083 0.173438 0.237500
1 0.612500 0.590625 0.196875 0.222917
1 0.156250 0.271875 0.168750 0.214583
1 0.732813 0.979167 0.146875 0.041667
1 0.542188 0.026042 0.196875 0.052083
1 0.778125 0.718750 0.171875 0.250000
1 0.025000 0.083333 0.050000 0.166667
1 0.815625 0.269792 0.153125 0.185417
1 0.031250 0.348958 0.062500 0.260417
1 0.221094 0.452083 0.148438 0.204167
1 0.922656 0.797917 0.151562 0.212500
1 0.963281 0.558333 0.070312 0.237500
2 0.635156 0.438542 0.067188 0.089583
1 0.114063 0.496875 0.168750 0.189583
1 0.310937 0.942708 0.159375 0.110417
1 0.467969 0.905208 0.173438 0.189583
1 0.932813 0.093750 0.134375 0.187500
1 0.459375 0.732292 0.184375 0.206250
1 0.296094 0.653125 0.164062 0.227083
1 0.653125 0.826042 0.196875 0.227083
0 0.417969 0.202083 0.367188 0.395833
1 0.803125 0.482292 0.181250 0.202083
1 0.714063 0.290625 0.143750 0.202083
1 0.781250 0.084375 0.134375 0.168750
1 0.201563 0.079167 0.165625 0.158333
1 0.199219 0.777083 0.173438 0.237500
1 0.612500 0.590625 0.196875 0.222917
1 0.156250 0.271875 0.168750 0.214583
1 0.732813 0.979167 0.146875 0.041667
1 0.542188 0.026042 0.196875 0.052083
1 0.778125 0.718750 0.171875 0.250000
1 0.025000 0.083333 0.050000 0.166667
1 0.815625 0.269792 0.153125 0.185417
1 0.031250 0.348958 0.062500 0.260417
1 0.221094 0.452083 0.148438 0.204167
1 0.922656 0.797917 0.151562 0.212500
1 0.963281 0.558333 0.070312 0.237500
2 0.635156 0.438542 0.067188 0.089583
1 0.114063 0.496875 0.168750 0.189583
1 0.310937 0.942708 0.159375 0.110417
1 0.467969 0.905208 0.173438 0.189583
1 0.932813 0.093750 0.134375 0.187500
1 0.459375 0.732292 0.184375 0.206250
1 0.296094 0.653125 0.164062 0.227083
1 0.653125 0.826042 0.196875 0.227083
0 0.417969 0.202083 0.367188 0.395833
1 0.803125 0.482292 0.181250 0.202083
1 0.714063 0.290625 0.143750 0.202083
1 0.781250 0.084375 0.134375 0.168750
1 0.201563 0.079167 0.165625 0.158333
1 0.199219 0.777083 0.173438 0.237500
1 0.612500 0.590625 0.196875 0.222917
1 0.156250 0.271875 0.168750 0.214583
1 0.732813 0.979167 0.146875 0.041667
1 0.542188 0.026042 0.196875 0.052083
1 0.778125 0.718750 0.171875 0.250000
1 0.025000 0.083333 0.050000 0.166667
1 0.815625 0.269792 0.153125 0.185417
1 0.031250 0.348958 0.062500 0.260417
1 0.221094 0.452083 0.148438 0.204167
1 0.922656 0.797917 0.151562 0.212500
1 0.963281 0.558333 0.070312 0.237500
2 0.635156 0.438542 0.067188 0.089583
1 0.114063 0.496875 0.168750 0.189583
1 0.310937 0.942708 0.159375 0.110417
1 0.467969 0.905208 0.173438 0.189583
1 0.932813 0.093750 0.134375 0.187500
1 0.459375 0.732292 0.184375 0.206250
1 0.296094 0.653125 0.164062 0.227083
1 0.653125 0.826042 0.196875 0.227083
0 0.417969 0.202083 0.367188 0.395833
1 0.803125 0.482292 0.181250 0.202083
1 0.714063 0.290625 0.143750 0.202083
1 0.781250 0.084375 0.134375 0.168750
1 0.201563 0.079167 0.165625 0.158333
1 0.199219 0.777083 0.173438 0.237500
1 0.612500 0.590625 0.196875 0.222917
1 0.156250 0.271875 0.168750 0.214583
1 0.732813 0.979167 0.146875 0.041667
1 0.542188 0.026042 0.196875 0.052083
1 0.778125 0.718750 0.171875 0.250000
1 0.025000 0.083333 0.050000 0.166667
1 0.815625 0.269792 0.153125 0.185417
1 0.031250 0.348958 0.062500 0.260417
1 0.221094 0.452083 0.148438 0.204167
1 0.922656 0.797917 0.151562 0.212500
1 0.963281 0.558333 0.070312 0.237500
2 0.635156 0.438542 0.067188 0.089583
1 0.114063 0.496875 0.168750 0.189583
1 0.310937 0.942708 0.159375 0.110417
1 0.467969 0.905208 0.173438 0.189583
1 0.932813 0.093750 0.134375 0.187500
1 0.459375 0.732292 0.184375 0.206250
1 0.296094 0.653125 0.164062 0.227083
1 0.653125 0.826042 0.196875 0.227083
0 0.417969 0.202083 0.367188 0.395833
1 0.803125 0.482292 0.181250 0.202083
1 0.714063 0.290625 0.143750 0.202083
1 0.781250 0.084375 0.134375 0.168750
1 0.201563 0.079167 0.165625 0.158333
1 0.199219 0.777083 0.173438 0.237500
1 0.612500 0.590625 0.196875 0.222917
1 0.156250 0.271875 0.168750 0.214583
1 0.732813 0.979167 0.146875 0.041667
1 0.542188 0.026042 0.196875 0.052083
1 0.778125 0.718750 0.171875 0.250000
1 0.025000 0.083333 0.050000 0.166667
1 0.815625 0.269792 0.153125 0.185417
1 0.031250 0.348958 0.062500 0.260417
1 0.221094 0.452083 0.148438 0.204167
1 0.922656 0.797917 0.151562 0.212500
1 0.963281 0.558333 0.070312 0.237500
2 0.635156 0.438542 0.067188 0.089583
1 0.114063 0.496875 0.168750 0.189583
1 0.310937 0.942708 0.159375 0.110417
1 0.467969 0.905208 0.173438 0.189583
1 0.932813 0.093750 0.134375 0.187500
1 0.459375 0.732292 0.184375 0.206250
1 0.296094 0.653125 0.164062 0.227083
1 0.653125 0.826042 0.196875 0.227083
0 0.417969 0.202083 0.367188 0.395833
1 0.803125 0.482292 0.181250 0.202083
1 0.714063 0.290625 0.143750 0.202083
1 0.781250 0.084375 0.134375 0.168750
1 0.201563 0.079167 0.165625 0.158333
1 0.199219 0.777083 0.173438 0.237500
1 0.612500 0.590625 0.196875 0.222917
1 0.156250 0.271875 0.168750 0.214583
1 0.732813 0.979167 0.146875 0.041667
1 0.542188 0.026042 0.196875 0.052083
1 0.778125 0.718750 0.171875 0.250000
1 0.025000 0.083333 0.050000 0.166667
1 0.815625 0.269792 0.153125 0.185417
1 0.031250 0.348958 0.062500 0.260417
1 0.221094 0.452083 0.148438 0.204167
1 0.922656 0.797917 0.151562 0.212500
1 0.963281 0.558333 0.070312 0.237500
2 0.635156 0.438542 0.067188 0.089583
1 0.114063 0.496875 0.168750 0.189583
1 0.310937 0.942708 0.159375 0.110417
1 0.467969 0.905208 0.173438 0.189583
1 0.932813 0.093750 0.134375 0.187500
1 0.459375 0.732292 0.184375 0.206250
1 0.296094 0.653125 0.164062 0.227083
1 0.653125 0.826042 0.196875 0.227083
0 0.417969 0.202083 0.367188 0.395833
1 0.803125 0.482292 0.181250 0.202083
1 0.714063 0.290625 0.143750 0.202083
1 0.781250 0.084375 0.134375 0.168750
1 0.201563 0.079167 0.165625 0.158333
1 0.199219 0.777083 0.173438 0.237500
1 0.612500 0.590625 0.196875 0.222917
1 0.156250 0.271875 0.168750 0.214583
