1 0.114844 0.034375 0.170313 0.068750
1 0.929688 0.963542 0.140625 0.072917
1 0.053125 0.454167 0.103125 0.208333
1 0.351562 0.047917 0.181250 0.095833
1 0.951563 0.138542 0.093750 0.277083
1 0.291406 0.954167 0.182812 0.091667
1 0.059375 0.879167 0.118750 0.195833
1 0.057813 0.228125 0.106250 0.239583
1 0.071094 0.646875 0.142188 0.247917
1 0.929688 0.791667 0.140625 0.200000
1 0.805469 0.713542 0.170313 0.239583
1 0.347656 0.507292 0.189063 0.210417
0 0.535937 0.766667 0.415625 0.466667
1 0.782031 0.300000 0.182812 0.258333
1 0.650781 0.108333 0.167187 0.212500
1 0.248438 0.746875 0.175000 0.243750
1 0.434375 0.309375 0.178125 0.243750
1 0.611719 0.377083 0.167187 0.212500
1 0.114844 0.034375 0.170313 0.068750
1 0.929688 0.963542 0.140625 0.072917
1 0.053125 0.454167 0.103125 0.208333
1 0.351562 0.047917 0.181250 0.095833
1 0.951563 0.138542 0.093750 0.277083
1 0.291406 0.954167 0.182812 0.091667
1 0.059375 0.879167 0.118750 0.195833
1 0.057813 0.228125 0.106250 0.239583
1 0.071094 0.646875 0.142188 0.247917
1 0.929688 0.791667 0.140625 0.200000
1 0.805469 0.713542 0.170313 0.239583
1 0.347656 0.507292 0.189063 0.210417
0 0.535937 0.766667 0.415625 0.466667
1 0.782031 0.300000 0.182812 0.258333
1 0.650781 0.108333 0.167187 0.212500
1 0.248438 0.746875 0.175000 0.243750
1 0.434375 0.309375 0.178125 0.243750
1 0.611719 0.377083 0.167187 0.212500
1 0.114844 0.034375 0.170313 0.068750
1 0.929688 0.963542 0.140625 0.072917
1 0.053125 0.454167 0.103125 0.208333
1 0.351562 0.047917 0.181250 0.095833
1 0.951563 0.138542 0.093750 0.277083
1 0.291406 0.954167 0.182812 0.091667
1 0.059375 0.879167 0.118750 0.195833
1 0.057813 0.228125 0.106250 0.239583
1 0.071094 0.646875 0.142188 0.247917
1 0.929688 0.791667 0.140625 0.200000
1 0.805469 0.713542 0.170313 0.239583
1 0.347656 0.507292 0.189063 0.210417
0 0.535937 0.766667 0.415625 0.466667
1 0.782031 0.300000 0.182812 0.258333
1 0.650781 0.108333 0.167187 0.212500
1 0.248438 0.746875 0.175000 0.243750
1 0.434375 0.309375 0.178125 0.243750
1 0.611719 0.377083 0.167187 0.212500
1 0.114844 0.034375 0.170313 0.068750
1 0.929688 0.963542 0.140625 0.072917
1 0.053125 0.454167 0.103125 0.208333
1 0.351562 0.047917 0.181250 0.095833
1 0.951563 0.138542 0.093750 0.277083
1 0.291406 0.954167 0.182812 0.091667
1 0.059375 0.879167 0.118750 0.195833
1 0.057813 0.228125 0.106250 0.239583
1 0.071094 0.646875 0.142188 0.247917
1 0.929688 0.791667 0.140625 0.200000
1 0.805469 0.713542 0.170313 0.239583
1 0.347656 0.507292 0.189063 0.210417
0 0.535937 0.766667 0.415625 0.466667
1 0.782031 0.300000 0.182812 0.258333
1 0.650781 0.108333 0.167187 0.212500
1 0.248438 0.746875 0.175000 0.243750
1 0.434375 0.309375 0.178125 0.243750
1 0.611719 0.377083 0.167187 0.212500
1 0.114844 0.034375 0.170313 0.068750
1 0.929688 0.963542 0.140625 0.072917
1 0.053125 0.454167 0.103125 0.208333
1 0.351562 0.047917 0.181250 0.095833
1 0.951563 0.138542 0.093750 0.277083
1 0.291406 0.954167 0.182812 0.091667
1 0.059375 0.879167 0.118750 0.195833
1 0.057813 0.228125 0.106250 0.239583
1 0.071094 0.646875 0.142188 0.247917
1 0.929688 0.791667 0.140625 0.200000
1 0.805469 0.713542 0.170313 0.239583
1 0.347656 0.507292 0.189063 0.210417
0 0.535937 0.766667 0.415625 0.466667
1 0.782031 0.300000 0.182812 0.258333
1 0.650781 0.108333 0.167187 0.212500
1 0.248438 0.746875 0.175000 0.243750
1 0.434375 0.309375 0.178125 0.243750
1 0.611719 0.377083 0.167187 0.212500
1 0.114844 0.034375 0.170313 0.068750
1 0.929688 0.963542 0.140625 0.072917
1 0.053125 0.454167 0.103125 0.208333
1 0.351562 0.047917 0.181250 0.095833
1 0.951563 0.138542 0.093750 0.277083
1 0.291406 0.954167 0.182812 0.091667
1 0.059375 0.879167 0.118750 0.195833
1 0.057813 0.228125 0.106250 0.239583
1 0.071094 0.646875 0.142188 0.247917
1 0.929688 0.791667 0.140625 0.200000
1 0.805469 0.713542 0.170313 0.239583
1 0.347656 0.507292 0.189063 0.210417
0 0.535937 0.766667 0.415625 0.466667
1 0.782031 0.300000 0.182812 0.258333
1 0.650781 0.108333 0.167187 0.212500
1 0.248438 0.746875 0.175000 0.243750
1 0.434375 0.309375 0.178125 0.243750
1 0.611719 0.377083 0.167187 0.212500
1 0.114844 0.034375 0.170313 0.068750
1 0.929688 0.963542 0.140625 0.072917
1 0.053125 0.454167 0.103125 0.208333
1 0.351562 0.047917 0.181250 0.095833
1 0.951563 0.138542 0.093750 0.277083
1 0.291406 0.954167 0.182812 0.091667
1 0.059375 0.879167 0.118750 0.195833
1 0.057813 0.228125 0.106250 0.239583
1 0.071094 0.646875 0.142188 0.247917
1 0.929688 0.791667 0.140625 0.200000
1 0.805469 0.713542 0.170313 0.239583
1 0.347656 0.507292 0.189063 0.210417
0 0.535937 0.766667 0.415625 0.466667
1 0.782031 0.300000 0.182812 0.258333
1 0.650781 0.108333 0.167187 0.212500
1 0.248438 0.746875 0.175000 0.243750
1 0.434375 0.309375 0.178125 0.243750
1 0.611719 0.377083 0.167187 0.212500
1 0.114844 0.034375 0.170313 0.068750
1 0.929688 0.963542 0.140625 0.072917
1 0.053125 0.454167 0.103125 0.208333
1 0.351562 0.047917 0.181250 0.095833
1 0.951563 0.138542 0.093750 0.277083
1 0.291406 0.954167 0.182812 0.091667
1 0.059375 0.879167 0.118750 0.195833
1 0.057813 0.228125 0.106250 0.239583
1 0.071094 0.646875 0.142188 0.247917
1 0.929688 0.791667 0.140625 0.200000
1 0.805469 0.713542 0.170313 0.239583
1 0.347656 0.507292 0.189063 0.210417
0 0.535937 0.766667 0.415625 0.466667
1 0.782031 0.300000 0.182812 0.258333
1 0.650781 0.108333 0.167187 0.212500
1 0.248438 0.746875 0.175000 0.243750
1 0.434375 0.309375 0.178125 0.243750
1 0.611719 0.377083 0.167187 0.212500
1 0.114844 0.034375 0.170313 0.068750
1 0.929688 0.963542 0.140625 0.072917
1 0.053125 0.454167 0.103125 0.208333
1 0.351562 0.047917 0.181250 0.095833
1 0.951563 0.138542 0.093750 0.277083
1 0.291406 0.954167 0.182812 0.091667
1 0.059375 0.879167 0.118750 0.195833
1 0.057813 0.228125 0.106250 0.239583
1 0.071094 0.646875 0.142188 0.247917
1 0.929688 0.791667 0.140625 0.200000
1 0.805469 0.713542 0.170313 0.239583
1 0.347656 0.507292 0.189063 0.210417
0 0.535937 0.766667 0.415625 0.466667
1 0.782031 0.300000 0.182812 0.258333
1 0.650781 0.108333 0.167187 0.212500
1 0.248438 0.746875 0.175000 0.243750
1 0.434375 0.309375 0.178125 0.243750
1 0.611719 0.377083 0.167187 0.212500
1 0.114844 0.034375 0.170313 0.068750
1 0.929688 0.963542 0.140625 0.072917
1 0.053125 0.454167 0.103125 0.208333
1 0.351562 0.047917 0.181250 0.095833
1 0.951563 0.138542 0.093750 0.277083
1 0.291406 0.954167 0.182812 0.091667
1 0.059375 0.879167 0.118750 0.195833
1 0.057813 0.228125 0.106250 0.239583
1 0.071094 0.646875 0.142188 0.247917
1 0.929688 0.791667 0.140625 0.200000
1 0.805469 0.713542 0.170313 0.239583
1 0.347656 0.507292 0.189063 0.210417
0 0.535937 0.766667 0.415625 0.466667
1 0.782031 0.300000 0.182812 0.258333
1 0.650781 0.108333 0.167187 0.212500
1 0.248438 0.746875 0.175000 0.243750
1 0.434375 0.309375 0.178125 0.243750
1 0.611719 0.377083 0.167187 0.212500
1 0.114844 0.034375 0.170313 0.068750
1 0.929688 0.963542 0.140625 0.072917
1 0.053125 0.454167 0.103125 0.208333
1 0.351562 0.047917 0.181250 0.095833
1 0.951563 0.138542 0.093750 0.277083
1 0.291406 0.954167 0.182812 0.091667
1 0.059375 0.879167 0.118750 0.195833
1 0.057813 0.228125 0.106250 0.239583
1 0.071094 0.646875 0.142188 0.247917
1 0.929688 0.791667 0.140625 0.200000
1 0.805469 0.713542 0.170313 0.239583
1 0.347656 0.507292 0.189063 0.210417
0 0.535937 0.766667 0.415625 0.466667
1 0.782031 0.300000 0.182812 0.258333
1 0.650781 0.108333 0.167187 0.212500
1 0.248438 0.746875 0.175000 0.243750
1 0.434375 0.309375 0.178125 0.243750
1 0.611719 0.377083 0.167187 0.212500
1 0.114844 0.034375 0.170313 0.068750
1 0.929688 0.963542 0.140625 0.072917
1 0.053125 0.454167 0.103125 0.208333
1 0.351562 0.047917 0.181250 0.095833
1 0.951563 0.138542 0.093750 0.277083
1 0.291406 0.954167 0.182812 0.091667
1 0.059375 0.879167 0.118750 0.195833
1 0.057813 0.228125 0.106250 0.239583
1 0.071094 0.646875 0.142188 0.247917
1 0.929688 0.791667 0.140625 0.200000
1 0.805469 0.713542 0.170313 0.239583
1 0.347656 0.507292 0.189063 0.210417
0 0.535937 0.766667 0.415625 0.466667
1 0.782031 0.300000 0.182812 0.258333
1 0.650781 0.108333 0.167187 0.212500
1 0.248438 0.746875 0.175000 0.243750
1 0.434375 0.309375 0.178125 0.243750
1 0.611719 0.377083 0.167187 0.212500
1 0.114844 0.034375 0.170313 0.068750
1 0.929688 0.963542 0.140625 0.072917
1 0.053125 0.454167 0.103125 0.208333
1 0.351562 0.047917 0.181250 0.095833
1 0.951563 0.138542 0.093750 0.277083
1 0.291406 0.954167 0.182812 0.091667
1 0.059375 0.879167 0.118750 0.195833
1 0.057813 0.228125 0.106250 0.239583
1 0.071094 0.646875 0.142188 0.247917
1 0.929688 0.791667 0.140625 0.200000
1 0.805469 0.713542 0.170313 0.239583
1 0.347656 0.507292 0.189063 0.210417
0 0.535937 0.766667 0.415625 0.466667
1 0.782031 0.300000 0.182812 0.258333
1 0.650781 0.108333 0.167187 0.212500
1 0.248438 0.746875 0.175000 0.243750
1 0.434375 0.309375 0.178125 0.243750
1 0.611719 0.377083 0.167187 0.212500
1 0.114844 0.034375 0.170313 0.068750
1 0.929688 0.963542 0.140625 0.072917
1 0.053125 0.454167 0.103125 0.208333
1 0.351562 0.047917 0.181250 0.095833
1 0.951563 0.138542 0.093750 0.277083
1 0.291406 0.954167 0.182812 0.091667
1 0.059375 0.879167 0.118750 0.195833
1 0.057813 0.228125 0.106250 0.239583
1 0.071094 0.646875 0.142188 0.247917
1 0.929688 0.791667 0.140625 0.200000
1 0.805469 0.713542 0.170313 0.239583
1 0.347656 0.507292 0.189063 0.210417
0 0.535937 0.766667 0.415625 0.466667
1 0.782031 0.300000 0.182812 0.258333
1 0.650781 0.108333 0.167187 0.212500
1 0.248438 0.746875 0.175000 0.243750
1 0.434375 0.309375 0.178125 0.243750
1 0.611719 0.377083 0.167187 0.212500
1 0.114844 0.034375 0.170313 0.068750
1 0.929688 0.963542 0.140625 0.072917
1 0.053125 0.454167 0.103125 0.208333
1 0.351562 0.047917 0.181250 0.095833
1 0.951563 0.138542 0.093750 0.277083
1 0.291406 0.954167 0.182812 0.091667
1 0.059375 0.879167 0.118750 0.195833
1 0.057813 0.228125 0.106250 0.239583
1 0.071094 0.646875 0.142188 0.247917
1 0.929688 0.791667 0.140625 0.200000
1 0.805469 0.713542 0.170313 0.239583
1 0.347656 0.507292 0.189063 0.210417
0 0.535937 0.766667 0.415625 0.466667
1 0.782031 0.300000 0.182812 0.258333
1 0.650781 0.108333 0.167187 0.212500
1 0.248438 0.746875 0.175000 0.243750
1 0.434375 0.309375 0.178125 0.243750
1 0.611719 0.377083 0.167187 0.212500
1 0.114844 0.034375 0.170313 0.068750
1 0.929688 0.963542 0.140625 0.072917
1 0.053125 0.454167 0.103125 0.208333
1 0.351562 0.047917 0.181250 0.095833
1 0.951563 0.138542 0.093750 0.277083
1 0.291406 0.954167 0.182812 0.091667
1 0.059375 0.879167 0.118750 0.195833
1 0.057813 0.228125 0.106250 0.239583
1 0.071094 0.646875 0.142188 0.247917
1 0.929688 0.791667 0.140625 0.200000
1 0.805469 0.713542 0.170313 0.239583
1 0.347656 0.507292 0.189063 0.210417
0 0.535937 0.766667 0.415625 0.466667
1 0.782031 0.300000 0.182812 0.258333
1 0.650781 0.108333 0.167187 0.212500
1 0.248438 0.746875 0.175000 0.243750
1 0.434375 0.309375 0.178125 0.243750
1 0.611719 0.377083 0.167187 0.212500
1 0.114844 0.034375 0.170313 0.068750
1 0.929688 0.963542 0.140625 0.072917
1 0.053125 0.454167 0.103125 0.208333
1 0.351562 0.047917 0.181250 0.095833
1 0.951563 0.138542 0.093750 0.277083
1 0.291406 0.954167 0.182812 0.091667
1 0.059375 0.879167 0.118750 0.195833
1 0.057813 0.228125 0.106250 0.239583
1 0.071094 0.646875 0.142188 0.247917
1 0.929688 0.791667 0.140625 0.200000
1 0.805469 0.713542 0.170313 0.239583
1 0.347656 0.507292 0.189063 0.210417
0 0.535937 0.766667 0.415625 0.466667
1 0.782031 0.300000 0.182812 0.258333
1 0.650781 0.108333 0.167187 0.212500
1 0.248438 0.746875 0.175000 0.243750
1 0.434375 0.309375 0.178125 0.243750
1 0.611719 0.377083 0.167187 0.212500
1 0.114844 0.034375 0.170313 0.068750
1 0.929688 0.963542 0.140625 0.072917
1 0.053125 0.454167 0.103125 0.208333
1 0.351562 0.047917 0.181250 0.095833
1 0.951563 0.138542 0.093750 0.277083
1 0.291406 0.954167 0.182812 0.091667
1 0.059375 0.879167 0.118750 0.195833
1 0.057813 0.228125 0.106250 0.239583
1 0.071094 0.646875 0.142188 0.247917
1 0.929688 0.791667 0.140625 0.200000
1 0.805469 0.713542 0.170313 0.239583
1 0.347656 0.507292 0.189063 0.210417
0 0.535937 0.766667 0.415625 0.466667
1 0.782031 0.300000 0.182812 0.258333
1 0.650781 0.108333 0.167187 0.212500
1 0.248438 0.746875 0.175000 0.243750
1 0.434375 0.309375 0.178125 0.243750
1 0.611719 0.377083 0.167187 0.212500
