1 0.185156 0.029167 0.204688 0.054167
1 0.408594 0.057292 0.164062 0.110417
1 0.956250 0.890625 0.087500 0.210417
1 0.753125 0.894792 0.165625 0.210417
1 0.399219 0.955208 0.185938 0.089583
1 0.708594 0.652083 0.167187 0.250000
1 0.774219 0.333333 0.167187 0.183333
1 0.625000 0.077083 0.150000 0.154167
1 0.592969 0.961458 0.160938 0.077083
1 0.033594 0.540625 0.067188 0.227083
1 0.157813 0.181250 0.187500 0.216667
1 0.100000 0.896875 0.175000 0.193750
1 0.170313 0.733333 0.125000 0.195833
1 0.827344 0.442708 0.160938 0.227083
0 0.358594 0.522917 0.335938 0.450000
1 0.935938 0.291667 0.128125 0.212500
1 0.836719 0.131250 0.176563 0.216667
1 0.296875 0.840625 0.156250 0.214583
1 0.538281 0.242708 0.173438 0.231250
1 0.185156 0.029167 0.204688 0.054167
1 0.408594 0.057292 0.164062 0.110417
1 0.956250 0.890625 0.087500 0.210417
1 0.753125 0.894792 0.165625 0.210417
1 0.399219 0.955208 0.185938 0.089583
1 0.708594 0.652083 0.167187 0.250000
1 0.774219 0.333333 0.167187 0.183333
1 0.625000 0.077083 0.150000 0.154167
1 0.592969 0.961458 0.160938 0.077083
1 0.033594 0.540625 0.067188 0.227083
1 0.157813 0.181250 0.187500 0.216667
1 0.100000 0.896875 0.175000 0.193750
1 0.170313 0.733333 0.125000 0.195833
1 0.827344 0.442708 0.160938 0.227083
0 0.358594 0.522917 0.335938 0.450000
1 0.935938 0.291667 0.128125 0.212500
1 0.836719 0.131250 0.176563 0.216667
1 0.296875 0.840625 0.156250 0.214583
1 0.538281 0.242708 0.173438 0.231250
1 0.185156 0.029167 0.204688 0.054167
1 0.408594 0.057292 0.164062 0.110417
1 0.956250 0.890625 0.087500 0.210417
1 0.753125 0.894792 0.165625 0.210417
1 0.399219 0.955208 0.185938 0.089583
1 0.708594 0.652083 0.167187 0.250000
1 0.774219 0.333333 0.167187 0.183333
1 0.625000 0.077083 0.150000 0.154167
1 0.592969 0.961458 0.160938 0.077083
1 0.033594 0.540625 0.067188 0.227083
1 0.157813 0.181250 0.187500 0.216667
1 0.100000 0.896875 0.175000 0.193750
1 0.170313 0.733333 0.125000 0.195833
1 0.827344 0.442708 0.160938 0.227083
0 0.358594 0.522917 0.335938 0.450000
1 0.935938 0.291667 0.128125 0.212500
1 0.836719 0.131250 0.176563 0.216667
1 0.296875 0.840625 0.156250 0.214583
1 0.538281 0.242708 0.173438 0.231250
1 0.185156 0.029167 0.204688 0.054167
1 0.408594 0.057292 0.164062 0.110417
1 0.956250 0.890625 0.087500 0.210417
1 0.753125 0.894792 0.165625 0.210417
1 0.399219 0.955208 0.185938 0.089583
1 0.708594 0.652083 0.167187 0.250000
1 0.774219 0.333333 0.167187 0.183333
1 0.625000 0.077083 0.150000 0.154167
1 0.592969 0.961458 0.160938 0.077083
1 0.033594 0.540625 0.067188 0.227083
1 0.157813 0.181250 0.187500 0.216667
1 0.100000 0.896875 0.175000 0.193750
1 0.170313 0.733333 0.125000 0.195833
1 0.827344 0.442708 0.160938 0.227083
0 0.358594 0.522917 0.335938 0.450000
1 0.935938 0.291667 0.128125 0.212500
1 0.836719 0.131250 0.176563 0.216667
1 0.296875 0.840625 0.156250 0.214583
1 0.538281 0.242708 0.173438 0.231250
1 0.185156 0.029167 0.204688 0.054167
1 0.408594 0.057292 0.164062 0.110417
1 0.956250 0.890625 0.087500 0.210417
1 0.753125 0.894792 0.165625 0.210417
1 0.399219 0.955208 0.185938 0.089583
1 0.708594 0.652083 0.167187 0.250000
1 0.774219 0.333333 0.167187 0.183333
1 0.625000 0.077083 0.150000 0.154167
1 0.592969 0.961458 0.160938 0.077083
1 0.033594 0.540625 0.067188 0.227083
1 0.157813 0.181250 0.187500 0.216667
1 0.100000 0.896875 0.175000 0.193750
1 0.170313 0.733333 0.125000 0.195833
1 0.827344 0.442708 0.160938 0.227083
0 0.358594 0.522917 0.335938 0.450000
1 0.935938 0.291667 0.128125 0.212500
1 0.836719 0.131250 0.176563 0.216667
1 0.296875 0.840625 0.156250 0.214583
1 0.538281 0.242708 0.173438 0.231250
1 0.185156 0.029167 0.204688 0.054167
1 0.408594 0.057292 0.164062 0.110417
1 0.956250 0.890625 0.087500 0.210417
1 0.753125 0.894792 0.165625 0.210417
1 0.399219 0.955208 0.185938 0.089583
1 0.708594 0.652083 0.167187 0.250000
1 0.774219 0.333333 0.167187 0.183333
1 0.625000 0.077083 0.150000 0.154167
1 0.592969 0.961458 0.160938 0.077083
1 0.033594 0.540625 0.067188 0.227083
1 0.157813 0.181250 0.187500 0.216667
1 0.100000 0.896875 0.175000 0.193750
1 0.170313 0.733333 0.125000 0.195833
1 0.827344 0.442708 0.160938 0.227083
0 0.358594 0.522917 0.335938 0.450000
1 0.935938 0.291667 0.128125 0.212500
1 0.836719 0.131250 0.176563 0.216667
1 0.296875 0.840625 0.156250 0.214583
1 0.538281 0.242708 0.173438 0.231250
1 0.185156 0.029167 0.204688 0.054167
1 0.408594 0.057292 0.164062 0.110417
1 0.956250 0.890625 0.087500 0.210417
1 0.753125 0.894792 0.165625 0.210417
1 0.399219 0.955208 0.185938 0.089583
1 0.708594 0.652083 0.167187 0.250000
1 0.774219 0.333333 0.167187 0.183333
1 0.625000 0.077083 0.150000 0.154167
1 0.592969 0.961458 0.160938 0.077083
1 0.033594 0.540625 0.067188 0.227083
1 0.157813 0.181250 0.187500 0.216667
1 0.100000 0.896875 0.175000 0.193750
1 0.170313 0.733333 0.125000 0.195833
1 0.827344 0.442708 0.160938 0.227083
0 0.358594 0.522917 0.335938 0.450000
1 0.935938 0.291667 0.128125 0.212500
1 0.836719 0.131250 0.176563 0.216667
1 0.296875 0.840625 0.156250 0.214583
1 0.538281 0.242708 0.173438 0.231250
1 0.185156 0.029167 0.204688 0.054167
1 0.408594 0.057292 0.164062 0.110417
1 0.956250 0.890625 0.087500 0.210417
1 0.753125 0.894792 0.165625 0.210417
1 0.399219 0.955208 0.185938 0.089583
1 0.708594 0.652083 0.167187 0.250000
1 0.774219 0.333333 0.167187 0.183333
1 0.625000 0.077083 0.150000 0.154167
1 0.592969 0.961458 0.160938 0.077083
1 0.033594 0.540625 0.067188 0.227083
1 0.157813 0.181250 0.187500 0.216667
1 0.100000 0.896875 0.175000 0.193750
1 0.170313 0.733333 0.125000 0.195833
1 0.827344 0.442708 0.160938 0.227083
0 0.358594 0.522917 0.335938 0.450000
1 0.935938 0.291667 0.128125 0.212500
1 0.836719 0.131250 0.176563 0.216667
1 0.296875 0.840625 0.156250 0.214583
1 0.538281 0.242708 0.173438 0.231250
1 0.185156 0.029167 0.204688 0.054167
1 0.408594 0.057292 0.164062 0.110417
1 0.956250 0.890625 0.087500 0.210417
1 0.753125 0.894792 0.165625 0.210417
1 0.399219 0.955208 0.185938 0.089583
1 0.708594 0.652083 0.167187 0.250000
1 0.774219 0.333333 0.167187 0.183333
1 0.625000 0.077083 0.150000 0.154167
1 0.592969 0.961458 0.160938 0.077083
1 0.033594 0.540625 0.067188 0.227083
1 0.157813 0.181250 0.187500 0.216667
1 0.100000 0.896875 0.175000 0.193750
1 0.170313 0.733333 0.125000 0.195833
1 0.827344 0.442708 0.160938 0.227083
0 0.358594 0.522917 0.335938 0.450000
1 0.935938 0.291667 0.128125 0.212500
1 0.836719 0.131250 0.176563 0.216667
1 0.296875 0.840625 0.156250 0.214583
1 0.538281 0.242708 0.173438 0.231250
1 0.185156 0.029167 0.204688 0.054167
1 0.408594 0.057292 0.164062 0.110417
1 0.956250 0.890625 0.087500 0.210417
1 0.753125 0.894792 0.165625 0.210417
1 0.399219 0.955208 0.185938 0.089583
1 0.708594 0.652083 0.167187 0.250000
1 0.774219 0.333333 0.167187 0.183333
1 0.625000 0.077083 0.150000 0.154167
1 0.592969 0.961458 0.160938 0.077083
1 0.033594 0.540625 0.067188 0.227083
1 0.157813 0.181250 0.187500 0.216667
1 0.100000 0.896875 0.175000 0.193750
1 0.170313 0.733333 0.125000 0.195833
1 0.827344 0.442708 0.160938 0.227083
0 0.358594 0.522917 0.335938 0.450000
1 0.935938 0.291667 0.128125 0.212500
1 0.836719 0.131250 0.176563 0.216667
1 0.296875 0.840625 0.156250 0.214583
1 0.538281 0.242708 0.173438 0.231250
1 0.185156 0.029167 0.204688 0.054167
1 0.408594 0.057292 0.164062 0.110417
1 0.956250 0.890625 0.087500 0.210417
1 0.753125 0.894792 0.165625 0.210417
1 0.399219 0.955208 0.185938 0.089583
1 0.708594 0.652083 0.167187 0.250000
1 0.774219 0.333333 0.167187 0.183333
1 0.625000 0.077083 0.150000 0.154167
1 0.592969 0.961458 0.160938 0.077083
1 0.033594 0.540625 0.067188 0.227083
1 0.157813 0.181250 0.187500 0.216667
1 0.100000 0.896875 0.175000 0.193750
1 0.170313 0.733333 0.125000 0.195833
1 0.827344 0.442708 0.160938 0.227083
0 0.358594 0.522917 0.335938 0.450000
1 0.935938 0.291667 0.128125 0.212500
1 0.836719 0.131250 0.176563 0.216667
1 0.296875 0.840625 0.156250 0.214583
1 0.538281 0.242708 0.173438 0.231250
1 0.185156 0.029167 0.204688 0.054167
1 0.408594 0.057292 0.164062 0.110417
1 0.956250 0.890625 0.087500 0.210417
1 0.753125 0.894792 0.165625 0.210417
1 0.399219 0.955208 0.185938 0.089583
1 0.708594 0.652083 0.167187 0.250000
1 0.774219 0.333333 0.167187 0.183333
1 0.625000 0.077083 0.150000 0.154167
1 0.592969 0.961458 0.160938 0.077083
1 0.033594 0.540625 0.067188 0.227083
1 0.157813 0.181250 0.187500 0.216667
1 0.100000 0.896875 0.175000 0.193750
1 0.170313 0.733333 0.125000 0.195833
1 0.827344 0.442708 0.160938 0.227083
0 0.358594 0.522917 0.335938 0.450000
1 0.935938 0.291667 0.128125 0.212500
1 0.836719 0.131250 0.176563 0.216667
1 0.296875 0.840625 0.156250 0.214583
1 0.538281 0.242708 0.173438 0.231250
1 0.185156 0.029167 0.204688 0.054167
1 0.408594 0.057292 0.164062 0.110417
1 0.956250 0.890625 0.087500 0.210417
1 0.753125 0.894792 0.165625 0.210417
1 0.399219 0.955208 0.185938 0.089583
1 0.708594 0.652083 0.167187 0.250000
1 0.774219 0.333333 0.167187 0.183333
1 0.625000 0.077083 0.150000 0.154167
1 0.592969 0.961458 0.160938 0.077083
1 0.033594 0.540625 0.067188 0.227083
1 0.157813 0.181250 0.187500 0.216667
1 0.100000 0.896875 0.175000 0.193750
1 0.170313 0.733333 0.125000 0.195833
1 0.827344 0.442708 0.160938 0.227083
0 0.358594 0.522917 0.335938 0.450000
1 0.935938 0.291667 0.128125 0.212500
1 0.836719 0.131250 0.176563 0.216667
1 0.296875 0.840625 0.156250 0.214583
1 0.538281 0.242708 0.173438 0.231250
1 0.185156 0.029167 0.204688 0.054167
1 0.408594 0.057292 0.164062 0.110417
1 0.956250 0.890625 0.087500 0.210417
1 0.753125 0.894792 0.165625 0.210417
1 0.399219 0.955208 0.185938 0.089583
1 0.708594 0.652083 0.167187 0.250000
1 0.774219 0.333333 0.167187 0.183333
1 0.625000 0.077083 0.150000 0.154167
1 0.592969 0.961458 0.160938 0.077083
1 0.033594 0.540625 0.067188 0.227083
1 0.157813 0.181250 0.187500 0.216667
1 0.100000 0.896875 0.175000 0.193750
1 0.170313 0.733333 0.125000 0.195833
1 0.827344 0.442708 0.160938 0.227083
0 0.358594 0.522917 0.335938 0.450000
1 0.935938 0.291667 0.128125 0.212500
1 0.836719 0.131250 0.176563 0.216667
1 0.296875 0.840625 0.156250 0.214583
1 0.538281 0.242708 0.173438 0.231250
1 0.185156 0.029167 0.204688 0.054167
1 0.408594 0.057292 0.164062 0.110417
1 0.956250 0.890625 0.087500 0.210417
1 0.753125 0.894792 0.165625 0.210417
1 0.399219 0.955208 0.185938 0.089583
1 0.708594 0.652083 0.167187 0.250000
1 0.774219 0.333333 0.167187 0.183333
1 0.625000 0.077083 0.150000 0.154167
1 0.592969 0.961458 0.160938 0.077083
1 0.033594 0.540625 0.067188 0.227083
1 0.157813 0.181250 0.187500 0.216667
1 0.100000 0.896875 0.175000 0.193750
1 0.170313 0.733333 0.125000 0.195833
1 0.827344 0.442708 0.160938 0.227083
0 0.358594 0.522917 0.335938 0.450000
1 0.935938 0.291667 0.128125 0.212500
1 0.836719 0.131250 0.176563 0.216667
1 0.296875 0.840625 0.156250 0.214583
1 0.538281 0.242708 0.173438 0.231250
1 0.185156 0.029167 0.204688 0.054167
1 0.408594 0.057292 0.164062 0.110417
1 0.956250 0.890625 0.087500 0.210417
1 0.753125 0.894792 0.165625 0.210417
1 0.399219 0.955208 0.185938 0.089583
1 0.708594 0.652083 0.167187 0.250000
1 0.774219 0.333333 0.167187 0.183333
1 0.625000 0.077083 0.150000 0.154167
1 0.592969 0.961458 0.160938 0.077083
1 0.033594 0.540625 0.067188 0.227083
1 0.157813 0.181250 0.187500 0.216667
1 0.100000 0.896875 0.175000 0.193750
1 0.170313 0.733333 0.125000 0.195833
1 0.827344 0.442708 0.160938 0.227083
0 0.358594 0.522917 0.335938 0.450000
1 0.935938 0.291667 0.128125 0.212500
1 0.836719 0.131250 0.176563 0.216667
1 0.296875 0.840625 0.156250 0.214583
1 0.538281 0.242708 0.173438 0.231250
1 0.185156 0.029167 0.204688 0.054167
1 0.408594 0.057292 0.164062 0.110417
1 0.956250 0.890625 0.087500 0.210417
1 0.753125 0.894792 0.165625 0.210417
1 0.399219 0.955208 0.185938 0.089583
1 0.708594 0.652083 0.167187 0.250000
1 0.774219 0.333333 0.167187 0.183333
1 0.625000 0.077083 0.150000 0.154167
1 0.592969 0.961458 0.160938 0.077083
1 0.033594 0.540625 0.067188 0.227083
1 0.157813 0.181250 0.187500 0.216667
1 0.100000 0.896875 0.175000 0.193750
1 0.170313 0.733333 0.125000 0.195833
1 0.827344 0.442708 0.160938 0.227083
0 0.358594 0.522917 0.335938 0.450000
1 0.935938 0.291667 0.128125 0.212500
1 0.836719 0.131250 0.176563 0.216667
1 0.296875 0.840625 0.156250 0.214583
1 0.538281 0.242708 0.173438 0.231250
1 0.185156 0.029167 0.204688 0.054167
1 0.408594 0.057292 0.164062 0.110417
1 0.956250 0.890625 0.087500 0.210417
1 0.753125 0.894792 0.165625 0.210417
1 0.399219 0.955208 0.185938 0.089583
1 0.708594 0.652083 0.167187 0.250000
1 0.774219 0.333333 0.167187 0.183333
1 0.625000 0.077083 0.150000 0.154167
1 0.592969 0.961458 0.160938 0.077083
1 0.033594 0.540625 0.067188 0.227083
1 0.157813 0.181250 0.187500 0.216667
1 0.100000 0.896875 0.175000 0.193750
1 0.170313 0.733333 0.125000 0.195833
1 0.827344 0.442708 0.160938 0.227083
0 0.358594 0.522917 0.335938 0.450000
1 0.935938 0.291667 0.128125 0.212500
1 0.836719 0.131250 0.176563 0.216667
1 0.296875 0.840625 0.156250 0.214583
1 0.538281 0.242708 0.173438 0.231250
1 0.185156 0.029167 0.204688 0.054167
1 0.408594 0.057292 0.164062 0.110417
1 0.956250 0.890625 0.087500 0.210417
1 0.753125 0.894792 0.165625 0.210417
1 0.399219 0.955208 0.185938 0.089583
1 0.708594 0.652083 0.167187 0.250000
1 0.774219 0.333333 0.167187 0.183333
1 0.625000 0.077083 0.150000 0.154167
1 0.592969 0.961458 0.160938 0.077083
1 0.033594 0.540625 0.067188 0.227083
1 0.157813 0.181250 0.187500 0.216667
1 0.100000 0.896875 0.175000 0.193750
1 0.170313 0.733333 0.125000 0.195833
1 0.827344 0.442708 0.160938 0.227083
0 0.358594 0.522917 0.335938 0.450000
1 0.935938 0.291667 0.128125 0.212500
1 0.836719 0.131250 0.176563 0.216667
1 0.296875 0.840625 0.156250 0.214583
1 0.538281 0.242708 0.173438 0.231250
