1 0.578125 0.945833 0.203125 0.104167
1 0.985156 0.653125 0.026563 0.197917
1 0.097656 0.373958 0.192188 0.206250
1 0.960156 0.958333 0.079687 0.083333
1 0.291406 0.033333 0.173438 0.066667
2 0.731250 0.973958 0.053125 0.052083
1 0.321875 0.194792 0.206250 0.243750
1 0.376563 0.931250 0.193750 0.137500
1 0.446875 0.692708 0.165625 0.231250
1 0.489844 0.193750 0.170313 0.212500
1 0.682031 0.156250 0.204688 0.245833
1 0.129688 0.123958 0.218750 0.210417
0 0.194531 0.613542 0.220313 0.343750
1 0.203906 0.898958 0.173438 0.202083
1 0.367969 0.444792 0.189063 0.256250
1 0.578125 0.945833 0.203125 0.104167
1 0.985156 0.653125 0.026563 0.197917
1 0.097656 0.373958 0.192188 0.206250
1 0.960156 0.958333 0.079687 0.083333
1 0.291406 0.033333 0.173438 0.066667
2 0.731250 0.973958 0.053125 0.052083
1 0.321875 0.194792 0.206250 0.243750
1 0.376563 0.931250 0.193750 0.137500
1 0.446875 0.692708 0.165625 0.231250
1 0.489844 0.193750 0.170313 0.212500
1 0.682031 0.156250 0.204688 0.245833
1 0.129688 0.123958 0.218750 0.210417
0 0.194531 0.613542 0.220313 0.343750
1 0.203906 0.898958 0.173438 0.202083
1 0.367969 0.444792 0.189063 0.256250
1 0.578125 0.945833 0.203125 0.104167
1 0.985156 0.653125 0.026563 0.197917
1 0.097656 0.373958 0.192188 0.206250
1 0.960156 0.958333 0.079687 0.083333
1 0.291406 0.033333 0.173438 0.066667
2 0.731250 0.973958 0.053125 0.052083
1 0.321875 0.194792 0.206250 0.243750
1 0.376563 0.931250 0.193750 0.137500
1 0.446875 0.692708 0.165625 0.231250
1 0.489844 0.193750 0.170313 0.212500
1 0.682031 0.156250 0.204688 0.245833
1 0.129688 0.123958 0.218750 0.210417
0 0.194531 0.613542 0.220313 0.343750
1 0.203906 0.898958 0.173438 0.202083
1 0.367969 0.444792 0.189063 0.256250
1 0.578125 0.945833 0.203125 0.104167
1 0.985156 0.653125 0.026563 0.197917
1 0.097656 0.373958 0.192188 0.206250
1 0.960156 0.958333 0.079687 0.083333
1 0.291406 0.033333 0.173438 0.066667
2 0.731250 0.973958 0.053125 0.052083
1 0.321875 0.194792 0.206250 0.243750
1 0.376563 0.931250 0.193750 0.137500
1 0.446875 0.692708 0.165625 0.231250
1 0.489844 0.193750 0.170313 0.212500
1 0.682031 0.156250 0.204688 0.245833
1 0.129688 0.123958 0.218750 0.210417
0 0.194531 0.613542 0.220313 0.343750
1 0.203906 0.898958 0.173438 0.202083
1 0.367969 0.444792 0.189063 0.256250
1 0.578125 0.945833 0.203125 0.104167
1 0.985156 0.653125 0.026563 0.197917
1 0.097656 0.373958 0.192188 0.206250
1 0.960156 0.958333 0.079687 0.083333
1 0.291406 0.033333 0.173438 0.066667
2 0.731250 0.973958 0.053125 0.052083
1 0.321875 0.194792 0.206250 0.243750
1 0.376563 0.931250 0.193750 0.137500
1 0.446875 0.692708 0.165625 0.231250
1 0.489844 0.193750 0.170313 0.212500
1 0.682031 0.156250 0.204688 0.245833
1 0.129688 0.123958 0.218750 0.210417
0 0.194531 0.613542 0.220313 0.343750
1 0.203906 0.898958 0.173438 0.202083
1 0.367969 0.444792 0.189063 0.256250
1 0.578125 0.945833 0.203125 0.104167
1 0.985156 0.653125 0.026563 0.197917
1 0.097656 0.373958 0.192188 0.206250
1 0.960156 0.958333 0.079687 0.083333
1 0.291406 0.033333 0.173438 0.066667
2 0.731250 0.973958 0.053125 0.052083
1 0.321875 0.194792 0.206250 0.243750
1 0.376563 0.931250 0.193750 0.137500
1 0.446875 0.692708 0.165625 0.231250
1 0.489844 0.193750 0.170313 0.212500
1 0.682031 0.156250 0.204688 0.245833
1 0.129688 0.123958 0.218750 0.210417
0 0.194531 0.613542 0.220313 0.343750
1 0.203906 0.898958 0.173438 0.202083
1 0.367969 0.444792 0.189063 0.256250
1 0.578125 0.945833 0.203125 0.104167
1 0.985156 0.653125 0.026563 0.197917
1 0.097656 0.373958 0.192188 0.206250
1 0.960156 0.958333 0.079687 0.083333
1 0.291406 0.033333 0.173438 0.066667
2 0.731250 0.973958 0.053125 0.052083
1 0.321875 0.194792 0.206250 0.243750
1 0.376563 0.931250 0.193750 0.137500
1 0.446875 0.692708 0.165625 0.231250
1 0.489844 0.193750 0.170313 0.212500
1 0.682031 0.156250 0.204688 0.245833
1 0.129688 0.123958 0.218750 0.210417
0 0.194531 0.613542 0.220313 0.343750
1 0.203906 0.898958 0.173438 0.202083
1 0.367969 0.444792 0.189063 0.256250
1 0.578125 0.945833 0.203125 0.104167
1 0.985156 0.653125 0.026563 0.197917
1 0.097656 0.373958 0.192188 0.206250
1 0.960156 0.958333 0.079687 0.083333
1 0.291406 0.033333 0.173438 0.066667
2 0.731250 0.973958 0.053125 0.052083
1 0.321875 0.194792 0.206250 0.243750
1 0.376563 0.931250 0.193750 0.137500
1 0.446875 0.692708 0.165625 0.231250
1 0.489844 0.193750 0.170313 0.212500
1 0.682031 0.156250 0.204688 0.245833
1 0.129688 0.123958 0.218750 0.210417
0 0.194531 0.613542 0.220313 0.343750
1 0.203906 0.898958 0.173438 0.202083
1 0.367969 0.444792 0.189063 0.256250
1 0.578125 0.945833 0.203125 0.104167
1 0.985156 0.653125 0.026563 0.197917
1 0.097656 0.373958 0.192188 0.206250
1 0.960156 0.958333 0.079687 0.083333
1 0.291406 0.033333 0.173438 0.066667
2 0.731250 0.973958 0.053125 0.052083
1 0.321875 0.194792 0.206250 0.243750
1 0.376563 0.931250 0.193750 0.137500
1 0.446875 0.692708 0.165625 0.231250
1 0.489844 0.193750 0.170313 0.212500
1 0.682031 0.156250 0.204688 0.245833
1 0.129688 0.123958 0.218750 0.210417
0 0.194531 0.613542 0.220313 0.343750
1 0.203906 0.898958 0.173438 0.202083
1 0.367969 0.444792 0.189063 0.256250
1 0.578125 0.945833 0.203125 0.104167
1 0.985156 0.653125 0.026563 0.197917
1 0.097656 0.373958 0.192188 0.206250
1 0.960156 0.958333 0.079687 0.083333
1 0.291406 0.033333 0.173438 0.066667
2 0.731250 0.973958 0.053125 0.052083
1 0.321875 0.194792 0.206250 0.243750
1 0.376563 0.931250 0.193750 0.137500
1 0.446875 0.692708 0.165625 0.231250
1 0.489844 0.193750 0.170313 0.212500
1 0.682031 0.156250 0.204688 0.245833
1 0.129688 0.123958 0.218750 0.210417
0 0.194531 0.613542 0.220313 0.343750
1 0.203906 0.898958 0.173438 0.202083
1 0.367969 0.444792 0.189063 0.256250
1 0.578125 0.945833 0.203125 0.104167
1 0.985156 0.653125 0.026563 0.197917
1 0.097656 0.373958 0.192188 0.206250
1 0.960156 0.958333 0.079687 0.083333
1 0.291406 0.033333 0.173438 0.066667
2 0.731250 0.973958 0.053125 0.052083
1 0.321875 0.194792 0.206250 0.243750
1 0.376563 0.931250 0.193750 0.137500
1 0.446875 0.692708 0.165625 0.231250
1 0.489844 0.193750 0.170313 0.212500
1 0.682031 0.156250 0.204688 0.245833
1 0.129688 0.123958 0.218750 0.210417
0 0.194531 0.613542 0.220313 0.343750
1 0.203906 0.898958 0.173438 0.202083
1 0.367969 0.444792 0.189063 0.256250
1 0.578125 0.945833 0.203125 0.104167
1 0.985156 0.653125 0.026563 0.197917
1 0.097656 0.373958 0.192188 0.206250
1 0.960156 0.958333 0.079687 0.083333
1 0.291406 0.033333 0.173438 0.066667
2 0.731250 0.973958 0.053125 0.052083
1 0.321875 0.194792 0.206250 0.243750
1 0.376563 0.931250 0.193750 0.137500
1 0.446875 0.692708 0.165625 0.231250
1 0.489844 0.193750 0.170313 0.212500
1 0.682031 0.156250 0.204688 0.245833
1 0.129688 0.123958 0.218750 0.210417
0 0.194531 0.613542 0.220313 0.343750
1 0.203906 0.898958 0.173438 0.202083
1 0.367969 0.444792 0.189063 0.256250
1 0.578125 0.945833 0.203125 0.104167
1 0.985156 0.653125 0.026563 0.197917
1 0.097656 0.373958 0.192188 0.206250
1 0.960156 0.958333 0.079687 0.083333
1 0.291406 0.033333 0.173438 0.066667
2 0.731250 0.973958 0.053125 0.052083
1 0.321875 0.194792 0.206250 0.243750
1 0.376563 0.931250 0.193750 0.137500
1 0.446875 0.692708 0.165625 0.231250
1 0.489844 0.193750 0.170313 0.212500
1 0.682031 0.156250 0.204688 0.245833
1 0.129688 0.123958 0.218750 0.210417
0 0.194531 0.613542 0.220313 0.343750
1 0.203906 0.898958 0.173438 0.202083
1 0.367969 0.444792 0.189063 0.256250
1 0.578125 0.945833 0.203125 0.104167
1 0.985156 0.653125 0.026563 0.197917
1 0.097656 0.373958 0.192188 0.206250
1 0.960156 0.958333 0.079687 0.083333
1 0.291406 0.033333 0.173438 0.066667
2 0.731250 0.973958 0.053125 0.052083
1 0.321875 0.194792 0.206250 0.243750
1 0.376563 0.931250 0.193750 0.137500
1 0.446875 0.692708 0.165625 0.231250
1 0.489844 0.193750 0.170313 0.212500
1 0.682031 0.156250 0.204688 0.245833
1 0.129688 0.123958 0.218750 0.210417
0 0.194531 0.613542 0.220313 0.343750
1 0.203906 0.898958 0.173438 0.202083
1 0.367969 0.444792 0.189063 0.256250
1 0.578125 0.945833 0.203125 0.104167
1 0.985156 0.653125 0.026563 0.197917
1 0.097656 0.373958 0.192188 0.206250
1 0.960156 0.958333 0.079687 0.083333
1 0.291406 0.033333 0.173438 0.066667
2 0.731250 0.973958 0.053125 0.052083
1 0.321875 0.194792 0.206250 0.243750
1 0.376563 0.931250 0.193750 0.137500
1 0.446875 0.692708 0.165625 0.231250
1 0.489844 0.193750 0.170313 0.212500
1 0.682031 0.156250 0.204688 0.245833
1 0.129688 0.123958 0.218750 0.210417
0 0.194531 0.613542 0.220313 0.343750
1 0.203906 0.898958 0.173438 0.202083
1 0.367969 0.444792 0.189063 0.256250
