1 0.948438 0.263542 0.103125 0.210417
1 0.725000 0.918750 0.159375 0.158333
1 0.029687 0.159375 0.059375 0.206250
1 0.043750 0.836458 0.087500 0.206250
1 0.472656 0.447917 0.160938 0.241667
1 0.913281 0.179167 0.170313 0.220833
2 0.622656 0.928125 0.076563 0.093750
2 0.115625 0.034375 0.059375 0.068750
1 0.796875 0.247917 0.153125 0.183333
1 0.748438 0.421875 0.153125 0.181250
1 0.091406 0.329167 0.145313 0.200000
1 0.476562 0.717708 0.165625 0.210417
1 0.150781 0.882292 0.160938 0.193750
1 0.908594 0.678125 0.164062 0.227083
1 0.250781 0.352083 0.179688 0.233333
1 0.354688 0.713542 0.156250 0.210417
1 0.603906 0.512500 0.164062 0.216667
0 0.496094 0.178125 0.320312 0.347917
1 0.755469 0.718750 0.173438 0.200000
1 0.207813 0.614583 0.175000 0.204167
1 0.948438 0.263542 0.103125 0.210417
1 0.725000 0.918750 0.159375 0.158333
1 0.029687 0.159375 0.059375 0.206250
1 0.043750 0.836458 0.087500 0.206250
1 0.472656 0.447917 0.160938 0.241667
1 0.913281 0.179167 0.170313 0.220833
2 0.622656 0.928125 0.076563 0.093750
2 0.115625 0.034375 0.059375 0.068750
1 0.796875 0.247917 0.153125 0.183333
1 0.748438 0.421875 0.153125 0.181250
1 0.091406 0.329167 0.145313 0.200000
1 0.476562 0.717708 0.165625 0.210417
1 0.150781 0.882292 0.160938 0.193750
1 0.908594 0.678125 0.164062 0.227083
1 0.250781 0.352083 0.179688 0.233333
1 0.354688 0.713542 0.156250 0.210417
1 0.603906 0.512500 0.164062 0.216667
0 0.496094 0.178125 0.320312 0.347917
1 0.755469 0.718750 0.173438 0.200000
1 0.207813 0.614583 0.175000 0.204167
1 0.948438 0.263542 0.103125 0.210417
1 0.725000 0.918750 0.159375 0.158333
1 0.029687 0.159375 0.059375 0.206250
1 0.043750 0.836458 0.087500 0.206250
1 0.472656 0.447917 0.160938 0.241667
1 0.913281 0.179167 0.170313 0.220833
2 0.622656 0.928125 0.076563 0.093750
2 0.115625 0.034375 0.059375 0.068750
1 0.796875 0.247917 0.153125 0.183333
1 0.748438 0.421875 0.153125 0.181250
1 0.091406 0.329167 0.145313 0.200000
1 0.476562 0.717708 0.165625 0.210417
1 0.150781 0.882292 0.160938 0.193750
1 0.908594 0.678125 0.164062 0.227083
1 0.250781 0.352083 0.179688 0.233333
1 0.354688 0.713542 0.156250 0.210417
1 0.603906 0.512500 0.164062 0.216667
0 0.496094 0.178125 0.320312 0.347917
1 0.755469 0.718750 0.173438 0.200000
1 0.207813 0.614583 0.175000 0.204167
1 0.948438 0.263542 0.103125 0.210417
1 0.725000 0.918750 0.159375 0.158333
1 0.029687 0.159375 0.059375 0.206250
1 0.043750 0.836458 0.087500 0.206250
1 0.472656 0.447917 0.160938 0.241667
1 0.913281 0.179167 0.170313 0.220833
2 0.622656 0.928125 0.076563 0.093750
2 0.115625 0.034375 0.059375 0.068750
1 0.796875 0.247917 0.153125 0.183333
1 0.748438 0.421875 0.153125 0.181250
1 0.091406 0.329167 0.145313 0.200000
1 0.476562 0.717708 0.165625 0.210417
1 0.150781 0.882292 0.160938 0.193750
1 0.908594 0.678125 0.164062 0.227083
1 0.250781 0.352083 0.179688 0.233333
1 0.354688 0.713542 0.156250 0.210417
1 0.603906 0.512500 0.164062 0.216667
0 0.496094 0.178125 0.320312 0.347917
1 0.755469 0.718750 0.173438 0.200000
1 0.207813 0.614583 0.175000 0.204167
1 0.948438 0.263542 0.103125 0.210417
1 0.725000 0.918750 0.159375 0.158333
1 0.029687 0.159375 0.059375 0.206250
1 0.043750 0.836458 0.087500 0.206250
1 0.472656 0.447917 0.160938 0.241667
1 0.913281 0.179167 0.170313 0.220833
2 0.622656 0.928125 0.076563 0.093750
2 0.115625 0.034375 0.059375 0.068750
1 0.796875 0.247917 0.153125 0.183333
1 0.748438 0.421875 0.153125 0.181250
1 0.091406 0.329167 0.145313 0.200000
1 0.476562 0.717708 0.165625 0.210417
1 0.150781 0.882292 0.160938 0.193750
1 0.908594 0.678125 0.164062 0.227083
1 0.250781 0.352083 0.179688 0.233333
1 0.354688 0.713542 0.156250 0.210417
1 0.603906 0.512500 0.164062 0.216667
0 0.496094 0.178125 0.320312 0.347917
1 0.755469 0.718750 0.173438 0.200000
1 0.207813 0.614583 0.175000 0.204167
1 0.948438 0.263542 0.103125 0.210417
1 0.725000 0.918750 0.159375 0.158333
1 0.029687 0.159375 0.059375 0.206250
1 0.043750 0.836458 0.087500 0.206250
1 0.472656 0.447917 0.160938 0.241667
1 0.913281 0.179167 0.170313 0.220833
2 0.622656 0.928125 0.076563 0.093750
2 0.115625 0.034375 0.059375 0.068750
1 0.796875 0.247917 0.153125 0.183333
1 0.748438 0.421875 0.153125 0.181250
1 0.091406 0.329167 0.145313 0.200000
1 0.476562 0.717708 0.165625 0.210417
1 0.150781 0.882292 0.160938 0.193750
1 0.908594 0.678125 0.164062 0.227083
1 0.250781 0.352083 0.179688 0.233333
1 0.354688 0.713542 0.156250 0.210417
1 0.603906 0.512500 0.164062 0.216667
0 0.496094 0.178125 0.320312 0.347917
1 0.755469 0.718750 0.173438 0.200000
1 0.207813 0.614583 0.175000 0.204167
1 0.948438 0.263542 0.103125 0.210417
1 0.725000 0.918750 0.159375 0.158333
1 0.029687 0.159375 0.059375 0.206250
1 0.043750 0.836458 0.087500 0.206250
1 0.472656 0.447917 0.160938 0.241667
1 0.913281 0.179167 0.170313 0.220833
2 0.622656 0.928125 0.076563 0.093750
2 0.115625 0.034375 0.059375 0.068750
1 0.796875 0.247917 0.153125 0.183333
1 0.748438 0.421875 0.153125 0.181250
1 0.091406 0.329167 0.145313 0.200000
1 0.476562 0.717708 0.165625 0.210417
1 0.150781 0.882292 0.160938 0.193750
1 0.908594 0.678125 0.164062 0.227083
1 0.250781 0.352083 0.179688 0.233333
1 0.354688 0.713542 0.156250 0.210417
1 0.603906 0.512500 0.164062 0.216667
0 0.496094 0.178125 0.320312 0.347917
1 0.755469 0.718750 0.173438 0.200000
1 0.207813 0.614583 0.175000 0.204167
1 0.948438 0.263542 0.103125 0.210417
1 0.725000 0.918750 0.159375 0.158333
1 0.029687 0.159375 0.059375 0.206250
1 0.043750 0.836458 0.087500 0.206250
1 0.472656 0.447917 0.160938 0.241667
1 0.913281 0.179167 0.170313 0.220833
2 0.622656 0.928125 0.076563 0.093750
2 0.115625 0.034375 0.059375 0.068750
1 0.796875 0.247917 0.153125 0.183333
1 0.748438 0.421875 0.153125 0.181250
1 0.091406 0.329167 0.145313 0.200000
1 0.476562 0.717708 0.165625 0.210417
1 0.150781 0.882292 0.160938 0.193750
1 0.908594 0.678125 0.164062 0.227083
1 0.250781 0.352083 0.179688 0.233333
1 0.354688 0.713542 0.156250 0.210417
1 0.603906 0.512500 0.164062 0.216667
0 0.496094 0.178125 0.320312 0.347917
1 0.755469 0.718750 0.173438 0.200000
1 0.207813 0.614583 0.175000 0.204167
1 0.948438 0.263542 0.103125 0.210417
1 0.725000 0.918750 0.159375 0.158333
1 0.029687 0.159375 0.059375 0.206250
1 0.043750 0.836458 0.087500 0.206250
1 0.472656 0.447917 0.160938 0.241667
1 0.913281 0.179167 0.170313 0.220833
2 0.622656 0.928125 0.076563 0.093750
2 0.115625 0.034375 0.059375 0.068750
1 0.796875 0.247917 0.153125 0.183333
1 0.748438 0.421875 0.153125 0.181250
1 0.091406 0.329167 0.145313 0.200000
1 0.476562 0.717708 0.165625 0.210417
1 0.150781 0.882292 0.160938 0.193750
1 0.908594 0.678125 0.164062 0.227083
1 0.250781 0.352083 0.179688 0.233333
1 0.354688 0.713542 0.156250 0.210417
1 0.603906 0.512500 0.164062 0.216667
0 0.496094 0.178125 0.320312 0.347917
1 0.755469 0.718750 0.173438 0.200000
1 0.207813 0.614583 0.175000 0.204167
1 0.948438 0.263542 0.103125 0.210417
1 0.725000 0.918750 0.159375 0.158333
1 0.029687 0.159375 0.059375 0.206250
1 0.043750 0.836458 0.087500 0.206250
1 0.472656 0.447917 0.160938 0.241667
1 0.913281 0.179167 0.170313 0.220833
2 0.622656 0.928125 0.076563 0.093750
2 0.115625 0.034375 0.059375 0.068750
1 0.796875 0.247917 0.153125 0.183333
1 0.748438 0.421875 0.153125 0.181250
1 0.091406 0.329167 0.145313 0.200000
1 0.476562 0.717708 0.165625 0.210417
1 0.150781 0.882292 0.160938 0.193750
1 0.908594 0.678125 0.164062 0.227083
1 0.250781 0.352083 0.179688 0.233333
1 0.354688 0.713542 0.156250 0.210417
1 0.603906 0.512500 0.164062 0.216667
0 0.496094 0.178125 0.320312 0.347917
1 0.755469 0.718750 0.173438 0.200000
1 0.207813 0.614583 0.175000 0.204167
1 0.948438 0.263542 0.103125 0.210417
1 0.725000 0.918750 0.159375 0.158333
1 0.029687 0.159375 0.059375 0.206250
1 0.043750 0.836458 0.087500 0.206250
1 0.472656 0.447917 0.160938 0.241667
1 0.913281 0.179167 0.170313 0.220833
2 0.622656 0.928125 0.076563 0.093750
2 0.115625 0.034375 0.059375 0.068750
1 0.796875 0.247917 0.153125 0.183333
1 0.748438 0.421875 0.153125 0.181250
1 0.091406 0.329167 0.145313 0.200000
1 0.476562 0.717708 0.165625 0.210417
1 0.150781 0.882292 0.160938 0.193750
1 0.908594 0.678125 0.164062 0.227083
1 0.250781 0.352083 0.179688 0.233333
1 0.354688 0.713542 0.156250 0.210417
1 0.603906 0.512500 0.164062 0.216667
0 0.496094 0.178125 0.320312 0.347917
1 0.755469 0.718750 0.173438 0.200000
1 0.207813 0.614583 0.175000 0.204167
1 0.948438 0.263542 0.103125 0.210417
1 0.725000 0.918750 0.159375 0.158333
1 0.029687 0.159375 0.059375 0.206250
1 0.043750 0.836458 0.087500 0.206250
1 0.472656 0.447917 0.160938 0.241667
1 0.913281 0.179167 0.170313 0.220833
2 0.622656 0.928125 0.076563 0.093750
2 0.115625 0.034375 0.059375 0.068750
1 0.796875 0.247917 0.153125 0.183333
1 0.748438 0.421875 0.153125 0.181250
1 0.091406 0.329167 0.145313 0.200000
1 0.476562 0.717708 0.165625 0.210417
1 0.150781 0.882292 0.160938 0.193750
1 0.908594 0.678125 0.164062 0.227083
1 0.250781 0.352083 0.179688 0.233333
1 0.354688 0.713542 0.156250 0.210417
1 0.603906 0.512500 0.164062 0.216667
0 0.496094 0.178125 0.320312 0.347917
1 0.755469 0.718750 0.173438 0.200000
1 0.207813 0.614583 0.175000 0.204167
1 0.948438 0.263542 0.103125 0.210417
1 0.725000 0.918750 0.159375 0.158333
1 0.029687 0.159375 0.059375 0.206250
1 0.043750 0.836458 0.087500 0.206250
1 0.472656 0.447917 0.160938 0.241667
1 0.913281 0.179167 0.170313 0.220833
2 0.622656 0.928125 0.076563 0.093750
2 0.115625 0.034375 0.059375 0.068750
1 0.796875 0.247917 0.153125 0.183333
1 0.748438 0.421875 0.153125 0.181250
1 0.091406 0.329167 0.145313 0.200000
1 0.476562 0.717708 0.165625 0.210417
1 0.150781 0.882292 0.160938 0.193750
1 0.908594 0.678125 0.164062 0.227083
1 0.250781 0.352083 0.179688 0.233333
1 0.354688 0.713542 0.156250 0.210417
1 0.603906 0.512500 0.164062 0.216667
0 0.496094 0.178125 0.320312 0.347917
1 0.755469 0.718750 0.173438 0.200000
1 0.207813 0.614583 0.175000 0.204167
1 0.948438 0.263542 0.103125 0.210417
1 0.725000 0.918750 0.159375 0.158333
1 0.029687 0.159375 0.059375 0.206250
1 0.043750 0.836458 0.087500 0.206250
1 0.472656 0.447917 0.160938 0.241667
1 0.913281 0.179167 0.170313 0.220833
2 0.622656 0.928125 0.076563 0.093750
2 0.115625 0.034375 0.059375 0.068750
1 0.796875 0.247917 0.153125 0.183333
1 0.748438 0.421875 0.153125 0.181250
1 0.091406 0.329167 0.145313 0.200000
1 0.476562 0.717708 0.165625 0.210417
1 0.150781 0.882292 0.160938 0.193750
1 0.908594 0.678125 0.164062 0.227083
1 0.250781 0.352083 0.179688 0.233333
1 0.354688 0.713542 0.156250 0.210417
1 0.603906 0.512500 0.164062 0.216667
0 0.496094 0.178125 0.320312 0.347917
1 0.755469 0.718750 0.173438 0.200000
1 0.207813 0.614583 0.175000 0.204167
1 0.948438 0.263542 0.103125 0.210417
1 0.725000 0.918750 0.159375 0.158333
1 0.029687 0.159375 0.059375 0.206250
1 0.043750 0.836458 0.087500 0.206250
1 0.472656 0.447917 0.160938 0.241667
1 0.913281 0.179167 0.170313 0.220833
2 0.622656 0.928125 0.076563 0.093750
2 0.115625 0.034375 0.059375 0.068750
1 0.796875 0.247917 0.153125 0.183333
1 0.748438 0.421875 0.153125 0.181250
1 0.091406 0.329167 0.145313 0.200000
1 0.476562 0.717708 0.165625 0.210417
1 0.150781 0.882292 0.160938 0.193750
1 0.908594 0.678125 0.164062 0.227083
1 0.250781 0.352083 0.179688 0.233333
1 0.354688 0.713542 0.156250 0.210417
1 0.603906 0.512500 0.164062 0.216667
0 0.496094 0.178125 0.320312 0.347917
1 0.755469 0.718750 0.173438 0.200000
1 0.207813 0.614583 0.175000 0.204167
1 0.948438 0.263542 0.103125 0.210417
1 0.725000 0.918750 0.159375 0.158333
1 0.029687 0.159375 0.059375 0.206250
1 0.043750 0.836458 0.087500 0.206250
1 0.472656 0.447917 0.160938 0.241667
1 0.913281 0.179167 0.170313 0.220833
2 0.622656 0.928125 0.076563 0.093750
2 0.115625 0.034375 0.059375 0.068750
1 0.796875 0.247917 0.153125 0.183333
1 0.748438 0.421875 0.153125 0.181250
1 0.091406 0.329167 0.145313 0.200000
1 0.476562 0.717708 0.165625 0.210417
1 0.150781 0.882292 0.160938 0.193750
1 0.908594 0.678125 0.164062 0.227083
1 0.250781 0.352083 0.179688 0.233333
1 0.354688 0.713542 0.156250 0.210417
1 0.603906 0.512500 0.164062 0.216667
0 0.496094 0.178125 0.320312 0.347917
1 0.755469 0.718750 0.173438 0.200000
1 0.207813 0.614583 0.175000 0.204167
1 0.948438 0.263542 0.103125 0.210417
1 0.725000 0.918750 0.159375 0.158333
1 0.029687 0.159375 0.059375 0.206250
1 0.043750 0.836458 0.087500 0.206250
1 0.472656 0.447917 0.160938 0.241667
1 0.913281 0.179167 0.170313 0.220833
2 0.622656 0.928125 0.076563 0.093750
2 0.115625 0.034375 0.059375 0.068750
1 0.796875 0.247917 0.153125 0.183333
1 0.748438 0.421875 0.153125 0.181250
1 0.091406 0.329167 0.145313 0.200000
1 0.476562 0.717708 0.165625 0.210417
1 0.150781 0.882292 0.160938 0.193750
1 0.908594 0.678125 0.164062 0.227083
1 0.250781 0.352083 0.179688 0.233333
1 0.354688 0.713542 0.156250 0.210417
1 0.603906 0.512500 0.164062 0.216667
0 0.496094 0.178125 0.320312 0.347917
1 0.755469 0.718750 0.173438 0.200000
1 0.207813 0.614583 0.175000 0.204167
1 0.948438 0.263542 0.103125 0.210417
1 0.725000 0.918750 0.159375 0.158333
1 0.029687 0.159375 0.059375 0.206250
1 0.043750 0.836458 0.087500 0.206250
1 0.472656 0.447917 0.160938 0.241667
1 0.913281 0.179167 0.170313 0.220833
2 0.622656 0.928125 0.076563 0.093750
2 0.115625 0.034375 0.059375 0.068750
1 0.796875 0.247917 0.153125 0.183333
1 0.748438 0.421875 0.153125 0.181250
1 0.091406 0.329167 0.145313 0.200000
1 0.476562 0.717708 0.165625 0.210417
1 0.150781 0.882292 0.160938 0.193750
1 0.908594 0.678125 0.164062 0.227083
1 0.250781 0.352083 0.179688 0.233333
1 0.354688 0.713542 0.156250 0.210417
1 0.603906 0.512500 0.164062 0.216667
0 0.496094 0.178125 0.320312 0.347917
1 0.755469 0.718750 0.173438 0.200000
1 0.207813 0.614583 0.175000 0.204167
1 0.948438 0.263542 0.103125 0.210417
1 0.725000 0.918750 0.159375 0.158333
1 0.029687 0.159375 0.059375 0.206250
1 0.043750 0.836458 0.087500 0.206250
1 0.472656 0.447917 0.160938 0.241667
1 0.913281 0.179167 0.170313 0.220833
2 0.622656 0.928125 0.076563 0.093750
2 0.115625 0.034375 0.059375 0.068750
1 0.796875 0.247917 0.153125 0.183333
1 0.748438 0.421875 0.153125 0.181250
1 0.091406 0.329167 0.145313 0.200000
1 0.476562 0.717708 0.165625 0.210417
1 0.150781 0.882292 0.160938 0.193750
1 0.908594 0.678125 0.164062 0.227083
1 0.250781 0.352083 0.179688 0.233333
1 0.354688 0.713542 0.156250 0.210417
1 0.603906 0.512500 0.164062 0.216667
0 0.496094 0.178125 0.320312 0.347917
1 0.755469 0.718750 0.173438 0.200000
1 0.207813 0.614583 0.175000 0.204167
1 0.948438 0.263542 0.103125 0.210417
1 0.725000 0.918750 0.159375 0.158333
1 0.029687 0.159375 0.059375 0.206250
1 0.043750 0.836458 0.087500 0.206250
1 0.472656 0.447917 0.160938 0.241667
1 0.913281 0.179167 0.170313 0.220833
2 0.622656 0.928125 0.076563 0.093750
2 0.115625 0.034375 0.059375 0.068750
1 0.796875 0.247917 0.153125 0.183333
1 0.748438 0.421875 0.153125 0.181250
1 0.091406 0.329167 0.145313 0.200000
1 0.476562 0.717708 0.165625 0.210417
1 0.150781 0.882292 0.160938 0.193750
1 0.908594 0.678125 0.164062 0.227083
1 0.250781 0.352083 0.179688 0.233333
1 0.354688 0.713542 0.156250 0.210417
1 0.603906 0.512500 0.164062 0.216667
0 0.496094 0.178125 0.320312 0.347917
1 0.755469 0.718750 0.173438 0.200000
1 0.207813 0.614583 0.175000 0.204167
