1 0.024219 0.561458 0.048438 0.239583
1 0.192969 0.513542 0.145313 0.202083
1 0.949219 0.038542 0.101562 0.077083
1 0.380469 0.540625 0.151562 0.202083
2 0.681250 0.605208 0.068750 0.089583
1 0.702344 0.943750 0.148438 0.104167
1 0.960938 0.604167 0.078125 0.204167
1 0.887500 0.277083 0.162500 0.233333
1 0.295312 0.345833 0.175000 0.233333
1 0.905469 0.490625 0.176563 0.172917
1 0.607813 0.093750 0.200000 0.166667
1 0.174219 0.088542 0.145313 0.177083
1 0.816406 0.175000 0.160938 0.208333
1 0.334375 0.903125 0.178125 0.193750
1 0.813281 0.643750 0.157813 0.162500
1 0.717969 0.372917 0.151562 0.204167
0 0.511719 0.766667 0.339063 0.437500
1 0.556250 0.315625 0.159375 0.218750
1 0.132812 0.685417 0.178125 0.220833
1 0.363281 0.114583 0.170313 0.225000
1 0.024219 0.561458 0.048438 0.239583
1 0.192969 0.513542 0.145313 0.202083
1 0.949219 0.038542 0.101562 0.077083
1 0.380469 0.540625 0.151562 0.202083
2 0.681250 0.605208 0.068750 0.089583
1 0.702344 0.943750 0.148438 0.104167
1 0.960938 0.604167 0.078125 0.204167
1 0.887500 0.277083 0.162500 0.233333
1 0.295312 0.345833 0.175000 0.233333
1 0.905469 0.490625 0.176563 0.172917
1 0.607813 0.093750 0.200000 0.166667
1 0.174219 0.088542 0.145313 0.177083
1 0.816406 0.175000 0.160938 0.208333
1 0.334375 0.903125 0.178125 0.193750
1 0.813281 0.643750 0.157813 0.162500
1 0.717969 0.372917 0.151562 0.204167
0 0.511719 0.766667 0.339063 0.437500
1 0.556250 0.315625 0.159375 0.218750
1 0.132812 0.685417 0.178125 0.220833
1 0.363281 0.114583 0.170313 0.225000
1 0.024219 0.561458 0.048438 0.239583
1 0.192969 0.513542 0.145313 0.202083
1 0.949219 0.038542 0.101562 0.077083
1 0.380469 0.540625 0.151562 0.202083
2 0.681250 0.605208 0.068750 0.089583
1 0.702344 0.943750 0.148438 0.104167
1 0.960938 0.604167 0.078125 0.204167
1 0.887500 0.277083 0.162500 0.233333
1 0.295312 0.345833 0.175000 0.233333
1 0.905469 0.490625 0.176563 0.172917
1 0.607813 0.093750 0.200000 0.166667
1 0.174219 0.088542 0.145313 0.177083
1 0.816406 0.175000 0.160938 0.208333
1 0.334375 0.903125 0.178125 0.193750
1 0.813281 0.643750 0.157813 0.162500
1 0.717969 0.372917 0.151562 0.204167
0 0.511719 0.766667 0.339063 0.437500
1 0.556250 0.315625 0.159375 0.218750
1 0.132812 0.685417 0.178125 0.220833
1 0.363281 0.114583 0.170313 0.225000
1 0.024219 0.561458 0.048438 0.239583
1 0.192969 0.513542 0.145313 0.202083
1 0.949219 0.038542 0.101562 0.077083
1 0.380469 0.540625 0.151562 0.202083
2 0.681250 0.605208 0.068750 0.089583
1 0.702344 0.943750 0.148438 0.104167
1 0.960938 0.604167 0.078125 0.204167
1 0.887500 0.277083 0.162500 0.233333
1 0.295312 0.345833 0.175000 0.233333
1 0.905469 0.490625 0.176563 0.172917
1 0.607813 0.093750 0.200000 0.166667
1 0.174219 0.088542 0.145313 0.177083
1 0.816406 0.175000 0.160938 0.208333
1 0.334375 0.903125 0.178125 0.193750
1 0.813281 0.643750 0.157813 0.162500
1 0.717969 0.372917 0.151562 0.204167
0 0.511719 0.766667 0.339063 0.437500
1 0.556250 0.315625 0.159375 0.218750
1 0.132812 0.685417 0.178125 0.220833
1 0.363281 0.114583 0.170313 0.225000
1 0.024219 0.561458 0.048438 0.239583
1 0.192969 0.513542 0.145313 0.202083
1 0.949219 0.038542 0.101562 0.077083
1 0.380469 0.540625 0.151562 0.202083
2 0.681250 0.605208 0.068750 0.089583
1 0.702344 0.943750 0.148438 0.104167
1 0.960938 0.604167 0.078125 0.204167
1 0.887500 0.277083 0.162500 0.233333
1 0.295312 0.345833 0.175000 0.233333
1 0.905469 0.490625 0.176563 0.172917
1 0.607813 0.093750 0.200000 0.166667
1 0.174219 0.088542 0.145313 0.177083
1 0.816406 0.175000 0.160938 0.208333
1 0.334375 0.903125 0.178125 0.193750
1 0.813281 0.643750 0.157813 0.162500
1 0.717969 0.372917 0.151562 0.204167
0 0.511719 0.766667 0.339063 0.437500
1 0.556250 0.315625 0.159375 0.218750
1 0.132812 0.685417 0.178125 0.220833
1 0.363281 0.114583 0.170313 0.225000
1 0.024219 0.561458 0.048438 0.239583
1 0.192969 0.513542 0.145313 0.202083
1 0.949219 0.038542 0.101562 0.077083
1 0.380469 0.540625 0.151562 0.202083
2 0.681250 0.605208 0.068750 0.089583
1 0.702344 0.943750 0.148438 0.104167
1 0.960938 0.604167 0.078125 0.204167
1 0.887500 0.277083 0.162500 0.233333
1 0.295312 0.345833 0.175000 0.233333
1 0.905469 0.490625 0.176563 0.172917
1 0.607813 0.093750 0.200000 0.166667
1 0.174219 0.088542 0.145313 0.177083
1 0.816406 0.175000 0.160938 0.208333
1 0.334375 0.903125 0.178125 0.193750
1 0.813281 0.643750 0.157813 0.162500
1 0.717969 0.372917 0.151562 0.204167
0 0.511719 0.766667 0.339063 0.437500
1 0.556250 0.315625 0.159375 0.218750
1 0.132812 0.685417 0.178125 0.220833
1 0.363281 0.114583 0.170313 0.225000
1 0.024219 0.561458 0.048438 0.239583
1 0.192969 0.513542 0.145313 0.202083
1 0.949219 0.038542 0.101562 0.077083
1 0.380469 0.540625 0.151562 0.202083
2 0.681250 0.605208 0.068750 0.089583
1 0.702344 0.943750 0.148438 0.104167
1 0.960938 0.604167 0.078125 0.204167
1 0.887500 0.277083 0.162500 0.233333
1 0.295312 0.345833 0.175000 0.233333
1 0.905469 0.490625 0.176563 0.172917
1 0.607813 0.093750 0.200000 0.166667
1 0.174219 0.088542 0.145313 0.177083
1 0.816406 0.175000 0.160938 0.208333
1 0.334375 0.903125 0.178125 0.193750
1 0.813281 0.643750 0.157813 0.162500
1 0.717969 0.372917 0.151562 0.204167
0 0.511719 0.766667 0.339063 0.437500
1 0.556250 0.315625 0.159375 0.218750
1 0.132812 0.685417 0.178125 0.220833
1 0.363281 0.114583 0.170313 0.225000
1 0.024219 0.561458 0.048438 0.239583
1 0.192969 0.513542 0.145313 0.202083
1 0.949219 0.038542 0.101562 0.077083
1 0.380469 0.540625 0.151562 0.202083
2 0.681250 0.605208 0.068750 0.089583
1 0.702344 0.943750 0.148438 0.104167
1 0.960938 0.604167 0.078125 0.204167
1 0.887500 0.277083 0.162500 0.233333
1 0.295312 0.345833 0.175000 0.233333
1 0.905469 0.490625 0.176563 0.172917
1 0.607813 0.093750 0.200000 0.166667
1 0.174219 0.088542 0.145313 0.177083
1 0.816406 0.175000 0.160938 0.208333
1 0.334375 0.903125 0.178125 0.193750
1 0.813281 0.643750 0.157813 0.162500
1 0.717969 0.372917 0.151562 0.204167
0 0.511719 0.766667 0.339063 0.437500
1 0.556250 0.315625 0.159375 0.218750
1 0.132812 0.685417 0.178125 0.220833
1 0.363281 0.114583 0.170313 0.225000
1 0.024219 0.561458 0.048438 0.239583
1 0.192969 0.513542 0.145313 0.202083
1 0.949219 0.038542 0.101562 0.077083
1 0.380469 0.540625 0.151562 0.202083
2 0.681250 0.605208 0.068750 0.089583
1 0.702344 0.943750 0.148438 0.104167
1 0.960938 0.604167 0.078125 0.204167
1 0.887500 0.277083 0.162500 0.233333
1 0.295312 0.345833 0.175000 0.233333
1 0.905469 0.490625 0.176563 0.172917
1 0.607813 0.093750 0.200000 0.166667
1 0.174219 0.088542 0.145313 0.177083
1 0.816406 0.175000 0.160938 0.208333
1 0.334375 0.903125 0.178125 0.193750
1 0.813281 0.643750 0.157813 0.162500
1 0.717969 0.372917 0.151562 0.204167
0 0.511719 0.766667 0.339063 0.437500
1 0.556250 0.315625 0.159375 0.218750
1 0.132812 0.685417 0.178125 0.220833
1 0.363281 0.114583 0.170313 0.225000
1 0.024219 0.561458 0.048438 0.239583
1 0.192969 0.513542 0.145313 0.202083
1 0.949219 0.038542 0.101562 0.077083
1 0.380469 0.540625 0.151562 0.202083
2 0.681250 0.605208 0.068750 0.089583
1 0.702344 0.943750 0.148438 0.104167
1 0.960938 0.604167 0.078125 0.204167
1 0.887500 0.277083 0.162500 0.233333
1 0.295312 0.345833 0.175000 0.233333
1 0.905469 0.490625 0.176563 0.172917
1 0.607813 0.093750 0.200000 0.166667
1 0.174219 0.088542 0.145313 0.177083
1 0.816406 0.175000 0.160938 0.208333
1 0.334375 0.903125 0.178125 0.193750
1 0.813281 0.643750 0.157813 0.162500
1 0.717969 0.372917 0.151562 0.204167
0 0.511719 0.766667 0.339063 0.437500
1 0.556250 0.315625 0.159375 0.218750
1 0.132812 0.685417 0.178125 0.220833
1 0.363281 0.114583 0.170313 0.225000
1 0.024219 0.561458 0.048438 0.239583
1 0.192969 0.513542 0.145313 0.202083
1 0.949219 0.038542 0.101562 0.077083
1 0.380469 0.540625 0.151562 0.202083
2 0.681250 0.605208 0.068750 0.089583
1 0.702344 0.943750 0.148438 0.104167
1 0.960938 0.604167 0.078125 0.204167
1 0.887500 0.277083 0.162500 0.233333
1 0.295312 0.345833 0.175000 0.233333
1 0.905469 0.490625 0.176563 0.172917
1 0.607813 0.093750 0.200000 0.166667
1 0.174219 0.088542 0.145313 0.177083
1 0.816406 0.175000 0.160938 0.208333
1 0.334375 0.903125 0.178125 0.193750
1 0.813281 0.643750 0.157813 0.162500
1 0.717969 0.372917 0.151562 0.204167
0 0.511719 0.766667 0.339063 0.437500
1 0.556250 0.315625 0.159375 0.218750
1 0.132812 0.685417 0.178125 0.220833
1 0.363281 0.114583 0.170313 0.225000
1 0.024219 0.561458 0.048438 0.239583
1 0.192969 0.513542 0.145313 0.202083
1 0.949219 0.038542 0.101562 0.077083
1 0.380469 0.540625 0.151562 0.202083
2 0.681250 0.605208 0.068750 0.089583
1 0.702344 0.943750 0.148438 0.104167
1 0.960938 0.604167 0.078125 0.204167
1 0.887500 0.277083 0.162500 0.233333
1 0.295312 0.345833 0.175000 0.233333
1 0.905469 0.490625 0.176563 0.172917
1 0.607813 0.093750 0.200000 0.166667
1 0.174219 0.088542 0.145313 0.177083
1 0.816406 0.175000 0.160938 0.208333
1 0.334375 0.903125 0.178125 0.193750
1 0.813281 0.643750 0.157813 0.162500
1 0.717969 0.372917 0.151562 0.204167
0 0.511719 0.766667 0.339063 0.437500
1 0.556250 0.315625 0.159375 0.218750
1 0.132812 0.685417 0.178125 0.220833
1 0.363281 0.114583 0.170313 0.225000
1 0.024219 0.561458 0.048438 0.239583
1 0.192969 0.513542 0.145313 0.202083
1 0.949219 0.038542 0.101562 0.077083
1 0.380469 0.540625 0.151562 0.202083
2 0.681250 0.605208 0.068750 0.089583
1 0.702344 0.943750 0.148438 0.104167
1 0.960938 0.604167 0.078125 0.204167
1 0.887500 0.277083 0.162500 0.233333
1 0.295312 0.345833 0.175000 0.233333
1 0.905469 0.490625 0.176563 0.172917
1 0.607813 0.093750 0.200000 0.166667
1 0.174219 0.088542 0.145313 0.177083
1 0.816406 0.175000 0.160938 0.208333
1 0.334375 0.903125 0.178125 0.193750
1 0.813281 0.643750 0.157813 0.162500
1 0.717969 0.372917 0.151562 0.204167
0 0.511719 0.766667 0.339063 0.437500
1 0.556250 0.315625 0.159375 0.218750
1 0.132812 0.685417 0.178125 0.220833
1 0.363281 0.114583 0.170313 0.225000
1 0.024219 0.561458 0.048438 0.239583
1 0.192969 0.513542 0.145313 0.202083
1 0.949219 0.038542 0.101562 0.077083
1 0.380469 0.540625 0.151562 0.202083
2 0.681250 0.605208 0.068750 0.089583
1 0.702344 0.943750 0.148438 0.104167
1 0.960938 0.604167 0.078125 0.204167
1 0.887500 0.277083 0.162500 0.233333
1 0.295312 0.345833 0.175000 0.233333
1 0.905469 0.490625 0.176563 0.172917
1 0.607813 0.093750 0.200000 0.166667
1 0.174219 0.088542 0.145313 0.177083
1 0.816406 0.175000 0.160938 0.208333
1 0.334375 0.903125 0.178125 0.193750
1 0.813281 0.643750 0.157813 0.162500
1 0.717969 0.372917 0.151562 0.204167
0 0.511719 0.766667 0.339063 0.437500
1 0.556250 0.315625 0.159375 0.218750
1 0.132812 0.685417 0.178125 0.220833
1 0.363281 0.114583 0.170313 0.225000
1 0.024219 0.561458 0.048438 0.239583
1 0.192969 0.513542 0.145313 0.202083
1 0.949219 0.038542 0.101562 0.077083
1 0.380469 0.540625 0.151562 0.202083
2 0.681250 0.605208 0.068750 0.089583
1 0.702344 0.943750 0.148438 0.104167
1 0.960938 0.604167 0.078125 0.204167
1 0.887500 0.277083 0.162500 0.233333
1 0.295312 0.345833 0.175000 0.233333
1 0.905469 0.490625 0.176563 0.172917
1 0.607813 0.093750 0.200000 0.166667
1 0.174219 0.088542 0.145313 0.177083
1 0.816406 0.175000 0.160938 0.208333
1 0.334375 0.903125 0.178125 0.193750
1 0.813281 0.643750 0.157813 0.162500
1 0.717969 0.372917 0.151562 0.204167
0 0.511719 0.766667 0.339063 0.437500
1 0.556250 0.315625 0.159375 0.218750
1 0.132812 0.685417 0.178125 0.220833
1 0.363281 0.114583 0.170313 0.225000
1 0.024219 0.561458 0.048438 0.239583
1 0.192969 0.513542 0.145313 0.202083
1 0.949219 0.038542 0.101562 0.077083
1 0.380469 0.540625 0.151562 0.202083
2 0.681250 0.605208 0.068750 0.089583
1 0.702344 0.943750 0.148438 0.104167
1 0.960938 0.604167 0.078125 0.204167
1 0.887500 0.277083 0.162500 0.233333
1 0.295312 0.345833 0.175000 0.233333
1 0.905469 0.490625 0.176563 0.172917
1 0.607813 0.093750 0.200000 0.166667
1 0.174219 0.088542 0.145313 0.177083
1 0.816406 0.175000 0.160938 0.208333
1 0.334375 0.903125 0.178125 0.193750
1 0.813281 0.643750 0.157813 0.162500
1 0.717969 0.372917 0.151562 0.204167
0 0.511719 0.766667 0.339063 0.437500
1 0.556250 0.315625 0.159375 0.218750
1 0.132812 0.685417 0.178125 0.220833
1 0.363281 0.114583 0.170313 0.225000
1 0.024219 0.561458 0.048438 0.239583
1 0.192969 0.513542 0.145313 0.202083
1 0.949219 0.038542 0.101562 0.077083
1 0.380469 0.540625 0.151562 0.202083
2 0.681250 0.605208 0.068750 0.089583
1 0.702344 0.943750 0.148438 0.104167
1 0.960938 0.604167 0.078125 0.204167
1 0.887500 0.277083 0.162500 0.233333
1 0.295312 0.345833 0.175000 0.233333
1 0.905469 0.490625 0.176563 0.172917
1 0.607813 0.093750 0.200000 0.166667
1 0.174219 0.088542 0.145313 0.177083
1 0.816406 0.175000 0.160938 0.208333
1 0.334375 0.903125 0.178125 0.193750
1 0.813281 0.643750 0.157813 0.162500
1 0.717969 0.372917 0.151562 0.204167
0 0.511719 0.766667 0.339063 0.437500
1 0.556250 0.315625 0.159375 0.218750
1 0.132812 0.685417 0.178125 0.220833
1 0.363281 0.114583 0.170313 0.225000
1 0.024219 0.561458 0.048438 0.239583
1 0.192969 0.513542 0.145313 0.202083
1 0.949219 0.038542 0.101562 0.077083
1 0.380469 0.540625 0.151562 0.202083
2 0.681250 0.605208 0.068750 0.089583
1 0.702344 0.943750 0.148438 0.104167
1 0.960938 0.604167 0.078125 0.204167
1 0.887500 0.277083 0.162500 0.233333
1 0.295312 0.345833 0.175000 0.233333
1 0.905469 0.490625 0.176563 0.172917
1 0.607813 0.093750 0.200000 0.166667
1 0.174219 0.088542 0.145313 0.177083
1 0.816406 0.175000 0.160938 0.208333
1 0.334375 0.903125 0.178125 0.193750
1 0.813281 0.643750 0.157813 0.162500
1 0.717969 0.372917 0.151562 0.204167
0 0.511719 0.766667 0.339063 0.437500
1 0.556250 0.315625 0.159375 0.218750
1 0.132812 0.685417 0.178125 0.220833
1 0.363281 0.114583 0.170313 0.225000
1 0.024219 0.561458 0.048438 0.239583
1 0.192969 0.513542 0.145313 0.202083
1 0.949219 0.038542 0.101562 0.077083
1 0.380469 0.540625 0.151562 0.202083
2 0.681250 0.605208 0.068750 0.089583
1 0.702344 0.943750 0.148438 0.104167
1 0.960938 0.604167 0.078125 0.204167
1 0.887500 0.277083 0.162500 0.233333
1 0.295312 0.345833 0.175000 0.233333
1 0.905469 0.490625 0.176563 0.172917
1 0.607813 0.093750 0.200000 0.166667
1 0.174219 0.088542 0.145313 0.177083
1 0.816406 0.175000 0.160938 0.208333
1 0.334375 0.903125 0.178125 0.193750
1 0.813281 0.643750 0.157813 0.162500
1 0.717969 0.372917 0.151562 0.204167
0 0.511719 0.766667 0.339063 0.437500
1 0.556250 0.315625 0.159375 0.218750
1 0.132812 0.685417 0.178125 0.220833
1 0.363281 0.114583 0.170313 0.225000
1 0.024219 0.561458 0.048438 0.239583
1 0.192969 0.513542 0.145313 0.202083
1 0.949219 0.038542 0.101562 0.077083
1 0.380469 0.540625 0.151562 0.202083
2 0.681250 0.605208 0.068750 0.089583
1 0.702344 0.943750 0.148438 0.104167
1 0.960938 0.604167 0.078125 0.204167
1 0.887500 0.277083 0.162500 0.233333
1 0.295312 0.345833 0.175000 0.233333
1 0.905469 0.490625 0.176563 0.172917
1 0.607813 0.093750 0.200000 0.166667
1 0.174219 0.088542 0.145313 0.177083
1 0.816406 0.175000 0.160938 0.208333
1 0.334375 0.903125 0.178125 0.193750
1 0.813281 0.643750 0.157813 0.162500
1 0.717969 0.372917 0.151562 0.204167
0 0.511719 0.766667 0.339063 0.437500
1 0.556250 0.315625 0.159375 0.218750
1 0.132812 0.685417 0.178125 0.220833
1 0.363281 0.114583 0.170313 0.225000
