2 0.786719 0.797917 0.082813 0.100000
1 0.328125 0.075000 0.165625 0.150000
1 0.679688 0.908333 0.187500 0.179167
1 0.036719 0.620833 0.073438 0.191667
1 0.708594 0.082292 0.201563 0.164583
1 0.052344 0.807292 0.104688 0.214583
1 0.949219 0.503125 0.095312 0.252083
1 0.097656 0.938542 0.189063 0.122917
1 0.857031 0.455208 0.170313 0.277083
1 0.523438 0.838542 0.190625 0.239583
1 0.872656 0.716667 0.167187 0.250000
1 0.696094 0.511458 0.157813 0.252083
1 0.846094 0.925000 0.148438 0.150000
0 0.250781 0.331250 0.345313 0.445833
1 0.517188 0.565625 0.175000 0.239583
1 0.689844 0.262500 0.195312 0.245833
2 0.786719 0.797917 0.082813 0.100000
1 0.328125 0.075000 0.165625 0.150000
1 0.679688 0.908333 0.187500 0.179167
1 0.036719 0.620833 0.073438 0.191667
1 0.708594 0.082292 0.201563 0.164583
1 0.052344 0.807292 0.104688 0.214583
1 0.949219 0.503125 0.095312 0.252083
1 0.097656 0.938542 0.189063 0.122917
1 0.857031 0.455208 0.170313 0.277083
1 0.523438 0.838542 0.190625 0.239583
1 0.872656 0.716667 0.167187 0.250000
1 0.696094 0.511458 0.157813 0.252083
1 0.846094 0.925000 0.148438 0.150000
0 0.250781 0.331250 0.345313 0.445833
1 0.517188 0.565625 0.175000 0.239583
1 0.689844 0.262500 0.195312 0.245833
2 0.786719 0.797917 0.082813 0.100000
1 0.328125 0.075000 0.165625 0.150000
1 0.679688 0.908333 0.187500 0.179167
1 0.036719 0.620833 0.073438 0.191667
1 0.708594 0.082292 0.201563 0.164583
1 0.052344 0.807292 0.104688 0.214583
1 0.949219 0.503125 0.095312 0.252083
1 0.097656 0.938542 0.189063 0.122917
1 0.857031 0.455208 0.170313 0.277083
1 0.523438 0.838542 0.190625 0.239583
1 0.872656 0.716667 0.167187 0.250000
1 0.696094 0.511458 0.157813 0.252083
1 0.846094 0.925000 0.148438 0.150000
0 0.250781 0.331250 0.345313 0.445833
1 0.517188 0.565625 0.175000 0.239583
1 0.689844 0.262500 0.195312 0.245833
2 0.786719 0.797917 0.082813 0.100000
1 0.328125 0.075000 0.165625 0.150000
1 0.679688 0.908333 0.187500 0.179167
1 0.036719 0.620833 0.073438 0.191667
1 0.708594 0.082292 0.201563 0.164583
1 0.052344 0.807292 0.104688 0.214583
1 0.949219 0.503125 0.095312 0.252083
1 0.097656 0.938542 0.189063 0.122917
1 0.857031 0.455208 0.170313 0.277083
1 0.523438 0.838542 0.190625 0.239583
1 0.872656 0.716667 0.167187 0.250000
1 0.696094 0.511458 0.157813 0.252083
1 0.846094 0.925000 0.148438 0.150000
0 0.250781 0.331250 0.345313 0.445833
1 0.517188 0.565625 0.175000 0.239583
1 0.689844 0.262500 0.195312 0.245833
2 0.786719 0.797917 0.082813 0.100000
1 0.328125 0.075000 0.165625 0.150000
1 0.679688 0.908333 0.187500 0.179167
1 0.036719 0.620833 0.073438 0.191667
1 0.708594 0.082292 0.201563 0.164583
1 0.052344 0.807292 0.104688 0.214583
1 0.949219 0.503125 0.095312 0.252083
1 0.097656 0.938542 0.189063 0.122917
1 0.857031 0.455208 0.170313 0.277083
1 0.523438 0.838542 0.190625 0.239583
1 0.872656 0.716667 0.167187 0.250000
1 0.696094 0.511458 0.157813 0.252083
1 0.846094 0.925000 0.148438 0.150000
0 0.250781 0.331250 0.345313 0.445833
1 0.517188 0.565625 0.175000 0.239583
1 0.689844 0.262500 0.195312 0.245833
2 0.786719 0.797917 0.082813 0.100000
1 0.328125 0.075000 0.165625 0.150000
1 0.679688 0.908333 0.187500 0.179167
1 0.036719 0.620833 0.073438 0.191667
1 0.708594 0.082292 0.201563 0.164583
1 0.052344 0.807292 0.104688 0.214583
1 0.949219 0.503125 0.095312 0.252083
1 0.097656 0.938542 0.189063 0.122917
1 0.857031 0.455208 0.170313 0.277083
1 0.523438 0.838542 0.190625 0.239583
1 0.872656 0.716667 0.167187 0.250000
1 0.696094 0.511458 0.157813 0.252083
1 0.846094 0.925000 0.148438 0.150000
0 0.250781 0.331250 0.345313 0.445833
1 0.517188 0.565625 0.175000 0.239583
1 0.689844 0.262500 0.195312 0.245833
2 0.786719 0.797917 0.082813 0.100000
1 0.328125 0.075000 0.165625 0.150000
1 0.679688 0.908333 0.187500 0.179167
1 0.036719 0.620833 0.073438 0.191667
1 0.708594 0.082292 0.201563 0.164583
1 0.052344 0.807292 0.104688 0.214583
1 0.949219 0.503125 0.095312 0.252083
1 0.097656 0.938542 0.189063 0.122917
1 0.857031 0.455208 0.170313 0.277083
1 0.523438 0.838542 0.190625 0.239583
1 0.872656 0.716667 0.167187 0.250000
1 0.696094 0.511458 0.157813 0.252083
1 0.846094 0.925000 0.148438 0.150000
0 0.250781 0.331250 0.345313 0.445833
1 0.517188 0.565625 0.175000 0.239583
1 0.689844 0.262500 0.195312 0.245833
2 0.786719 0.797917 0.082813 0.100000
1 0.328125 0.075000 0.165625 0.150000
1 0.679688 0.908333 0.187500 0.179167
1 0.036719 0.620833 0.073438 0.191667
1 0.708594 0.082292 0.201563 0.164583
1 0.052344 0.807292 0.104688 0.214583
1 0.949219 0.503125 0.095312 0.252083
1 0.097656 0.938542 0.189063 0.122917
1 0.857031 0.455208 0.170313 0.277083
1 0.523438 0.838542 0.190625 0.239583
1 0.872656 0.716667 0.167187 0.250000
1 0.696094 0.511458 0.157813 0.252083
1 0.846094 0.925000 0.148438 0.150000
0 0.250781 0.331250 0.345313 0.445833
1 0.517188 0.565625 0.175000 0.239583
1 0.689844 0.262500 0.195312 0.245833
2 0.786719 0.797917 0.082813 0.100000
1 0.328125 0.075000 0.165625 0.150000
1 0.679688 0.908333 0.187500 0.179167
1 0.036719 0.620833 0.073438 0.191667
1 0.708594 0.082292 0.201563 0.164583
1 0.052344 0.807292 0.104688 0.214583
1 0.949219 0.503125 0.095312 0.252083
1 0.097656 0.938542 0.189063 0.122917
1 0.857031 0.455208 0.170313 0.277083
1 0.523438 0.838542 0.190625 0.239583
1 0.872656 0.716667 0.167187 0.250000
1 0.696094 0.511458 0.157813 0.252083
1 0.846094 0.925000 0.148438 0.150000
0 0.250781 0.331250 0.345313 0.445833
1 0.517188 0.565625 0.175000 0.239583
1 0.689844 0.262500 0.195312 0.245833
2 0.786719 0.797917 0.082813 0.100000
1 0.328125 0.075000 0.165625 0.150000
1 0.679688 0.908333 0.187500 0.179167
1 0.036719 0.620833 0.073438 0.191667
1 0.708594 0.082292 0.201563 0.164583
1 0.052344 0.807292 0.104688 0.214583
1 0.949219 0.503125 0.095312 0.252083
1 0.097656 0.938542 0.189063 0.122917
1 0.857031 0.455208 0.170313 0.277083
1 0.523438 0.838542 0.190625 0.239583
1 0.872656 0.716667 0.167187 0.250000
1 0.696094 0.511458 0.157813 0.252083
1 0.846094 0.925000 0.148438 0.150000
0 0.250781 0.331250 0.345313 0.445833
1 0.517188 0.565625 0.175000 0.239583
1 0.689844 0.262500 0.195312 0.245833
2 0.786719 0.797917 0.082813 0.100000
1 0.328125 0.075000 0.165625 0.150000
1 0.679688 0.908333 0.187500 0.179167
1 0.036719 0.620833 0.073438 0.191667
1 0.708594 0.082292 0.201563 0.164583
1 0.052344 0.807292 0.104688 0.214583
1 0.949219 0.503125 0.095312 0.252083
1 0.097656 0.938542 0.189063 0.122917
1 0.857031 0.455208 0.170313 0.277083
1 0.523438 0.838542 0.190625 0.239583
1 0.872656 0.716667 0.167187 0.250000
1 0.696094 0.511458 0.157813 0.252083
1 0.846094 0.925000 0.148438 0.150000
0 0.250781 0.331250 0.345313 0.445833
1 0.517188 0.565625 0.175000 0.239583
1 0.689844 0.262500 0.195312 0.245833
2 0.786719 0.797917 0.082813 0.100000
1 0.328125 0.075000 0.165625 0.150000
1 0.679688 0.908333 0.187500 0.179167
1 0.036719 0.620833 0.073438 0.191667
1 0.708594 0.082292 0.201563 0.164583
1 0.052344 0.807292 0.104688 0.214583
1 0.949219 0.503125 0.095312 0.252083
1 0.097656 0.938542 0.189063 0.122917
1 0.857031 0.455208 0.170313 0.277083
1 0.523438 0.838542 0.190625 0.239583
1 0.872656 0.716667 0.167187 0.250000
1 0.696094 0.511458 0.157813 0.252083
1 0.846094 0.925000 0.148438 0.150000
0 0.250781 0.331250 0.345313 0.445833
1 0.517188 0.565625 0.175000 0.239583
1 0.689844 0.262500 0.195312 0.245833
2 0.786719 0.797917 0.082813 0.100000
1 0.328125 0.075000 0.165625 0.150000
1 0.679688 0.908333 0.187500 0.179167
1 0.036719 0.620833 0.073438 0.191667
1 0.708594 0.082292 0.201563 0.164583
1 0.052344 0.807292 0.104688 0.214583
1 0.949219 0.503125 0.095312 0.252083
1 0.097656 0.938542 0.189063 0.122917
1 0.857031 0.455208 0.170313 0.277083
1 0.523438 0.838542 0.190625 0.239583
1 0.872656 0.716667 0.167187 0.250000
1 0.696094 0.511458 0.157813 0.252083
1 0.846094 0.925000 0.148438 0.150000
0 0.250781 0.331250 0.345313 0.445833
1 0.517188 0.565625 0.175000 0.239583
1 0.689844 0.262500 0.195312 0.245833
2 0.786719 0.797917 0.082813 0.100000
1 0.328125 0.075000 0.165625 0.150000
1 0.679688 0.908333 0.187500 0.179167
1 0.036719 0.620833 0.073438 0.191667
1 0.708594 0.082292 0.201563 0.164583
1 0.052344 0.807292 0.104688 0.214583
1 0.949219 0.503125 0.095312 0.252083
1 0.097656 0.938542 0.189063 0.122917
1 0.857031 0.455208 0.170313 0.277083
1 0.523438 0.838542 0.190625 0.239583
1 0.872656 0.716667 0.167187 0.250000
1 0.696094 0.511458 0.157813 0.252083
1 0.846094 0.925000 0.148438 0.150000
0 0.250781 0.331250 0.345313 0.445833
1 0.517188 0.565625 0.175000 0.239583
1 0.689844 0.262500 0.195312 0.245833
2 0.786719 0.797917 0.082813 0.100000
1 0.328125 0.075000 0.165625 0.150000
1 0.679688 0.908333 0.187500 0.179167
1 0.036719 0.620833 0.073438 0.191667
1 0.708594 0.082292 0.201563 0.164583
1 0.052344 0.807292 0.104688 0.214583
1 0.949219 0.503125 0.095312 0.252083
1 0.097656 0.938542 0.189063 0.122917
1 0.857031 0.455208 0.170313 0.277083
1 0.523438 0.838542 0.190625 0.239583
1 0.872656 0.716667 0.167187 0.250000
1 0.696094 0.511458 0.157813 0.252083
1 0.846094 0.925000 0.148438 0.150000
0 0.250781 0.331250 0.345313 0.445833
1 0.517188 0.565625 0.175000 0.239583
1 0.689844 0.262500 0.195312 0.245833
2 0.786719 0.797917 0.082813 0.100000
1 0.328125 0.075000 0.165625 0.150000
1 0.679688 0.908333 0.187500 0.179167
1 0.036719 0.620833 0.073438 0.191667
1 0.708594 0.082292 0.201563 0.164583
1 0.052344 0.807292 0.104688 0.214583
1 0.949219 0.503125 0.095312 0.252083
1 0.097656 0.938542 0.189063 0.122917
1 0.857031 0.455208 0.170313 0.277083
1 0.523438 0.838542 0.190625 0.239583
1 0.872656 0.716667 0.167187 0.250000
1 0.696094 0.511458 0.157813 0.252083
1 0.846094 0.925000 0.148438 0.150000
0 0.250781 0.331250 0.345313 0.445833
1 0.517188 0.565625 0.175000 0.239583
1 0.689844 0.262500 0.195312 0.245833
