1 0.964844 0.187500 0.067188 0.250000
1 0.835938 0.595833 0.159375 0.212500
1 0.879687 0.039583 0.153125 0.075000
1 0.638281 0.666667 0.148438 0.166667
1 0.043750 0.919792 0.087500 0.160417
1 0.248438 0.097917 0.165625 0.195833
1 0.696094 0.710417 0.157813 0.225000
1 0.064844 0.241667 0.129688 0.241667
1 0.021094 0.780208 0.042188 0.214583
1 0.151562 0.180208 0.171875 0.210417
1 0.217969 0.885417 0.220313 0.220833
1 0.380469 0.806250 0.182812 0.229167
1 0.962500 0.743750 0.075000 0.183333
1 0.098438 0.928125 0.156250 0.143750
1 0.518750 0.692708 0.150000 0.189583
1 0.425000 0.123958 0.159375 0.218750
1 0.583594 0.260417 0.204688 0.266667
1 0.644531 0.493750 0.154688 0.191667
1 0.116406 0.733333 0.151562 0.233333
1 0.472656 0.938542 0.129688 0.122917
0 0.315625 0.477083 0.328125 0.450000
1 0.964844 0.187500 0.067188 0.250000
1 0.835938 0.595833 0.159375 0.212500
1 0.879687 0.039583 0.153125 0.075000
1 0.638281 0.666667 0.148438 0.166667
1 0.043750 0.919792 0.087500 0.160417
1 0.248438 0.097917 0.165625 0.195833
1 0.696094 0.710417 0.157813 0.225000
1 0.064844 0.241667 0.129688 0.241667
1 0.021094 0.780208 0.042188 0.214583
1 0.151562 0.180208 0.171875 0.210417
1 0.217969 0.885417 0.220313 0.220833
1 0.380469 0.806250 0.182812 0.229167
1 0.962500 0.743750 0.075000 0.183333
1 0.098438 0.928125 0.156250 0.143750
1 0.518750 0.692708 0.150000 0.189583
1 0.425000 0.123958 0.159375 0.218750
1 0.583594 0.260417 0.204688 0.266667
1 0.644531 0.493750 0.154688 0.191667
1 0.116406 0.733333 0.151562 0.233333
1 0.472656 0.938542 0.129688 0.122917
0 0.315625 0.477083 0.328125 0.450000
1 0.964844 0.187500 0.067188 0.250000
1 0.835938 0.595833 0.159375 0.212500
1 0.879687 0.039583 0.153125 0.075000
1 0.638281 0.666667 0.148438 0.166667
1 0.043750 0.919792 0.087500 0.160417
1 0.248438 0.097917 0.165625 0.195833
1 0.696094 0.710417 0.157813 0.225000
1 0.064844 0.241667 0.129688 0.241667
1 0.021094 0.780208 0.042188 0.214583
1 0.151562 0.180208 0.171875 0.210417
1 0.217969 0.885417 0.220313 0.220833
1 0.380469 0.806250 0.182812 0.229167
1 0.962500 0.743750 0.075000 0.183333
1 0.098438 0.928125 0.156250 0.143750
1 0.518750 0.692708 0.150000 0.189583
1 0.425000 0.123958 0.159375 0.218750
1 0.583594 0.260417 0.204688 0.266667
1 0.644531 0.493750 0.154688 0.191667
1 0.116406 0.733333 0.151562 0.233333
1 0.472656 0.938542 0.129688 0.122917
0 0.315625 0.477083 0.328125 0.450000
1 0.964844 0.187500 0.067188 0.250000
1 0.835938 0.595833 0.159375 0.212500
1 0.879687 0.039583 0.153125 0.075000
1 0.638281 0.666667 0.148438 0.166667
1 0.043750 0.919792 0.087500 0.160417
1 0.248438 0.097917 0.165625 0.195833
1 0.696094 0.710417 0.157813 0.225000
1 0.064844 0.241667 0.129688 0.241667
1 0.021094 0.780208 0.042188 0.214583
1 0.151562 0.180208 0.171875 0.210417
1 0.217969 0.885417 0.220313 0.220833
1 0.380469 0.806250 0.182812 0.229167
1 0.962500 0.743750 0.075000 0.183333
1 0.098438 0.928125 0.156250 0.143750
1 0.518750 0.692708 0.150000 0.189583
1 0.425000 0.123958 0.159375 0.218750
1 0.583594 0.260417 0.204688 0.266667
1 0.644531 0.493750 0.154688 0.191667
1 0.116406 0.733333 0.151562 0.233333
1 0.472656 0.938542 0.129688 0.122917
0 0.315625 0.477083 0.328125 0.450000
1 0.964844 0.187500 0.067188 0.250000
1 0.835938 0.595833 0.159375 0.212500
1 0.879687 0.039583 0.153125 0.075000
1 0.638281 0.666667 0.148438 0.166667
1 0.043750 0.919792 0.087500 0.160417
1 0.248438 0.097917 0.165625 0.195833
1 0.696094 0.710417 0.157813 0.225000
1 0.064844 0.241667 0.129688 0.241667
1 0.021094 0.780208 0.042188 0.214583
1 0.151562 0.180208 0.171875 0.210417
1 0.217969 0.885417 0.220313 0.220833
1 0.380469 0.806250 0.182812 0.229167
1 0.962500 0.743750 0.075000 0.183333
1 0.098438 0.928125 0.156250 0.143750
1 0.518750 0.692708 0.150000 0.189583
1 0.425000 0.123958 0.159375 0.218750
1 0.583594 0.260417 0.204688 0.266667
1 0.644531 0.493750 0.154688 0.191667
1 0.116406 0.733333 0.151562 0.233333
1 0.472656 0.938542 0.129688 0.122917
0 0.315625 0.477083 0.328125 0.450000
1 0.964844 0.187500 0.067188 0.250000
1 0.835938 0.595833 0.159375 0.212500
1 0.879687 0.039583 0.153125 0.075000
1 0.638281 0.666667 0.148438 0.166667
1 0.043750 0.919792 0.087500 0.160417
1 0.248438 0.097917 0.165625 0.195833
1 0.696094 0.710417 0.157813 0.225000
1 0.064844 0.241667 0.129688 0.241667
1 0.021094 0.780208 0.042188 0.214583
1 0.151562 0.180208 0.171875 0.210417
1 0.217969 0.885417 0.220313 0.220833
1 0.380469 0.806250 0.182812 0.229167
1 0.962500 0.743750 0.075000 0.183333
1 0.098438 0.928125 0.156250 0.143750
1 0.518750 0.692708 0.150000 0.189583
1 0.425000 0.123958 0.159375 0.218750
1 0.583594 0.260417 0.204688 0.266667
1 0.644531 0.493750 0.154688 0.191667
1 0.116406 0.733333 0.151562 0.233333
1 0.472656 0.938542 0.129688 0.122917
0 0.315625 0.477083 0.328125 0.450000
1 0.964844 0.187500 0.067188 0.250000
1 0.835938 0.595833 0.159375 0.212500
1 0.879687 0.039583 0.153125 0.075000
1 0.638281 0.666667 0.148438 0.166667
1 0.043750 0.919792 0.087500 0.160417
1 0.248438 0.097917 0.165625 0.195833
1 0.696094 0.710417 0.157813 0.225000
1 0.064844 0.241667 0.129688 0.241667
1 0.021094 0.780208 0.042188 0.214583
1 0.151562 0.180208 0.171875 0.210417
1 0.217969 0.885417 0.220313 0.220833
1 0.380469 0.806250 0.182812 0.229167
1 0.962500 0.743750 0.075000 0.183333
1 0.098438 0.928125 0.156250 0.143750
1 0.518750 0.692708 0.150000 0.189583
1 0.425000 0.123958 0.159375 0.218750
1 0.583594 0.260417 0.204688 0.266667
1 0.644531 0.493750 0.154688 0.191667
1 0.116406 0.733333 0.151562 0.233333
1 0.472656 0.938542 0.129688 0.122917
0 0.315625 0.477083 0.328125 0.450000
1 0.964844 0.187500 0.067188 0.250000
1 0.835938 0.595833 0.159375 0.212500
1 0.879687 0.039583 0.153125 0.075000
1 0.638281 0.666667 0.148438 0.166667
1 0.043750 0.919792 0.087500 0.160417
1 0.248438 0.097917 0.165625 0.195833
1 0.696094 0.710417 0.157813 0.225000
1 0.064844 0.241667 0.129688 0.241667
1 0.021094 0.780208 0.042188 0.214583
1 0.151562 0.180208 0.171875 0.210417
1 0.217969 0.885417 0.220313 0.220833
1 0.380469 0.806250 0.182812 0.229167
1 0.962500 0.743750 0.075000 0.183333
1 0.098438 0.928125 0.156250 0.143750
1 0.518750 0.692708 0.150000 0.189583
1 0.425000 0.123958 0.159375 0.218750
1 0.583594 0.260417 0.204688 0.266667
1 0.644531 0.493750 0.154688 0.191667
1 0.116406 0.733333 0.151562 0.233333
1 0.472656 0.938542 0.129688 0.122917
0 0.315625 0.477083 0.328125 0.450000
1 0.964844 0.187500 0.067188 0.250000
1 0.835938 0.595833 0.159375 0.212500
1 0.879687 0.039583 0.153125 0.075000
1 0.638281 0.666667 0.148438 0.166667
1 0.043750 0.919792 0.087500 0.160417
1 0.248438 0.097917 0.165625 0.195833
1 0.696094 0.710417 0.157813 0.225000
1 0.064844 0.241667 0.129688 0.241667
1 0.021094 0.780208 0.042188 0.214583
1 0.151562 0.180208 0.171875 0.210417
1 0.217969 0.885417 0.220313 0.220833
1 0.380469 0.806250 0.182812 0.229167
1 0.962500 0.743750 0.075000 0.183333
1 0.098438 0.928125 0.156250 0.143750
1 0.518750 0.692708 0.150000 0.189583
1 0.425000 0.123958 0.159375 0.218750
1 0.583594 0.260417 0.204688 0.266667
1 0.644531 0.493750 0.154688 0.191667
1 0.116406 0.733333 0.151562 0.233333
1 0.472656 0.938542 0.129688 0.122917
0 0.315625 0.477083 0.328125 0.450000
1 0.964844 0.187500 0.067188 0.250000
1 0.835938 0.595833 0.159375 0.212500
1 0.879687 0.039583 0.153125 0.075000
1 0.638281 0.666667 0.148438 0.166667
1 0.043750 0.919792 0.087500 0.160417
1 0.248438 0.097917 0.165625 0.195833
1 0.696094 0.710417 0.157813 0.225000
1 0.064844 0.241667 0.129688 0.241667
1 0.021094 0.780208 0.042188 0.214583
1 0.151562 0.180208 0.171875 0.210417
1 0.217969 0.885417 0.220313 0.220833
1 0.380469 0.806250 0.182812 0.229167
1 0.962500 0.743750 0.075000 0.183333
1 0.098438 0.928125 0.156250 0.143750
1 0.518750 0.692708 0.150000 0.189583
1 0.425000 0.123958 0.159375 0.218750
1 0.583594 0.260417 0.204688 0.266667
1 0.644531 0.493750 0.154688 0.191667
1 0.116406 0.733333 0.151562 0.233333
1 0.472656 0.938542 0.129688 0.122917
0 0.315625 0.477083 0.328125 0.450000
1 0.964844 0.187500 0.067188 0.250000
1 0.835938 0.595833 0.159375 0.212500
1 0.879687 0.039583 0.153125 0.075000
1 0.638281 0.666667 0.148438 0.166667
1 0.043750 0.919792 0.087500 0.160417
1 0.248438 0.097917 0.165625 0.195833
1 0.696094 0.710417 0.157813 0.225000
1 0.064844 0.241667 0.129688 0.241667
1 0.021094 0.780208 0.042188 0.214583
1 0.151562 0.180208 0.171875 0.210417
1 0.217969 0.885417 0.220313 0.220833
1 0.380469 0.806250 0.182812 0.229167
1 0.962500 0.743750 0.075000 0.183333
1 0.098438 0.928125 0.156250 0.143750
1 0.518750 0.692708 0.150000 0.189583
1 0.425000 0.123958 0.159375 0.218750
1 0.583594 0.260417 0.204688 0.266667
1 0.644531 0.493750 0.154688 0.191667
1 0.116406 0.733333 0.151562 0.233333
1 0.472656 0.938542 0.129688 0.122917
0 0.315625 0.477083 0.328125 0.450000
1 0.964844 0.187500 0.067188 0.250000
1 0.835938 0.595833 0.159375 0.212500
1 0.879687 0.039583 0.153125 0.075000
1 0.638281 0.666667 0.148438 0.166667
1 0.043750 0.919792 0.087500 0.160417
1 0.248438 0.097917 0.165625 0.195833
1 0.696094 0.710417 0.157813 0.225000
1 0.064844 0.241667 0.129688 0.241667
1 0.021094 0.780208 0.042188 0.214583
1 0.151562 0.180208 0.171875 0.210417
1 0.217969 0.885417 0.220313 0.220833
1 0.380469 0.806250 0.182812 0.229167
1 0.962500 0.743750 0.075000 0.183333
1 0.098438 0.928125 0.156250 0.143750
1 0.518750 0.692708 0.150000 0.189583
1 0.425000 0.123958 0.159375 0.218750
1 0.583594 0.260417 0.204688 0.266667
1 0.644531 0.493750 0.154688 0.191667
1 0.116406 0.733333 0.151562 0.233333
1 0.472656 0.938542 0.129688 0.122917
0 0.315625 0.477083 0.328125 0.450000
1 0.964844 0.187500 0.067188 0.250000
1 0.835938 0.595833 0.159375 0.212500
1 0.879687 0.039583 0.153125 0.075000
1 0.638281 0.666667 0.148438 0.166667
1 0.043750 0.919792 0.087500 0.160417
1 0.248438 0.097917 0.165625 0.195833
1 0.696094 0.710417 0.157813 0.225000
1 0.064844 0.241667 0.129688 0.241667
1 0.021094 0.780208 0.042188 0.214583
1 0.151562 0.180208 0.171875 0.210417
1 0.217969 0.885417 0.220313 0.220833
1 0.380469 0.806250 0.182812 0.229167
1 0.962500 0.743750 0.075000 0.183333
1 0.098438 0.928125 0.156250 0.143750
1 0.518750 0.692708 0.150000 0.189583
1 0.425000 0.123958 0.159375 0.218750
1 0.583594 0.260417 0.204688 0.266667
1 0.644531 0.493750 0.154688 0.191667
1 0.116406 0.733333 0.151562 0.233333
1 0.472656 0.938542 0.129688 0.122917
0 0.315625 0.477083 0.328125 0.450000
1 0.964844 0.187500 0.067188 0.250000
1 0.835938 0.595833 0.159375 0.212500
1 0.879687 0.039583 0.153125 0.075000
1 0.638281 0.666667 0.148438 0.166667
1 0.043750 0.919792 0.087500 0.160417
1 0.248438 0.097917 0.165625 0.195833
1 0.696094 0.710417 0.157813 0.225000
1 0.064844 0.241667 0.129688 0.241667
1 0.021094 0.780208 0.042188 0.214583
1 0.151562 0.180208 0.171875 0.210417
1 0.217969 0.885417 0.220313 0.220833
1 0.380469 0.806250 0.182812 0.229167
1 0.962500 0.743750 0.075000 0.183333
1 0.098438 0.928125 0.156250 0.143750
1 0.518750 0.692708 0.150000 0.189583
1 0.425000 0.123958 0.159375 0.218750
1 0.583594 0.260417 0.204688 0.266667
1 0.644531 0.493750 0.154688 0.191667
1 0.116406 0.733333 0.151562 0.233333
1 0.472656 0.938542 0.129688 0.122917
0 0.315625 0.477083 0.328125 0.450000
1 0.964844 0.187500 0.067188 0.250000
1 0.835938 0.595833 0.159375 0.212500
1 0.879687 0.039583 0.153125 0.075000
1 0.638281 0.666667 0.148438 0.166667
1 0.043750 0.919792 0.087500 0.160417
1 0.248438 0.097917 0.165625 0.195833
1 0.696094 0.710417 0.157813 0.225000
1 0.064844 0.241667 0.129688 0.241667
1 0.021094 0.780208 0.042188 0.214583
1 0.151562 0.180208 0.171875 0.210417
1 0.217969 0.885417 0.220313 0.220833
1 0.380469 0.806250 0.182812 0.229167
1 0.962500 0.743750 0.075000 0.183333
1 0.098438 0.928125 0.156250 0.143750
1 0.518750 0.692708 0.150000 0.189583
1 0.425000 0.123958 0.159375 0.218750
1 0.583594 0.260417 0.204688 0.266667
1 0.644531 0.493750 0.154688 0.191667
1 0.116406 0.733333 0.151562 0.233333
1 0.472656 0.938542 0.129688 0.122917
0 0.315625 0.477083 0.328125 0.450000
1 0.964844 0.187500 0.067188 0.250000
1 0.835938 0.595833 0.159375 0.212500
1 0.879687 0.039583 0.153125 0.075000
1 0.638281 0.666667 0.148438 0.166667
1 0.043750 0.919792 0.087500 0.160417
1 0.248438 0.097917 0.165625 0.195833
1 0.696094 0.710417 0.157813 0.225000
1 0.064844 0.241667 0.129688 0.241667
1 0.021094 0.780208 0.042188 0.214583
1 0.151562 0.180208 0.171875 0.210417
1 0.217969 0.885417 0.220313 0.220833
1 0.380469 0.806250 0.182812 0.229167
1 0.962500 0.743750 0.075000 0.183333
1 0.098438 0.928125 0.156250 0.143750
1 0.518750 0.692708 0.150000 0.189583
1 0.425000 0.123958 0.159375 0.218750
1 0.583594 0.260417 0.204688 0.266667
1 0.644531 0.493750 0.154688 0.191667
1 0.116406 0.733333 0.151562 0.233333
1 0.472656 0.938542 0.129688 0.122917
0 0.315625 0.477083 0.328125 0.450000
1 0.964844 0.187500 0.067188 0.250000
1 0.835938 0.595833 0.159375 0.212500
1 0.879687 0.039583 0.153125 0.075000
1 0.638281 0.666667 0.148438 0.166667
1 0.043750 0.919792 0.087500 0.160417
1 0.248438 0.097917 0.165625 0.195833
1 0.696094 0.710417 0.157813 0.225000
1 0.064844 0.241667 0.129688 0.241667
1 0.021094 0.780208 0.042188 0.214583
1 0.151562 0.180208 0.171875 0.210417
1 0.217969 0.885417 0.220313 0.220833
1 0.380469 0.806250 0.182812 0.229167
1 0.962500 0.743750 0.075000 0.183333
1 0.098438 0.928125 0.156250 0.143750
1 0.518750 0.692708 0.150000 0.189583
1 0.425000 0.123958 0.159375 0.218750
1 0.583594 0.260417 0.204688 0.266667
1 0.644531 0.493750 0.154688 0.191667
1 0.116406 0.733333 0.151562 0.233333
1 0.472656 0.938542 0.129688 0.122917
0 0.315625 0.477083 0.328125 0.450000
1 0.964844 0.187500 0.067188 0.250000
1 0.835938 0.595833 0.159375 0.212500
1 0.879687 0.039583 0.153125 0.075000
1 0.638281 0.666667 0.148438 0.166667
1 0.043750 0.919792 0.087500 0.160417
1 0.248438 0.097917 0.165625 0.195833
1 0.696094 0.710417 0.157813 0.225000
1 0.064844 0.241667 0.129688 0.241667
1 0.021094 0.780208 0.042188 0.214583
1 0.151562 0.180208 0.171875 0.210417
1 0.217969 0.885417 0.220313 0.220833
1 0.380469 0.806250 0.182812 0.229167
1 0.962500 0.743750 0.075000 0.183333
1 0.098438 0.928125 0.156250 0.143750
1 0.518750 0.692708 0.150000 0.189583
1 0.425000 0.123958 0.159375 0.218750
1 0.583594 0.260417 0.204688 0.266667
1 0.644531 0.493750 0.154688 0.191667
1 0.116406 0.733333 0.151562 0.233333
1 0.472656 0.938542 0.129688 0.122917
0 0.315625 0.477083 0.328125 0.450000
1 0.964844 0.187500 0.067188 0.250000
1 0.835938 0.595833 0.159375 0.212500
1 0.879687 0.039583 0.153125 0.075000
1 0.638281 0.666667 0.148438 0.166667
1 0.043750 0.919792 0.087500 0.160417
1 0.248438 0.097917 0.165625 0.195833
1 0.696094 0.710417 0.157813 0.225000
1 0.064844 0.241667 0.129688 0.241667
1 0.021094 0.780208 0.042188 0.214583
1 0.151562 0.180208 0.171875 0.210417
1 0.217969 0.885417 0.220313 0.220833
1 0.380469 0.806250 0.182812 0.229167
1 0.962500 0.743750 0.075000 0.183333
1 0.098438 0.928125 0.156250 0.143750
1 0.518750 0.692708 0.150000 0.189583
1 0.425000 0.123958 0.159375 0.218750
1 0.583594 0.260417 0.204688 0.266667
1 0.644531 0.493750 0.154688 0.191667
1 0.116406 0.733333 0.151562 0.233333
1 0.472656 0.938542 0.129688 0.122917
0 0.315625 0.477083 0.328125 0.450000
1 0.964844 0.187500 0.067188 0.250000
1 0.835938 0.595833 0.159375 0.212500
1 0.879687 0.039583 0.153125 0.075000
1 0.638281 0.666667 0.148438 0.166667
1 0.043750 0.919792 0.087500 0.160417
1 0.248438 0.097917 0.165625 0.195833
1 0.696094 0.710417 0.157813 0.225000
1 0.064844 0.241667 0.129688 0.241667
1 0.021094 0.780208 0.042188 0.214583
1 0.151562 0.180208 0.171875 0.210417
1 0.217969 0.885417 0.220313 0.220833
1 0.380469 0.806250 0.182812 0.229167
1 0.962500 0.743750 0.075000 0.183333
1 0.098438 0.928125 0.156250 0.143750
1 0.518750 0.692708 0.150000 0.189583
1 0.425000 0.123958 0.159375 0.218750
1 0.583594 0.260417 0.204688 0.266667
1 0.644531 0.493750 0.154688 0.191667
1 0.116406 0.733333 0.151562 0.233333
1 0.472656 0.938542 0.129688 0.122917
0 0.315625 0.477083 0.328125 0.450000
1 0.964844 0.187500 0.067188 0.250000
1 0.835938 0.595833 0.159375 0.212500
1 0.879687 0.039583 0.153125 0.075000
1 0.638281 0.666667 0.148438 0.166667
1 0.043750 0.919792 0.087500 0.160417
1 0.248438 0.097917 0.165625 0.195833
1 0.696094 0.710417 0.157813 0.225000
1 0.064844 0.241667 0.129688 0.241667
1 0.021094 0.780208 0.042188 0.214583
1 0.151562 0.180208 0.171875 0.210417
1 0.217969 0.885417 0.220313 0.220833
1 0.380469 0.806250 0.182812 0.229167
1 0.962500 0.743750 0.075000 0.183333
1 0.098438 0.928125 0.156250 0.143750
1 0.518750 0.692708 0.150000 0.189583
1 0.425000 0.123958 0.159375 0.218750
1 0.583594 0.260417 0.204688 0.266667
1 0.644531 0.493750 0.154688 0.191667
1 0.116406 0.733333 0.151562 0.233333
1 0.472656 0.938542 0.129688 0.122917
0 0.315625 0.477083 0.328125 0.450000
