1 0.018750 0.656250 0.034375 0.195833
1 0.027344 0.172917 0.054688 0.187500
2 0.752344 0.733333 0.079687 0.100000
1 0.073438 0.519792 0.143750 0.202083
1 0.206250 0.050000 0.168750 0.100000
1 0.196094 0.941667 0.179688 0.112500
1 0.105469 0.339583 0.185938 0.237500
1 0.375000 0.925000 0.165625 0.150000
1 0.315625 0.760417 0.162500 0.195833
1 0.940625 0.181250 0.118750 0.254167
1 0.121875 0.777083 0.171875 0.245833
1 0.871875 0.631250 0.190625 0.225000
1 0.810938 0.919792 0.159375 0.160417
1 0.837500 0.423958 0.190625 0.206250
1 0.810938 0.191667 0.153125 0.225000
1 0.642969 0.103125 0.179688 0.206250
1 0.660937 0.523958 0.146875 0.218750
0 0.475000 0.572917 0.325000 0.487500
1 0.573438 0.871875 0.187500 0.256250
1 0.645312 0.317708 0.193750 0.193750
1 0.431250 0.275000 0.165625 0.191667
1 0.018750 0.656250 0.034375 0.195833
1 0.027344 0.172917 0.054688 0.187500
2 0.752344 0.733333 0.079687 0.100000
1 0.073438 0.519792 0.143750 0.202083
1 0.206250 0.050000 0.168750 0.100000
1 0.196094 0.941667 0.179688 0.112500
1 0.105469 0.339583 0.185938 0.237500
1 0.375000 0.925000 0.165625 0.150000
1 0.315625 0.760417 0.162500 0.195833
1 0.940625 0.181250 0.118750 0.254167
1 0.121875 0.777083 0.171875 0.245833
1 0.871875 0.631250 0.190625 0.225000
1 0.810938 0.919792 0.159375 0.160417
1 0.837500 0.423958 0.190625 0.206250
1 0.810938 0.191667 0.153125 0.225000
1 0.642969 0.103125 0.179688 0.206250
1 0.660937 0.523958 0.146875 0.218750
0 0.475000 0.572917 0.325000 0.487500
1 0.573438 0.871875 0.187500 0.256250
1 0.645312 0.317708 0.193750 0.193750
1 0.431250 0.275000 0.165625 0.191667
1 0.018750 0.656250 0.034375 0.195833
1 0.027344 0.172917 0.054688 0.187500
2 0.752344 0.733333 0.079687 0.100000
1 0.073438 0.519792 0.143750 0.202083
1 0.206250 0.050000 0.168750 0.100000
1 0.196094 0.941667 0.179688 0.112500
1 0.105469 0.339583 0.185938 0.237500
1 0.375000 0.925000 0.165625 0.150000
1 0.315625 0.760417 0.162500 0.195833
1 0.940625 0.181250 0.118750 0.254167
1 0.121875 0.777083 0.171875 0.245833
1 0.871875 0.631250 0.190625 0.225000
1 0.810938 0.919792 0.159375 0.160417
1 0.837500 0.423958 0.190625 0.206250
1 0.810938 0.191667 0.153125 0.225000
1 0.642969 0.103125 0.179688 0.206250
1 0.660937 0.523958 0.146875 0.218750
0 0.475000 0.572917 0.325000 0.487500
1 0.573438 0.871875 0.187500 0.256250
1 0.645312 0.317708 0.193750 0.193750
1 0.431250 0.275000 0.165625 0.191667
1 0.018750 0.656250 0.034375 0.195833
1 0.027344 0.172917 0.054688 0.187500
2 0.752344 0.733333 0.079687 0.100000
1 0.073438 0.519792 0.143750 0.202083
1 0.206250 0.050000 0.168750 0.100000
1 0.196094 0.941667 0.179688 0.112500
1 0.105469 0.339583 0.185938 0.237500
1 0.375000 0.925000 0.165625 0.150000
1 0.315625 0.760417 0.162500 0.195833
1 0.940625 0.181250 0.118750 0.254167
1 0.121875 0.777083 0.171875 0.245833
1 0.871875 0.631250 0.190625 0.225000
1 0.810938 0.919792 0.159375 0.160417
1 0.837500 0.423958 0.190625 0.206250
1 0.810938 0.191667 0.153125 0.225000
1 0.642969 0.103125 0.179688 0.206250
1 0.660937 0.523958 0.146875 0.218750
0 0.475000 0.572917 0.325000 0.487500
1 0.573438 0.871875 0.187500 0.256250
1 0.645312 0.317708 0.193750 0.193750
1 0.431250 0.275000 0.165625 0.191667
1 0.018750 0.656250 0.034375 0.195833
1 0.027344 0.172917 0.054688 0.187500
2 0.752344 0.733333 0.079687 0.100000
1 0.073438 0.519792 0.143750 0.202083
1 0.206250 0.050000 0.168750 0.100000
1 0.196094 0.941667 0.179688 0.112500
1 0.105469 0.339583 0.185938 0.237500
1 0.375000 0.925000 0.165625 0.150000
1 0.315625 0.760417 0.162500 0.195833
1 0.940625 0.181250 0.118750 0.254167
1 0.121875 0.777083 0.171875 0.245833
1 0.871875 0.631250 0.190625 0.225000
1 0.810938 0.919792 0.159375 0.160417
1 0.837500 0.423958 0.190625 0.206250
1 0.810938 0.191667 0.153125 0.225000
1 0.642969 0.103125 0.179688 0.206250
1 0.660937 0.523958 0.146875 0.218750
0 0.475000 0.572917 0.325000 0.487500
1 0.573438 0.871875 0.187500 0.256250
1 0.645312 0.317708 0.193750 0.193750
1 0.431250 0.275000 0.165625 0.191667
1 0.018750 0.656250 0.034375 0.195833
1 0.027344 0.172917 0.054688 0.187500
2 0.752344 0.733333 0.079687 0.100000
1 0.073438 0.519792 0.143750 0.202083
1 0.206250 0.050000 0.168750 0.100000
1 0.196094 0.941667 0.179688 0.112500
1 0.105469 0.339583 0.185938 0.237500
1 0.375000 0.925000 0.165625 0.150000
1 0.315625 0.760417 0.162500 0.195833
1 0.940625 0.181250 0.118750 0.254167
1 0.121875 0.777083 0.171875 0.245833
1 0.871875 0.631250 0.190625 0.225000
1 0.810938 0.919792 0.159375 0.160417
1 0.837500 0.423958 0.190625 0.206250
1 0.810938 0.191667 0.153125 0.225000
1 0.642969 0.103125 0.179688 0.206250
1 0.660937 0.523958 0.146875 0.218750
0 0.475000 0.572917 0.325000 0.487500
1 0.573438 0.871875 0.187500 0.256250
1 0.645312 0.317708 0.193750 0.193750
1 0.431250 0.275000 0.165625 0.191667
1 0.018750 0.656250 0.034375 0.195833
1 0.027344 0.172917 0.054688 0.187500
2 0.752344 0.733333 0.079687 0.100000
1 0.073438 0.519792 0.143750 0.202083
1 0.206250 0.050000 0.168750 0.100000
1 0.196094 0.941667 0.179688 0.112500
1 0.105469 0.339583 0.185938 0.237500
1 0.375000 0.925000 0.165625 0.150000
1 0.315625 0.760417 0.162500 0.195833
1 0.940625 0.181250 0.118750 0.254167
1 0.121875 0.777083 0.171875 0.245833
1 0.871875 0.631250 0.190625 0.225000
1 0.810938 0.919792 0.159375 0.160417
1 0.837500 0.423958 0.190625 0.206250
1 0.810938 0.191667 0.153125 0.225000
1 0.642969 0.103125 0.179688 0.206250
1 0.660937 0.523958 0.146875 0.218750
0 0.475000 0.572917 0.325000 0.487500
1 0.573438 0.871875 0.187500 0.256250
1 0.645312 0.317708 0.193750 0.193750
1 0.431250 0.275000 0.165625 0.191667
1 0.018750 0.656250 0.034375 0.195833
1 0.027344 0.172917 0.054688 0.187500
2 0.752344 0.733333 0.079687 0.100000
1 0.073438 0.519792 0.143750 0.202083
1 0.206250 0.050000 0.168750 0.100000
1 0.196094 0.941667 0.179688 0.112500
1 0.105469 0.339583 0.185938 0.237500
1 0.375000 0.925000 0.165625 0.150000
1 0.315625 0.760417 0.162500 0.195833
1 0.940625 0.181250 0.118750 0.254167
1 0.121875 0.777083 0.171875 0.245833
1 0.871875 0.631250 0.190625 0.225000
1 0.810938 0.919792 0.159375 0.160417
1 0.837500 0.423958 0.190625 0.206250
1 0.810938 0.191667 0.153125 0.225000
1 0.642969 0.103125 0.179688 0.206250
1 0.660937 0.523958 0.146875 0.218750
0 0.475000 0.572917 0.325000 0.487500
1 0.573438 0.871875 0.187500 0.256250
1 0.645312 0.317708 0.193750 0.193750
1 0.431250 0.275000 0.165625 0.191667
1 0.018750 0.656250 0.034375 0.195833
1 0.027344 0.172917 0.054688 0.187500
2 0.752344 0.733333 0.079687 0.100000
1 0.073438 0.519792 0.143750 0.202083
1 0.206250 0.050000 0.168750 0.100000
1 0.196094 0.941667 0.179688 0.112500
1 0.105469 0.339583 0.185938 0.237500
1 0.375000 0.925000 0.165625 0.150000
1 0.315625 0.760417 0.162500 0.195833
1 0.940625 0.181250 0.118750 0.254167
1 0.121875 0.777083 0.171875 0.245833
1 0.871875 0.631250 0.190625 0.225000
1 0.810938 0.919792 0.159375 0.160417
1 0.837500 0.423958 0.190625 0.206250
1 0.810938 0.191667 0.153125 0.225000
1 0.642969 0.103125 0.179688 0.206250
1 0.660937 0.523958 0.146875 0.218750
0 0.475000 0.572917 0.325000 0.487500
1 0.573438 0.871875 0.187500 0.256250
1 0.645312 0.317708 0.193750 0.193750
1 0.431250 0.275000 0.165625 0.191667
1 0.018750 0.656250 0.034375 0.195833
1 0.027344 0.172917 0.054688 0.187500
2 0.752344 0.733333 0.079687 0.100000
1 0.073438 0.519792 0.143750 0.202083
1 0.206250 0.050000 0.168750 0.100000
1 0.196094 0.941667 0.179688 0.112500
1 0.105469 0.339583 0.185938 0.237500
1 0.375000 0.925000 0.165625 0.150000
1 0.315625 0.760417 0.162500 0.195833
1 0.940625 0.181250 0.118750 0.254167
1 0.121875 0.777083 0.171875 0.245833
1 0.871875 0.631250 0.190625 0.225000
1 0.810938 0.919792 0.159375 0.160417
1 0.837500 0.423958 0.190625 0.206250
1 0.810938 0.191667 0.153125 0.225000
1 0.642969 0.103125 0.179688 0.206250
1 0.660937 0.523958 0.146875 0.218750
0 0.475000 0.572917 0.325000 0.487500
1 0.573438 0.871875 0.187500 0.256250
1 0.645312 0.317708 0.193750 0.193750
1 0.431250 0.275000 0.165625 0.191667
1 0.018750 0.656250 0.034375 0.195833
1 0.027344 0.172917 0.054688 0.187500
2 0.752344 0.733333 0.079687 0.100000
1 0.073438 0.519792 0.143750 0.202083
1 0.206250 0.050000 0.168750 0.100000
1 0.196094 0.941667 0.179688 0.112500
1 0.105469 0.339583 0.185938 0.237500
1 0.375000 0.925000 0.165625 0.150000
1 0.315625 0.760417 0.162500 0.195833
1 0.940625 0.181250 0.118750 0.254167
1 0.121875 0.777083 0.171875 0.245833
1 0.871875 0.631250 0.190625 0.225000
1 0.810938 0.919792 0.159375 0.160417
1 0.837500 0.423958 0.190625 0.206250
1 0.810938 0.191667 0.153125 0.225000
1 0.642969 0.103125 0.179688 0.206250
1 0.660937 0.523958 0.146875 0.218750
0 0.475000 0.572917 0.325000 0.487500
1 0.573438 0.871875 0.187500 0.256250
1 0.645312 0.317708 0.193750 0.193750
1 0.431250 0.275000 0.165625 0.191667
1 0.018750 0.656250 0.034375 0.195833
1 0.027344 0.172917 0.054688 0.187500
2 0.752344 0.733333 0.079687 0.100000
1 0.073438 0.519792 0.143750 0.202083
1 0.206250 0.050000 0.168750 0.100000
1 0.196094 0.941667 0.179688 0.112500
1 0.105469 0.339583 0.185938 0.237500
1 0.375000 0.925000 0.165625 0.150000
1 0.315625 0.760417 0.162500 0.195833
1 0.940625 0.181250 0.118750 0.254167
1 0.121875 0.777083 0.171875 0.245833
1 0.871875 0.631250 0.190625 0.225000
1 0.810938 0.919792 0.159375 0.160417
1 0.837500 0.423958 0.190625 0.206250
1 0.810938 0.191667 0.153125 0.225000
1 0.642969 0.103125 0.179688 0.206250
1 0.660937 0.523958 0.146875 0.218750
0 0.475000 0.572917 0.325000 0.487500
1 0.573438 0.871875 0.187500 0.256250
1 0.645312 0.317708 0.193750 0.193750
1 0.431250 0.275000 0.165625 0.191667
1 0.018750 0.656250 0.034375 0.195833
1 0.027344 0.172917 0.054688 0.187500
2 0.752344 0.733333 0.079687 0.100000
1 0.073438 0.519792 0.143750 0.202083
1 0.206250 0.050000 0.168750 0.100000
1 0.196094 0.941667 0.179688 0.112500
1 0.105469 0.339583 0.185938 0.237500
1 0.375000 0.925000 0.165625 0.150000
1 0.315625 0.760417 0.162500 0.195833
1 0.940625 0.181250 0.118750 0.254167
1 0.121875 0.777083 0.171875 0.245833
1 0.871875 0.631250 0.190625 0.225000
1 0.810938 0.919792 0.159375 0.160417
1 0.837500 0.423958 0.190625 0.206250
1 0.810938 0.191667 0.153125 0.225000
1 0.642969 0.103125 0.179688 0.206250
1 0.660937 0.523958 0.146875 0.218750
0 0.475000 0.572917 0.325000 0.487500
1 0.573438 0.871875 0.187500 0.256250
1 0.645312 0.317708 0.193750 0.193750
1 0.431250 0.275000 0.165625 0.191667
1 0.018750 0.656250 0.034375 0.195833
1 0.027344 0.172917 0.054688 0.187500
2 0.752344 0.733333 0.079687 0.100000
1 0.073438 0.519792 0.143750 0.202083
1 0.206250 0.050000 0.168750 0.100000
1 0.196094 0.941667 0.179688 0.112500
1 0.105469 0.339583 0.185938 0.237500
1 0.375000 0.925000 0.165625 0.150000
1 0.315625 0.760417 0.162500 0.195833
1 0.940625 0.181250 0.118750 0.254167
1 0.121875 0.777083 0.171875 0.245833
1 0.871875 0.631250 0.190625 0.225000
1 0.810938 0.919792 0.159375 0.160417
1 0.837500 0.423958 0.190625 0.206250
1 0.810938 0.191667 0.153125 0.225000
1 0.642969 0.103125 0.179688 0.206250
1 0.660937 0.523958 0.146875 0.218750
0 0.475000 0.572917 0.325000 0.487500
1 0.573438 0.871875 0.187500 0.256250
1 0.645312 0.317708 0.193750 0.193750
1 0.431250 0.275000 0.165625 0.191667
1 0.018750 0.656250 0.034375 0.195833
1 0.027344 0.172917 0.054688 0.187500
2 0.752344 0.733333 0.079687 0.100000
1 0.073438 0.519792 0.143750 0.202083
1 0.206250 0.050000 0.168750 0.100000
1 0.196094 0.941667 0.179688 0.112500
1 0.105469 0.339583 0.185938 0.237500
1 0.375000 0.925000 0.165625 0.150000
1 0.315625 0.760417 0.162500 0.195833
1 0.940625 0.181250 0.118750 0.254167
1 0.121875 0.777083 0.171875 0.245833
1 0.871875 0.631250 0.190625 0.225000
1 0.810938 0.919792 0.159375 0.160417
1 0.837500 0.423958 0.190625 0.206250
1 0.810938 0.191667 0.153125 0.225000
1 0.642969 0.103125 0.179688 0.206250
1 0.660937 0.523958 0.146875 0.218750
0 0.475000 0.572917 0.325000 0.487500
1 0.573438 0.871875 0.187500 0.256250
1 0.645312 0.317708 0.193750 0.193750
1 0.431250 0.275000 0.165625 0.191667
1 0.018750 0.656250 0.034375 0.195833
1 0.027344 0.172917 0.054688 0.187500
2 0.752344 0.733333 0.079687 0.100000
1 0.073438 0.519792 0.143750 0.202083
1 0.206250 0.050000 0.168750 0.100000
1 0.196094 0.941667 0.179688 0.112500
1 0.105469 0.339583 0.185938 0.237500
1 0.375000 0.925000 0.165625 0.150000
1 0.315625 0.760417 0.162500 0.195833
1 0.940625 0.181250 0.118750 0.254167
1 0.121875 0.777083 0.171875 0.245833
1 0.871875 0.631250 0.190625 0.225000
1 0.810938 0.919792 0.159375 0.160417
1 0.837500 0.423958 0.190625 0.206250
1 0.810938 0.191667 0.153125 0.225000
1 0.642969 0.103125 0.179688 0.206250
1 0.660937 0.523958 0.146875 0.218750
0 0.475000 0.572917 0.325000 0.487500
1 0.573438 0.871875 0.187500 0.256250
1 0.645312 0.317708 0.193750 0.193750
1 0.431250 0.275000 0.165625 0.191667
1 0.018750 0.656250 0.034375 0.195833
1 0.027344 0.172917 0.054688 0.187500
2 0.752344 0.733333 0.079687 0.100000
1 0.073438 0.519792 0.143750 0.202083
1 0.206250 0.050000 0.168750 0.100000
1 0.196094 0.941667 0.179688 0.112500
1 0.105469 0.339583 0.185938 0.237500
1 0.375000 0.925000 0.165625 0.150000
1 0.315625 0.760417 0.162500 0.195833
1 0.940625 0.181250 0.118750 0.254167
1 0.121875 0.777083 0.171875 0.245833
1 0.871875 0.631250 0.190625 0.225000
1 0.810938 0.919792 0.159375 0.160417
1 0.837500 0.423958 0.190625 0.206250
1 0.810938 0.191667 0.153125 0.225000
1 0.642969 0.103125 0.179688 0.206250
1 0.660937 0.523958 0.146875 0.218750
0 0.475000 0.572917 0.325000 0.487500
1 0.573438 0.871875 0.187500 0.256250
1 0.645312 0.317708 0.193750 0.193750
1 0.431250 0.275000 0.165625 0.191667
1 0.018750 0.656250 0.034375 0.195833
1 0.027344 0.172917 0.054688 0.187500
2 0.752344 0.733333 0.079687 0.100000
1 0.073438 0.519792 0.143750 0.202083
1 0.206250 0.050000 0.168750 0.100000
1 0.196094 0.941667 0.179688 0.112500
1 0.105469 0.339583 0.185938 0.237500
1 0.375000 0.925000 0.165625 0.150000
1 0.315625 0.760417 0.162500 0.195833
1 0.940625 0.181250 0.118750 0.254167
1 0.121875 0.777083 0.171875 0.245833
1 0.871875 0.631250 0.190625 0.225000
1 0.810938 0.919792 0.159375 0.160417
1 0.837500 0.423958 0.190625 0.206250
1 0.810938 0.191667 0.153125 0.225000
1 0.642969 0.103125 0.179688 0.206250
1 0.660937 0.523958 0.146875 0.218750
0 0.475000 0.572917 0.325000 0.487500
1 0.573438 0.871875 0.187500 0.256250
1 0.645312 0.317708 0.193750 0.193750
1 0.431250 0.275000 0.165625 0.191667
1 0.018750 0.656250 0.034375 0.195833
1 0.027344 0.172917 0.054688 0.187500
2 0.752344 0.733333 0.079687 0.100000
1 0.073438 0.519792 0.143750 0.202083
1 0.206250 0.050000 0.168750 0.100000
1 0.196094 0.941667 0.179688 0.112500
1 0.105469 0.339583 0.185938 0.237500
1 0.375000 0.925000 0.165625 0.150000
1 0.315625 0.760417 0.162500 0.195833
1 0.940625 0.181250 0.118750 0.254167
1 0.121875 0.777083 0.171875 0.245833
1 0.871875 0.631250 0.190625 0.225000
1 0.810938 0.919792 0.159375 0.160417
1 0.837500 0.423958 0.190625 0.206250
1 0.810938 0.191667 0.153125 0.225000
1 0.642969 0.103125 0.179688 0.206250
1 0.660937 0.523958 0.146875 0.218750
0 0.475000 0.572917 0.325000 0.487500
1 0.573438 0.871875 0.187500 0.256250
1 0.645312 0.317708 0.193750 0.193750
1 0.431250 0.275000 0.165625 0.191667
1 0.018750 0.656250 0.034375 0.195833
1 0.027344 0.172917 0.054688 0.187500
2 0.752344 0.733333 0.079687 0.100000
1 0.073438 0.519792 0.143750 0.202083
1 0.206250 0.050000 0.168750 0.100000
1 0.196094 0.941667 0.179688 0.112500
1 0.105469 0.339583 0.185938 0.237500
1 0.375000 0.925000 0.165625 0.150000
1 0.315625 0.760417 0.162500 0.195833
1 0.940625 0.181250 0.118750 0.254167
1 0.121875 0.777083 0.171875 0.245833
1 0.871875 0.631250 0.190625 0.225000
1 0.810938 0.919792 0.159375 0.160417
1 0.837500 0.423958 0.190625 0.206250
1 0.810938 0.191667 0.153125 0.225000
1 0.642969 0.103125 0.179688 0.206250
1 0.660937 0.523958 0.146875 0.218750
0 0.475000 0.572917 0.325000 0.487500
1 0.573438 0.871875 0.187500 0.256250
1 0.645312 0.317708 0.193750 0.193750
1 0.431250 0.275000 0.165625 0.191667
1 0.018750 0.656250 0.034375 0.195833
1 0.027344 0.172917 0.054688 0.187500
2 0.752344 0.733333 0.079687 0.100000
1 0.073438 0.519792 0.143750 0.202083
1 0.206250 0.050000 0.168750 0.100000
1 0.196094 0.941667 0.179688 0.112500
1 0.105469 0.339583 0.185938 0.237500
1 0.375000 0.925000 0.165625 0.150000
1 0.315625 0.760417 0.162500 0.195833
1 0.940625 0.181250 0.118750 0.254167
1 0.121875 0.777083 0.171875 0.245833
1 0.871875 0.631250 0.190625 0.225000
1 0.810938 0.919792 0.159375 0.160417
1 0.837500 0.423958 0.190625 0.206250
1 0.810938 0.191667 0.153125 0.225000
1 0.642969 0.103125 0.179688 0.206250
1 0.660937 0.523958 0.146875 0.218750
0 0.475000 0.572917 0.325000 0.487500
1 0.573438 0.871875 0.187500 0.256250
1 0.645312 0.317708 0.193750 0.193750
1 0.431250 0.275000 0.165625 0.191667
