1 0.245312 0.973958 0.178125 0.043750
1 0.433594 0.676042 0.139063 0.231250
0 0.409375 0.141667 0.325000 0.279167
1 0.883594 0.065625 0.207813 0.131250
1 0.955469 0.729167 0.089063 0.208333
1 0.678906 0.935417 0.185938 0.125000
1 0.215625 0.826042 0.196875 0.235417
1 0.042969 0.900000 0.085938 0.200000
1 0.323438 0.310417 0.165625 0.212500
1 0.613281 0.631250 0.189063 0.208333
1 0.735938 0.772917 0.159375 0.191667
1 0.286719 0.516667 0.167187 0.200000
1 0.519531 0.885417 0.151562 0.204167
1 0.085156 0.087500 0.167187 0.175000
1 0.914844 0.316667 0.164062 0.195833
1 0.089063 0.597917 0.178125 0.241667
1 0.918750 0.543750 0.156250 0.212500
1 0.482031 0.418750 0.154688 0.258333
1 0.132031 0.338542 0.185938 0.252083
1 0.245312 0.973958 0.178125 0.043750
1 0.433594 0.676042 0.139063 0.231250
0 0.409375 0.141667 0.325000 0.279167
1 0.883594 0.065625 0.207813 0.131250
1 0.955469 0.729167 0.089063 0.208333
1 0.678906 0.935417 0.185938 0.125000
1 0.215625 0.826042 0.196875 0.235417
1 0.042969 0.900000 0.085938 0.200000
1 0.323438 0.310417 0.165625 0.212500
1 0.613281 0.631250 0.189063 0.208333
1 0.735938 0.772917 0.159375 0.191667
1 0.286719 0.516667 0.167187 0.200000
1 0.519531 0.885417 0.151562 0.204167
1 0.085156 0.087500 0.167187 0.175000
1 0.914844 0.316667 0.164062 0.195833
1 0.089063 0.597917 0.178125 0.241667
1 0.918750 0.543750 0.156250 0.212500
1 0.482031 0.418750 0.154688 0.258333
1 0.132031 0.338542 0.185938 0.252083
1 0.245312 0.973958 0.178125 0.043750
1 0.433594 0.676042 0.139063 0.231250
0 0.409375 0.141667 0.325000 0.279167
1 0.883594 0.065625 0.207813 0.131250
1 0.955469 0.729167 0.089063 0.208333
1 0.678906 0.935417 0.185938 0.125000
1 0.215625 0.826042 0.196875 0.235417
1 0.042969 0.900000 0.085938 0.200000
1 0.323438 0.310417 0.165625 0.212500
1 0.613281 0.631250 0.189063 0.208333
1 0.735938 0.772917 0.159375 0.191667
1 0.286719 0.516667 0.167187 0.200000
1 0.519531 0.885417 0.151562 0.204167
1 0.085156 0.087500 0.167187 0.175000
1 0.914844 0.316667 0.164062 0.195833
1 0.089063 0.597917 0.178125 0.241667
1 0.918750 0.543750 0.156250 0.212500
1 0.482031 0.418750 0.154688 0.258333
1 0.132031 0.338542 0.185938 0.252083
1 0.245312 0.973958 0.178125 0.043750
1 0.433594 0.676042 0.139063 0.231250
0 0.409375 0.141667 0.325000 0.279167
1 0.883594 0.065625 0.207813 0.131250
1 0.955469 0.729167 0.089063 0.208333
1 0.678906 0.935417 0.185938 0.125000
1 0.215625 0.826042 0.196875 0.235417
1 0.042969 0.900000 0.085938 0.200000
1 0.323438 0.310417 0.165625 0.212500
1 0.613281 0.631250 0.189063 0.208333
1 0.735938 0.772917 0.159375 0.191667
1 0.286719 0.516667 0.167187 0.200000
1 0.519531 0.885417 0.151562 0.204167
1 0.085156 0.087500 0.167187 0.175000
1 0.914844 0.316667 0.164062 0.195833
1 0.089063 0.597917 0.178125 0.241667
1 0.918750 0.543750 0.156250 0.212500
1 0.482031 0.418750 0.154688 0.258333
1 0.132031 0.338542 0.185938 0.252083
1 0.245312 0.973958 0.178125 0.043750
1 0.433594 0.676042 0.139063 0.231250
0 0.409375 0.141667 0.325000 0.279167
1 0.883594 0.065625 0.207813 0.131250
1 0.955469 0.729167 0.089063 0.208333
1 0.678906 0.935417 0.185938 0.125000
1 0.215625 0.826042 0.196875 0.235417
1 0.042969 0.900000 0.085938 0.200000
1 0.323438 0.310417 0.165625 0.212500
1 0.613281 0.631250 0.189063 0.208333
1 0.735938 0.772917 0.159375 0.191667
1 0.286719 0.516667 0.167187 0.200000
1 0.519531 0.885417 0.151562 0.204167
1 0.085156 0.087500 0.167187 0.175000
1 0.914844 0.316667 0.164062 0.195833
1 0.089063 0.597917 0.178125 0.241667
1 0.918750 0.543750 0.156250 0.212500
1 0.482031 0.418750 0.154688 0.258333
1 0.132031 0.338542 0.185938 0.252083
1 0.245312 0.973958 0.178125 0.043750
1 0.433594 0.676042 0.139063 0.231250
0 0.409375 0.141667 0.325000 0.279167
1 0.883594 0.065625 0.207813 0.131250
1 0.955469 0.729167 0.089063 0.208333
1 0.678906 0.935417 0.185938 0.125000
1 0.215625 0.826042 0.196875 0.235417
1 0.042969 0.900000 0.085938 0.200000
1 0.323438 0.310417 0.165625 0.212500
1 0.613281 0.631250 0.189063 0.208333
1 0.735938 0.772917 0.159375 0.191667
1 0.286719 0.516667 0.167187 0.200000
1 0.519531 0.885417 0.151562 0.204167
1 0.085156 0.087500 0.167187 0.175000
1 0.914844 0.316667 0.164062 0.195833
1 0.089063 0.597917 0.178125 0.241667
1 0.918750 0.543750 0.156250 0.212500
1 0.482031 0.418750 0.154688 0.258333
1 0.132031 0.338542 0.185938 0.252083
1 0.245312 0.973958 0.178125 0.043750
1 0.433594 0.676042 0.139063 0.231250
0 0.409375 0.141667 0.325000 0.279167
1 0.883594 0.065625 0.207813 0.131250
1 0.955469 0.729167 0.089063 0.208333
1 0.678906 0.935417 0.185938 0.125000
1 0.215625 0.826042 0.196875 0.235417
1 0.042969 0.900000 0.085938 0.200000
1 0.323438 0.310417 0.165625 0.212500
1 0.613281 0.631250 0.189063 0.208333
1 0.735938 0.772917 0.159375 0.191667
1 0.286719 0.516667 0.167187 0.200000
1 0.519531 0.885417 0.151562 0.204167
1 0.085156 0.087500 0.167187 0.175000
1 0.914844 0.316667 0.164062 0.195833
1 0.089063 0.597917 0.178125 0.241667
1 0.918750 0.543750 0.156250 0.212500
1 0.482031 0.418750 0.154688 0.258333
1 0.132031 0.338542 0.185938 0.252083
1 0.245312 0.973958 0.178125 0.043750
1 0.433594 0.676042 0.139063 0.231250
0 0.409375 0.141667 0.325000 0.279167
1 0.883594 0.065625 0.207813 0.131250
1 0.955469 0.729167 0.089063 0.208333
1 0.678906 0.935417 0.185938 0.125000
1 0.215625 0.826042 0.196875 0.235417
1 0.042969 0.900000 0.085938 0.200000
1 0.323438 0.310417 0.165625 0.212500
1 0.613281 0.631250 0.189063 0.208333
1 0.735938 0.772917 0.159375 0.191667
1 0.286719 0.516667 0.167187 0.200000
1 0.519531 0.885417 0.151562 0.204167
1 0.085156 0.087500 0.167187 0.175000
1 0.914844 0.316667 0.164062 0.195833
1 0.089063 0.597917 0.178125 0.241667
1 0.918750 0.543750 0.156250 0.212500
1 0.482031 0.418750 0.154688 0.258333
1 0.132031 0.338542 0.185938 0.252083
1 0.245312 0.973958 0.178125 0.043750
1 0.433594 0.676042 0.139063 0.231250
0 0.409375 0.141667 0.325000 0.279167
1 0.883594 0.065625 0.207813 0.131250
1 0.955469 0.729167 0.089063 0.208333
1 0.678906 0.935417 0.185938 0.125000
1 0.215625 0.826042 0.196875 0.235417
1 0.042969 0.900000 0.085938 0.200000
1 0.323438 0.310417 0.165625 0.212500
1 0.613281 0.631250 0.189063 0.208333
1 0.735938 0.772917 0.159375 0.191667
1 0.286719 0.516667 0.167187 0.200000
1 0.519531 0.885417 0.151562 0.204167
1 0.085156 0.087500 0.167187 0.175000
1 0.914844 0.316667 0.164062 0.195833
1 0.089063 0.597917 0.178125 0.241667
1 0.918750 0.543750 0.156250 0.212500
1 0.482031 0.418750 0.154688 0.258333
1 0.132031 0.338542 0.185938 0.252083
1 0.245312 0.973958 0.178125 0.043750
1 0.433594 0.676042 0.139063 0.231250
0 0.409375 0.141667 0.325000 0.279167
1 0.883594 0.065625 0.207813 0.131250
1 0.955469 0.729167 0.089063 0.208333
1 0.678906 0.935417 0.185938 0.125000
1 0.215625 0.826042 0.196875 0.235417
1 0.042969 0.900000 0.085938 0.200000
1 0.323438 0.310417 0.165625 0.212500
1 0.613281 0.631250 0.189063 0.208333
1 0.735938 0.772917 0.159375 0.191667
1 0.286719 0.516667 0.167187 0.200000
1 0.519531 0.885417 0.151562 0.204167
1 0.085156 0.087500 0.167187 0.175000
1 0.914844 0.316667 0.164062 0.195833
1 0.089063 0.597917 0.178125 0.241667
1 0.918750 0.543750 0.156250 0.212500
1 0.482031 0.418750 0.154688 0.258333
1 0.132031 0.338542 0.185938 0.252083
1 0.245312 0.973958 0.178125 0.043750
1 0.433594 0.676042 0.139063 0.231250
0 0.409375 0.141667 0.325000 0.279167
1 0.883594 0.065625 0.207813 0.131250
1 0.955469 0.729167 0.089063 0.208333
1 0.678906 0.935417 0.185938 0.125000
1 0.215625 0.826042 0.196875 0.235417
1 0.042969 0.900000 0.085938 0.200000
1 0.323438 0.310417 0.165625 0.212500
1 0.613281 0.631250 0.189063 0.208333
1 0.735938 0.772917 0.159375 0.191667
1 0.286719 0.516667 0.167187 0.200000
1 0.519531 0.885417 0.151562 0.204167
1 0.085156 0.087500 0.167187 0.175000
1 0.914844 0.316667 0.164062 0.195833
1 0.089063 0.597917 0.178125 0.241667
1 0.918750 0.543750 0.156250 0.212500
1 0.482031 0.418750 0.154688 0.258333
1 0.132031 0.338542 0.185938 0.252083
1 0.245312 0.973958 0.178125 0.043750
1 0.433594 0.676042 0.139063 0.231250
0 0.409375 0.141667 0.325000 0.279167
1 0.883594 0.065625 0.207813 0.131250
1 0.955469 0.729167 0.089063 0.208333
1 0.678906 0.935417 0.185938 0.125000
1 0.215625 0.826042 0.196875 0.235417
1 0.042969 0.900000 0.085938 0.200000
1 0.323438 0.310417 0.165625 0.212500
1 0.613281 0.631250 0.189063 0.208333
1 0.735938 0.772917 0.159375 0.191667
1 0.286719 0.516667 0.167187 0.200000
1 0.519531 0.885417 0.151562 0.204167
1 0.085156 0.087500 0.167187 0.175000
1 0.914844 0.316667 0.164062 0.195833
1 0.089063 0.597917 0.178125 0.241667
1 0.918750 0.543750 0.156250 0.212500
1 0.482031 0.418750 0.154688 0.258333
1 0.132031 0.338542 0.185938 0.252083
1 0.245312 0.973958 0.178125 0.043750
1 0.433594 0.676042 0.139063 0.231250
0 0.409375 0.141667 0.325000 0.279167
1 0.883594 0.065625 0.207813 0.131250
1 0.955469 0.729167 0.089063 0.208333
1 0.678906 0.935417 0.185938 0.125000
1 0.215625 0.826042 0.196875 0.235417
1 0.042969 0.900000 0.085938 0.200000
1 0.323438 0.310417 0.165625 0.212500
1 0.613281 0.631250 0.189063 0.208333
1 0.735938 0.772917 0.159375 0.191667
1 0.286719 0.516667 0.167187 0.200000
1 0.519531 0.885417 0.151562 0.204167
1 0.085156 0.087500 0.167187 0.175000
1 0.914844 0.316667 0.164062 0.195833
1 0.089063 0.597917 0.178125 0.241667
1 0.918750 0.543750 0.156250 0.212500
1 0.482031 0.418750 0.154688 0.258333
1 0.132031 0.338542 0.185938 0.252083
1 0.245312 0.973958 0.178125 0.043750
1 0.433594 0.676042 0.139063 0.231250
0 0.409375 0.141667 0.325000 0.279167
1 0.883594 0.065625 0.207813 0.131250
1 0.955469 0.729167 0.089063 0.208333
1 0.678906 0.935417 0.185938 0.125000
1 0.215625 0.826042 0.196875 0.235417
1 0.042969 0.900000 0.085938 0.200000
1 0.323438 0.310417 0.165625 0.212500
1 0.613281 0.631250 0.189063 0.208333
1 0.735938 0.772917 0.159375 0.191667
1 0.286719 0.516667 0.167187 0.200000
1 0.519531 0.885417 0.151562 0.204167
1 0.085156 0.087500 0.167187 0.175000
1 0.914844 0.316667 0.164062 0.195833
1 0.089063 0.597917 0.178125 0.241667
1 0.918750 0.543750 0.156250 0.212500
1 0.482031 0.418750 0.154688 0.258333
1 0.132031 0.338542 0.185938 0.252083
1 0.245312 0.973958 0.178125 0.043750
1 0.433594 0.676042 0.139063 0.231250
0 0.409375 0.141667 0.325000 0.279167
1 0.883594 0.065625 0.207813 0.131250
1 0.955469 0.729167 0.089063 0.208333
1 0.678906 0.935417 0.185938 0.125000
1 0.215625 0.826042 0.196875 0.235417
1 0.042969 0.900000 0.085938 0.200000
1 0.323438 0.310417 0.165625 0.212500
1 0.613281 0.631250 0.189063 0.208333
1 0.735938 0.772917 0.159375 0.191667
1 0.286719 0.516667 0.167187 0.200000
1 0.519531 0.885417 0.151562 0.204167
1 0.085156 0.087500 0.167187 0.175000
1 0.914844 0.316667 0.164062 0.195833
1 0.089063 0.597917 0.178125 0.241667
1 0.918750 0.543750 0.156250 0.212500
1 0.482031 0.418750 0.154688 0.258333
1 0.132031 0.338542 0.185938 0.252083
1 0.245312 0.973958 0.178125 0.043750
1 0.433594 0.676042 0.139063 0.231250
0 0.409375 0.141667 0.325000 0.279167
1 0.883594 0.065625 0.207813 0.131250
1 0.955469 0.729167 0.089063 0.208333
1 0.678906 0.935417 0.185938 0.125000
1 0.215625 0.826042 0.196875 0.235417
1 0.042969 0.900000 0.085938 0.200000
1 0.323438 0.310417 0.165625 0.212500
1 0.613281 0.631250 0.189063 0.208333
1 0.735938 0.772917 0.159375 0.191667
1 0.286719 0.516667 0.167187 0.200000
1 0.519531 0.885417 0.151562 0.204167
1 0.085156 0.087500 0.167187 0.175000
1 0.914844 0.316667 0.164062 0.195833
1 0.089063 0.597917 0.178125 0.241667
1 0.918750 0.543750 0.156250 0.212500
1 0.482031 0.418750 0.154688 0.258333
1 0.132031 0.338542 0.185938 0.252083
1 0.245312 0.973958 0.178125 0.043750
1 0.433594 0.676042 0.139063 0.231250
0 0.409375 0.141667 0.325000 0.279167
1 0.883594 0.065625 0.207813 0.131250
1 0.955469 0.729167 0.089063 0.208333
1 0.678906 0.935417 0.185938 0.125000
1 0.215625 0.826042 0.196875 0.235417
1 0.042969 0.900000 0.085938 0.200000
1 0.323438 0.310417 0.165625 0.212500
1 0.613281 0.631250 0.189063 0.208333
1 0.735938 0.772917 0.159375 0.191667
1 0.286719 0.516667 0.167187 0.200000
1 0.519531 0.885417 0.151562 0.204167
1 0.085156 0.087500 0.167187 0.175000
1 0.914844 0.316667 0.164062 0.195833
1 0.089063 0.597917 0.178125 0.241667
1 0.918750 0.543750 0.156250 0.212500
1 0.482031 0.418750 0.154688 0.258333
1 0.132031 0.338542 0.185938 0.252083
1 0.245312 0.973958 0.178125 0.043750
1 0.433594 0.676042 0.139063 0.231250
0 0.409375 0.141667 0.325000 0.279167
1 0.883594 0.065625 0.207813 0.131250
1 0.955469 0.729167 0.089063 0.208333
1 0.678906 0.935417 0.185938 0.125000
1 0.215625 0.826042 0.196875 0.235417
1 0.042969 0.900000 0.085938 0.200000
1 0.323438 0.310417 0.165625 0.212500
1 0.613281 0.631250 0.189063 0.208333
1 0.735938 0.772917 0.159375 0.191667
1 0.286719 0.516667 0.167187 0.200000
1 0.519531 0.885417 0.151562 0.204167
1 0.085156 0.087500 0.167187 0.175000
1 0.914844 0.316667 0.164062 0.195833
1 0.089063 0.597917 0.178125 0.241667
1 0.918750 0.543750 0.156250 0.212500
1 0.482031 0.418750 0.154688 0.258333
1 0.132031 0.338542 0.185938 0.252083
1 0.245312 0.973958 0.178125 0.043750
1 0.433594 0.676042 0.139063 0.231250
0 0.409375 0.141667 0.325000 0.279167
1 0.883594 0.065625 0.207813 0.131250
1 0.955469 0.729167 0.089063 0.208333
1 0.678906 0.935417 0.185938 0.125000
1 0.215625 0.826042 0.196875 0.235417
1 0.042969 0.900000 0.085938 0.200000
1 0.323438 0.310417 0.165625 0.212500
1 0.613281 0.631250 0.189063 0.208333
1 0.735938 0.772917 0.159375 0.191667
1 0.286719 0.516667 0.167187 0.200000
1 0.519531 0.885417 0.151562 0.204167
1 0.085156 0.087500 0.167187 0.175000
1 0.914844 0.316667 0.164062 0.195833
1 0.089063 0.597917 0.178125 0.241667
1 0.918750 0.543750 0.156250 0.212500
1 0.482031 0.418750 0.154688 0.258333
1 0.132031 0.338542 0.185938 0.252083
