1 0.810156 0.945833 0.192188 0.108333
1 0.017969 0.089583 0.035937 0.179167
1 0.053906 0.351042 0.107813 0.206250
1 0.861719 0.726042 0.145313 0.214583
1 0.363281 0.947917 0.173438 0.104167
1 0.925781 0.909375 0.132812 0.172917
2 0.546875 0.962500 0.056250 0.062500
1 0.065625 0.860417 0.131250 0.183333
1 0.155469 0.919792 0.173438 0.160417
1 0.110156 0.201042 0.185938 0.260417
1 0.239844 0.576042 0.170313 0.197917
1 0.817969 0.088542 0.160938 0.177083
1 0.067188 0.648958 0.134375 0.252083
0 0.439063 0.134375 0.209375 0.252083
1 0.403125 0.560417 0.162500 0.212500
1 0.810156 0.945833 0.192188 0.108333
1 0.017969 0.089583 0.035937 0.179167
1 0.053906 0.351042 0.107813 0.206250
1 0.861719 0.726042 0.145313 0.214583
1 0.363281 0.947917 0.173438 0.104167
1 0.925781 0.909375 0.132812 0.172917
2 0.546875 0.962500 0.056250 0.062500
1 0.065625 0.860417 0.131250 0.183333
1 0.155469 0.919792 0.173438 0.160417
1 0.110156 0.201042 0.185938 0.260417
1 0.239844 0.576042 0.170313 0.197917
1 0.817969 0.088542 0.160938 0.177083
1 0.067188 0.648958 0.134375 0.252083
0 0.439063 0.134375 0.209375 0.252083
1 0.403125 0.560417 0.162500 0.212500
1 0.810156 0.945833 0.192188 0.108333
1 0.017969 0.089583 0.035937 0.179167
1 0.053906 0.351042 0.107813 0.206250
1 0.861719 0.726042 0.145313 0.214583
1 0.363281 0.947917 0.173438 0.104167
1 0.925781 0.909375 0.132812 0.172917
2 0.546875 0.962500 0.056250 0.062500
1 0.065625 0.860417 0.131250 0.183333
1 0.155469 0.919792 0.173438 0.160417
1 0.110156 0.201042 0.185938 0.260417
1 0.239844 0.576042 0.170313 0.197917
1 0.817969 0.088542 0.160938 0.177083
1 0.067188 0.648958 0.134375 0.252083
0 0.439063 0.134375 0.209375 0.252083
1 0.403125 0.560417 0.162500 0.212500
1 0.810156 0.945833 0.192188 0.108333
1 0.017969 0.089583 0.035937 0.179167
1 0.053906 0.351042 0.107813 0.206250
1 0.861719 0.726042 0.145313 0.214583
1 0.363281 0.947917 0.173438 0.104167
1 0.925781 0.909375 0.132812 0.172917
2 0.546875 0.962500 0.056250 0.062500
1 0.065625 0.860417 0.131250 0.183333
1 0.155469 0.919792 0.173438 0.160417
1 0.110156 0.201042 0.185938 0.260417
1 0.239844 0.576042 0.170313 0.197917
1 0.817969 0.088542 0.160938 0.177083
1 0.067188 0.648958 0.134375 0.252083
0 0.439063 0.134375 0.209375 0.252083
1 0.403125 0.560417 0.162500 0.212500
1 0.810156 0.945833 0.192188 0.108333
1 0.017969 0.089583 0.035937 0.179167
1 0.053906 0.351042 0.107813 0.206250
1 0.861719 0.726042 0.145313 0.214583
1 0.363281 0.947917 0.173438 0.104167
1 0.925781 0.909375 0.132812 0.172917
2 0.546875 0.962500 0.056250 0.062500
1 0.065625 0.860417 0.131250 0.183333
1 0.155469 0.919792 0.173438 0.160417
1 0.110156 0.201042 0.185938 0.260417
1 0.239844 0.576042 0.170313 0.197917
1 0.817969 0.088542 0.160938 0.177083
1 0.067188 0.648958 0.134375 0.252083
0 0.439063 0.134375 0.209375 0.252083
1 0.403125 0.560417 0.162500 0.212500
1 0.810156 0.945833 0.192188 0.108333
1 0.017969 0.089583 0.035937 0.179167
1 0.053906 0.351042 0.107813 0.206250
1 0.861719 0.726042 0.145313 0.214583
1 0.363281 0.947917 0.173438 0.104167
1 0.925781 0.909375 0.132812 0.172917
2 0.546875 0.962500 0.056250 0.062500
1 0.065625 0.860417 0.131250 0.183333
1 0.155469 0.919792 0.173438 0.160417
1 0.110156 0.201042 0.185938 0.260417
1 0.239844 0.576042 0.170313 0.197917
1 0.817969 0.088542 0.160938 0.177083
1 0.067188 0.648958 0.134375 0.252083
0 0.439063 0.134375 0.209375 0.252083
1 0.403125 0.560417 0.162500 0.212500
1 0.810156 0.945833 0.192188 0.108333
1 0.017969 0.089583 0.035937 0.179167
1 0.053906 0.351042 0.107813 0.206250
1 0.861719 0.726042 0.145313 0.214583
1 0.363281 0.947917 0.173438 0.104167
1 0.925781 0.909375 0.132812 0.172917
2 0.546875 0.962500 0.056250 0.062500
1 0.065625 0.860417 0.131250 0.183333
1 0.155469 0.919792 0.173438 0.160417
1 0.110156 0.201042 0.185938 0.260417
1 0.239844 0.576042 0.170313 0.197917
1 0.817969 0.088542 0.160938 0.177083
1 0.067188 0.648958 0.134375 0.252083
0 0.439063 0.134375 0.209375 0.252083
1 0.403125 0.560417 0.162500 0.212500
1 0.810156 0.945833 0.192188 0.108333
1 0.017969 0.089583 0.035937 0.179167
1 0.053906 0.351042 0.107813 0.206250
1 0.861719 0.726042 0.145313 0.214583
1 0.363281 0.947917 0.173438 0.104167
1 0.925781 0.909375 0.132812 0.172917
2 0.546875 0.962500 0.056250 0.062500
1 0.065625 0.860417 0.131250 0.183333
1 0.155469 0.919792 0.173438 0.160417
1 0.110156 0.201042 0.185938 0.260417
1 0.239844 0.576042 0.170313 0.197917
1 0.817969 0.088542 0.160938 0.177083
1 0.067188 0.648958 0.134375 0.252083
0 0.439063 0.134375 0.209375 0.252083
1 0.403125 0.560417 0.162500 0.212500
1 0.810156 0.945833 0.192188 0.108333
1 0.017969 0.089583 0.035937 0.179167
1 0.053906 0.351042 0.107813 0.206250
1 0.861719 0.726042 0.145313 0.214583
1 0.363281 0.947917 0.173438 0.104167
1 0.925781 0.909375 0.132812 0.172917
2 0.546875 0.962500 0.056250 0.062500
1 0.065625 0.860417 0.131250 0.183333
1 0.155469 0.919792 0.173438 0.160417
1 0.110156 0.201042 0.185938 0.260417
1 0.239844 0.576042 0.170313 0.197917
1 0.817969 0.088542 0.160938 0.177083
1 0.067188 0.648958 0.134375 0.252083
0 0.439063 0.134375 0.209375 0.252083
1 0.403125 0.560417 0.162500 0.212500
1 0.810156 0.945833 0.192188 0.108333
1 0.017969 0.089583 0.035937 0.179167
1 0.053906 0.351042 0.107813 0.206250
1 0.861719 0.726042 0.145313 0.214583
1 0.363281 0.947917 0.173438 0.104167
1 0.925781 0.909375 0.132812 0.172917
2 0.546875 0.962500 0.056250 0.062500
1 0.065625 0.860417 0.131250 0.183333
1 0.155469 0.919792 0.173438 0.160417
1 0.110156 0.201042 0.185938 0.260417
1 0.239844 0.576042 0.170313 0.197917
1 0.817969 0.088542 0.160938 0.177083
1 0.067188 0.648958 0.134375 0.252083
0 0.439063 0.134375 0.209375 0.252083
1 0.403125 0.560417 0.162500 0.212500
1 0.810156 0.945833 0.192188 0.108333
1 0.017969 0.089583 0.035937 0.179167
1 0.053906 0.351042 0.107813 0.206250
1 0.861719 0.726042 0.145313 0.214583
1 0.363281 0.947917 0.173438 0.104167
1 0.925781 0.909375 0.132812 0.172917
2 0.546875 0.962500 0.056250 0.062500
1 0.065625 0.860417 0.131250 0.183333
1 0.155469 0.919792 0.173438 0.160417
1 0.110156 0.201042 0.185938 0.260417
1 0.239844 0.576042 0.170313 0.197917
1 0.817969 0.088542 0.160938 0.177083
1 0.067188 0.648958 0.134375 0.252083
0 0.439063 0.134375 0.209375 0.252083
1 0.403125 0.560417 0.162500 0.212500
1 0.810156 0.945833 0.192188 0.108333
1 0.017969 0.089583 0.035937 0.179167
1 0.053906 0.351042 0.107813 0.206250
1 0.861719 0.726042 0.145313 0.214583
1 0.363281 0.947917 0.173438 0.104167
1 0.925781 0.909375 0.132812 0.172917
2 0.546875 0.962500 0.056250 0.062500
1 0.065625 0.860417 0.131250 0.183333
1 0.155469 0.919792 0.173438 0.160417
1 0.110156 0.201042 0.185938 0.260417
1 0.239844 0.576042 0.170313 0.197917
1 0.817969 0.088542 0.160938 0.177083
1 0.067188 0.648958 0.134375 0.252083
0 0.439063 0.134375 0.209375 0.252083
1 0.403125 0.560417 0.162500 0.212500
1 0.810156 0.945833 0.192188 0.108333
1 0.017969 0.089583 0.035937 0.179167
1 0.053906 0.351042 0.107813 0.206250
1 0.861719 0.726042 0.145313 0.214583
1 0.363281 0.947917 0.173438 0.104167
1 0.925781 0.909375 0.132812 0.172917
2 0.546875 0.962500 0.056250 0.062500
1 0.065625 0.860417 0.131250 0.183333
1 0.155469 0.919792 0.173438 0.160417
1 0.110156 0.201042 0.185938 0.260417
1 0.239844 0.576042 0.170313 0.197917
1 0.817969 0.088542 0.160938 0.177083
1 0.067188 0.648958 0.134375 0.252083
0 0.439063 0.134375 0.209375 0.252083
1 0.403125 0.560417 0.162500 0.212500
1 0.810156 0.945833 0.192188 0.108333
1 0.017969 0.089583 0.035937 0.179167
1 0.053906 0.351042 0.107813 0.206250
1 0.861719 0.726042 0.145313 0.214583
1 0.363281 0.947917 0.173438 0.104167
1 0.925781 0.909375 0.132812 0.172917
2 0.546875 0.962500 0.056250 0.062500
1 0.065625 0.860417 0.131250 0.183333
1 0.155469 0.919792 0.173438 0.160417
1 0.110156 0.201042 0.185938 0.260417
1 0.239844 0.576042 0.170313 0.197917
1 0.817969 0.088542 0.160938 0.177083
1 0.067188 0.648958 0.134375 0.252083
0 0.439063 0.134375 0.209375 0.252083
1 0.403125 0.560417 0.162500 0.212500
1 0.810156 0.945833 0.192188 0.108333
1 0.017969 0.089583 0.035937 0.179167
1 0.053906 0.351042 0.107813 0.206250
1 0.861719 0.726042 0.145313 0.214583
1 0.363281 0.947917 0.173438 0.104167
1 0.925781 0.909375 0.132812 0.172917
2 0.546875 0.962500 0.056250 0.062500
1 0.065625 0.860417 0.131250 0.183333
1 0.155469 0.919792 0.173438 0.160417
1 0.110156 0.201042 0.185938 0.260417
1 0.239844 0.576042 0.170313 0.197917
1 0.817969 0.088542 0.160938 0.177083
1 0.067188 0.648958 0.134375 0.252083
0 0.439063 0.134375 0.209375 0.252083
1 0.403125 0.560417 0.162500 0.212500
