1 0.688281 0.825000 0.170313 0.258333
1 0.673438 0.648958 0.187500 0.197917
1 0.969531 0.410417 0.057813 0.204167
1 0.278125 0.486458 0.175000 0.231250
1 0.967969 0.614583 0.064062 0.200000
1 0.628125 0.050000 0.243750 0.100000
1 0.094531 0.861458 0.170313 0.235417
1 0.267969 0.326042 0.170313 0.235417
2 0.578906 0.766667 0.073438 0.095833
2 0.735938 0.966667 0.053125 0.058333
1 0.093750 0.094792 0.187500 0.185417
2 0.582812 0.459375 0.075000 0.102083
1 0.436719 0.914583 0.170313 0.170833
1 0.070312 0.311458 0.134375 0.235417
1 0.414062 0.665625 0.168750 0.272917
1 0.932813 0.110417 0.134375 0.195833
1 0.932031 0.830208 0.135937 0.235417
1 0.285938 0.098958 0.162500 0.197917
1 0.120313 0.631250 0.184375 0.220833
1 0.856250 0.393750 0.165625 0.204167
0 0.464844 0.252083 0.314063 0.433333
1 0.267969 0.791667 0.164062 0.212500
1 0.856250 0.628125 0.171875 0.247917
1 0.688281 0.825000 0.170313 0.258333
1 0.673438 0.648958 0.187500 0.197917
1 0.969531 0.410417 0.057813 0.204167
1 0.278125 0.486458 0.175000 0.231250
1 0.967969 0.614583 0.064062 0.200000
1 0.628125 0.050000 0.243750 0.100000
1 0.094531 0.861458 0.170313 0.235417
1 0.267969 0.326042 0.170313 0.235417
2 0.578906 0.766667 0.073438 0.095833
2 0.735938 0.966667 0.053125 0.058333
1 0.093750 0.094792 0.187500 0.185417
2 0.582812 0.459375 0.075000 0.102083
1 0.436719 0.914583 0.170313 0.170833
1 0.070312 0.311458 0.134375 0.235417
1 0.414062 0.665625 0.168750 0.272917
1 0.932813 0.110417 0.134375 0.195833
1 0.932031 0.830208 0.135937 0.235417
1 0.285938 0.098958 0.162500 0.197917
1 0.120313 0.631250 0.184375 0.220833
1 0.856250 0.393750 0.165625 0.204167
0 0.464844 0.252083 0.314063 0.433333
1 0.267969 0.791667 0.164062 0.212500
1 0.856250 0.628125 0.171875 0.247917
1 0.688281 0.825000 0.170313 0.258333
1 0.673438 0.648958 0.187500 0.197917
1 0.969531 0.410417 0.057813 0.204167
1 0.278125 0.486458 0.175000 0.231250
1 0.967969 0.614583 0.064062 0.200000
1 0.628125 0.050000 0.243750 0.100000
1 0.094531 0.861458 0.170313 0.235417
1 0.267969 0.326042 0.170313 0.235417
2 0.578906 0.766667 0.073438 0.095833
2 0.735938 0.966667 0.053125 0.058333
1 0.093750 0.094792 0.187500 0.185417
2 0.582812 0.459375 0.075000 0.102083
1 0.436719 0.914583 0.170313 0.170833
1 0.070312 0.311458 0.134375 0.235417
1 0.414062 0.665625 0.168750 0.272917
1 0.932813 0.110417 0.134375 0.195833
1 0.932031 0.830208 0.135937 0.235417
1 0.285938 0.098958 0.162500 0.197917
1 0.120313 0.631250 0.184375 0.220833
1 0.856250 0.393750 0.165625 0.204167
0 0.464844 0.252083 0.314063 0.433333
1 0.267969 0.791667 0.164062 0.212500
1 0.856250 0.628125 0.171875 0.247917
1 0.688281 0.825000 0.170313 0.258333
1 0.673438 0.648958 0.187500 0.197917
1 0.969531 0.410417 0.057813 0.204167
1 0.278125 0.486458 0.175000 0.231250
1 0.967969 0.614583 0.064062 0.200000
1 0.628125 0.050000 0.243750 0.100000
1 0.094531 0.861458 0.170313 0.235417
1 0.267969 0.326042 0.170313 0.235417
2 0.578906 0.766667 0.073438 0.095833
2 0.735938 0.966667 0.053125 0.058333
1 0.093750 0.094792 0.187500 0.185417
2 0.582812 0.459375 0.075000 0.102083
1 0.436719 0.914583 0.170313 0.170833
1 0.070312 0.311458 0.134375 0.235417
1 0.414062 0.665625 0.168750 0.272917
1 0.932813 0.110417 0.134375 0.195833
1 0.932031 0.830208 0.135937 0.235417
1 0.285938 0.098958 0.162500 0.197917
1 0.120313 0.631250 0.184375 0.220833
1 0.856250 0.393750 0.165625 0.204167
0 0.464844 0.252083 0.314063 0.433333
1 0.267969 0.791667 0.164062 0.212500
1 0.856250 0.628125 0.171875 0.247917
1 0.688281 0.825000 0.170313 0.258333
1 0.673438 0.648958 0.187500 0.197917
1 0.969531 0.410417 0.057813 0.204167
1 0.278125 0.486458 0.175000 0.231250
1 0.967969 0.614583 0.064062 0.200000
1 0.628125 0.050000 0.243750 0.100000
1 0.094531 0.861458 0.170313 0.235417
1 0.267969 0.326042 0.170313 0.235417
2 0.578906 0.766667 0.073438 0.095833
2 0.735938 0.966667 0.053125 0.058333
1 0.093750 0.094792 0.187500 0.185417
2 0.582812 0.459375 0.075000 0.102083
1 0.436719 0.914583 0.170313 0.170833
1 0.070312 0.311458 0.134375 0.235417
1 0.414062 0.665625 0.168750 0.272917
1 0.932813 0.110417 0.134375 0.195833
1 0.932031 0.830208 0.135937 0.235417
1 0.285938 0.098958 0.162500 0.197917
1 0.120313 0.631250 0.184375 0.220833
1 0.856250 0.393750 0.165625 0.204167
0 0.464844 0.252083 0.314063 0.433333
1 0.267969 0.791667 0.164062 0.212500
1 0.856250 0.628125 0.171875 0.247917
1 0.688281 0.825000 0.170313 0.258333
1 0.673438 0.648958 0.187500 0.197917
1 0.969531 0.410417 0.057813 0.204167
1 0.278125 0.486458 0.175000 0.231250
1 0.967969 0.614583 0.064062 0.200000
1 0.628125 0.050000 0.243750 0.100000
1 0.094531 0.861458 0.170313 0.235417
1 0.267969 0.326042 0.170313 0.235417
2 0.578906 0.766667 0.073438 0.095833
2 0.735938 0.966667 0.053125 0.058333
1 0.093750 0.094792 0.187500 0.185417
2 0.582812 0.459375 0.075000 0.102083
1 0.436719 0.914583 0.170313 0.170833
1 0.070312 0.311458 0.134375 0.235417
1 0.414062 0.665625 0.168750 0.272917
1 0.932813 0.110417 0.134375 0.195833
1 0.932031 0.830208 0.135937 0.235417
1 0.285938 0.098958 0.162500 0.197917
1 0.120313 0.631250 0.184375 0.220833
1 0.856250 0.393750 0.165625 0.204167
0 0.464844 0.252083 0.314063 0.433333
1 0.267969 0.791667 0.164062 0.212500
1 0.856250 0.628125 0.171875 0.247917
1 0.688281 0.825000 0.170313 0.258333
1 0.673438 0.648958 0.187500 0.197917
1 0.969531 0.410417 0.057813 0.204167
1 0.278125 0.486458 0.175000 0.231250
1 0.967969 0.614583 0.064062 0.200000
1 0.628125 0.050000 0.243750 0.100000
1 0.094531 0.861458 0.170313 0.235417
1 0.267969 0.326042 0.170313 0.235417
2 0.578906 0.766667 0.073438 0.095833
2 0.735938 0.966667 0.053125 0.058333
1 0.093750 0.094792 0.187500 0.185417
2 0.582812 0.459375 0.075000 0.102083
1 0.436719 0.914583 0.170313 0.170833
1 0.070312 0.311458 0.134375 0.235417
1 0.414062 0.665625 0.168750 0.272917
1 0.932813 0.110417 0.134375 0.195833
1 0.932031 0.830208 0.135937 0.235417
1 0.285938 0.098958 0.162500 0.197917
1 0.120313 0.631250 0.184375 0.220833
1 0.856250 0.393750 0.165625 0.204167
0 0.464844 0.252083 0.314063 0.433333
1 0.267969 0.791667 0.164062 0.212500
1 0.856250 0.628125 0.171875 0.247917
1 0.688281 0.825000 0.170313 0.258333
1 0.673438 0.648958 0.187500 0.197917
1 0.969531 0.410417 0.057813 0.204167
1 0.278125 0.486458 0.175000 0.231250
1 0.967969 0.614583 0.064062 0.200000
1 0.628125 0.050000 0.243750 0.100000
1 0.094531 0.861458 0.170313 0.235417
1 0.267969 0.326042 0.170313 0.235417
2 0.578906 0.766667 0.073438 0.095833
2 0.735938 0.966667 0.053125 0.058333
1 0.093750 0.094792 0.187500 0.185417
2 0.582812 0.459375 0.075000 0.102083
1 0.436719 0.914583 0.170313 0.170833
1 0.070312 0.311458 0.134375 0.235417
1 0.414062 0.665625 0.168750 0.272917
1 0.932813 0.110417 0.134375 0.195833
1 0.932031 0.830208 0.135937 0.235417
1 0.285938 0.098958 0.162500 0.197917
1 0.120313 0.631250 0.184375 0.220833
1 0.856250 0.393750 0.165625 0.204167
0 0.464844 0.252083 0.314063 0.433333
1 0.267969 0.791667 0.164062 0.212500
1 0.856250 0.628125 0.171875 0.247917
1 0.688281 0.825000 0.170313 0.258333
1 0.673438 0.648958 0.187500 0.197917
1 0.969531 0.410417 0.057813 0.204167
1 0.278125 0.486458 0.175000 0.231250
1 0.967969 0.614583 0.064062 0.200000
1 0.628125 0.050000 0.243750 0.100000
1 0.094531 0.861458 0.170313 0.235417
1 0.267969 0.326042 0.170313 0.235417
2 0.578906 0.766667 0.073438 0.095833
2 0.735938 0.966667 0.053125 0.058333
1 0.093750 0.094792 0.187500 0.185417
2 0.582812 0.459375 0.075000 0.102083
1 0.436719 0.914583 0.170313 0.170833
1 0.070312 0.311458 0.134375 0.235417
1 0.414062 0.665625 0.168750 0.272917
1 0.932813 0.110417 0.134375 0.195833
1 0.932031 0.830208 0.135937 0.235417
1 0.285938 0.098958 0.162500 0.197917
1 0.120313 0.631250 0.184375 0.220833
1 0.856250 0.393750 0.165625 0.204167
0 0.464844 0.252083 0.314063 0.433333
1 0.267969 0.791667 0.164062 0.212500
1 0.856250 0.628125 0.171875 0.247917
1 0.688281 0.825000 0.170313 0.258333
1 0.673438 0.648958 0.187500 0.197917
1 0.969531 0.410417 0.057813 0.204167
1 0.278125 0.486458 0.175000 0.231250
1 0.967969 0.614583 0.064062 0.200000
1 0.628125 0.050000 0.243750 0.100000
1 0.094531 0.861458 0.170313 0.235417
1 0.267969 0.326042 0.170313 0.235417
2 0.578906 0.766667 0.073438 0.095833
2 0.735938 0.966667 0.053125 0.058333
1 0.093750 0.094792 0.187500 0.185417
2 0.582812 0.459375 0.075000 0.102083
1 0.436719 0.914583 0.170313 0.170833
1 0.070312 0.311458 0.134375 0.235417
1 0.414062 0.665625 0.168750 0.272917
1 0.932813 0.110417 0.134375 0.195833
1 0.932031 0.830208 0.135937 0.235417
1 0.285938 0.098958 0.162500 0.197917
1 0.120313 0.631250 0.184375 0.220833
1 0.856250 0.393750 0.165625 0.204167
0 0.464844 0.252083 0.314063 0.433333
1 0.267969 0.791667 0.164062 0.212500
1 0.856250 0.628125 0.171875 0.247917
1 0.688281 0.825000 0.170313 0.258333
1 0.673438 0.648958 0.187500 0.197917
1 0.969531 0.410417 0.057813 0.204167
1 0.278125 0.486458 0.175000 0.231250
1 0.967969 0.614583 0.064062 0.200000
1 0.628125 0.050000 0.243750 0.100000
1 0.094531 0.861458 0.170313 0.235417
1 0.267969 0.326042 0.170313 0.235417
2 0.578906 0.766667 0.073438 0.095833
2 0.735938 0.966667 0.053125 0.058333
1 0.093750 0.094792 0.187500 0.185417
2 0.582812 0.459375 0.075000 0.102083
1 0.436719 0.914583 0.170313 0.170833
1 0.070312 0.311458 0.134375 0.235417
1 0.414062 0.665625 0.168750 0.272917
1 0.932813 0.110417 0.134375 0.195833
1 0.932031 0.830208 0.135937 0.235417
1 0.285938 0.098958 0.162500 0.197917
1 0.120313 0.631250 0.184375 0.220833
1 0.856250 0.393750 0.165625 0.204167
0 0.464844 0.252083 0.314063 0.433333
1 0.267969 0.791667 0.164062 0.212500
1 0.856250 0.628125 0.171875 0.247917
1 0.688281 0.825000 0.170313 0.258333
1 0.673438 0.648958 0.187500 0.197917
1 0.969531 0.410417 0.057813 0.204167
1 0.278125 0.486458 0.175000 0.231250
1 0.967969 0.614583 0.064062 0.200000
1 0.628125 0.050000 0.243750 0.100000
1 0.094531 0.861458 0.170313 0.235417
1 0.267969 0.326042 0.170313 0.235417
2 0.578906 0.766667 0.073438 0.095833
2 0.735938 0.966667 0.053125 0.058333
1 0.093750 0.094792 0.187500 0.185417
2 0.582812 0.459375 0.075000 0.102083
1 0.436719 0.914583 0.170313 0.170833
1 0.070312 0.311458 0.134375 0.235417
1 0.414062 0.665625 0.168750 0.272917
1 0.932813 0.110417 0.134375 0.195833
1 0.932031 0.830208 0.135937 0.235417
1 0.285938 0.098958 0.162500 0.197917
1 0.120313 0.631250 0.184375 0.220833
1 0.856250 0.393750 0.165625 0.204167
0 0.464844 0.252083 0.314063 0.433333
1 0.267969 0.791667 0.164062 0.212500
1 0.856250 0.628125 0.171875 0.247917
1 0.688281 0.825000 0.170313 0.258333
1 0.673438 0.648958 0.187500 0.197917
1 0.969531 0.410417 0.057813 0.204167
1 0.278125 0.486458 0.175000 0.231250
1 0.967969 0.614583 0.064062 0.200000
1 0.628125 0.050000 0.243750 0.100000
1 0.094531 0.861458 0.170313 0.235417
1 0.267969 0.326042 0.170313 0.235417
2 0.578906 0.766667 0.073438 0.095833
2 0.735938 0.966667 0.053125 0.058333
1 0.093750 0.094792 0.187500 0.185417
2 0.582812 0.459375 0.075000 0.102083
1 0.436719 0.914583 0.170313 0.170833
1 0.070312 0.311458 0.134375 0.235417
1 0.414062 0.665625 0.168750 0.272917
1 0.932813 0.110417 0.134375 0.195833
1 0.932031 0.830208 0.135937 0.235417
1 0.285938 0.098958 0.162500 0.197917
1 0.120313 0.631250 0.184375 0.220833
1 0.856250 0.393750 0.165625 0.204167
0 0.464844 0.252083 0.314063 0.433333
1 0.267969 0.791667 0.164062 0.212500
1 0.856250 0.628125 0.171875 0.247917
1 0.688281 0.825000 0.170313 0.258333
1 0.673438 0.648958 0.187500 0.197917
1 0.969531 0.410417 0.057813 0.204167
1 0.278125 0.486458 0.175000 0.231250
1 0.967969 0.614583 0.064062 0.200000
1 0.628125 0.050000 0.243750 0.100000
1 0.094531 0.861458 0.170313 0.235417
1 0.267969 0.326042 0.170313 0.235417
2 0.578906 0.766667 0.073438 0.095833
2 0.735938 0.966667 0.053125 0.058333
1 0.093750 0.094792 0.187500 0.185417
2 0.582812 0.459375 0.075000 0.102083
1 0.436719 0.914583 0.170313 0.170833
1 0.070312 0.311458 0.134375 0.235417
1 0.414062 0.665625 0.168750 0.272917
1 0.932813 0.110417 0.134375 0.195833
1 0.932031 0.830208 0.135937 0.235417
1 0.285938 0.098958 0.162500 0.197917
1 0.120313 0.631250 0.184375 0.220833
1 0.856250 0.393750 0.165625 0.204167
0 0.464844 0.252083 0.314063 0.433333
1 0.267969 0.791667 0.164062 0.212500
1 0.856250 0.628125 0.171875 0.247917
1 0.688281 0.825000 0.170313 0.258333
1 0.673438 0.648958 0.187500 0.197917
1 0.969531 0.410417 0.057813 0.204167
1 0.278125 0.486458 0.175000 0.231250
1 0.967969 0.614583 0.064062 0.200000
1 0.628125 0.050000 0.243750 0.100000
1 0.094531 0.861458 0.170313 0.235417
1 0.267969 0.326042 0.170313 0.235417
2 0.578906 0.766667 0.073438 0.095833
2 0.735938 0.966667 0.053125 0.058333
1 0.093750 0.094792 0.187500 0.185417
2 0.582812 0.459375 0.075000 0.102083
1 0.436719 0.914583 0.170313 0.170833
1 0.070312 0.311458 0.134375 0.235417
1 0.414062 0.665625 0.168750 0.272917
1 0.932813 0.110417 0.134375 0.195833
1 0.932031 0.830208 0.135937 0.235417
1 0.285938 0.098958 0.162500 0.197917
1 0.120313 0.631250 0.184375 0.220833
1 0.856250 0.393750 0.165625 0.204167
0 0.464844 0.252083 0.314063 0.433333
1 0.267969 0.791667 0.164062 0.212500
1 0.856250 0.628125 0.171875 0.247917
1 0.688281 0.825000 0.170313 0.258333
1 0.673438 0.648958 0.187500 0.197917
1 0.969531 0.410417 0.057813 0.204167
1 0.278125 0.486458 0.175000 0.231250
1 0.967969 0.614583 0.064062 0.200000
1 0.628125 0.050000 0.243750 0.100000
1 0.094531 0.861458 0.170313 0.235417
1 0.267969 0.326042 0.170313 0.235417
2 0.578906 0.766667 0.073438 0.095833
2 0.735938 0.966667 0.053125 0.058333
1 0.093750 0.094792 0.187500 0.185417
2 0.582812 0.459375 0.075000 0.102083
1 0.436719 0.914583 0.170313 0.170833
1 0.070312 0.311458 0.134375 0.235417
1 0.414062 0.665625 0.168750 0.272917
1 0.932813 0.110417 0.134375 0.195833
1 0.932031 0.830208 0.135937 0.235417
1 0.285938 0.098958 0.162500 0.197917
1 0.120313 0.631250 0.184375 0.220833
1 0.856250 0.393750 0.165625 0.204167
0 0.464844 0.252083 0.314063 0.433333
1 0.267969 0.791667 0.164062 0.212500
1 0.856250 0.628125 0.171875 0.247917
1 0.688281 0.825000 0.170313 0.258333
1 0.673438 0.648958 0.187500 0.197917
1 0.969531 0.410417 0.057813 0.204167
1 0.278125 0.486458 0.175000 0.231250
1 0.967969 0.614583 0.064062 0.200000
1 0.628125 0.050000 0.243750 0.100000
1 0.094531 0.861458 0.170313 0.235417
1 0.267969 0.326042 0.170313 0.235417
2 0.578906 0.766667 0.073438 0.095833
2 0.735938 0.966667 0.053125 0.058333
1 0.093750 0.094792 0.187500 0.185417
2 0.582812 0.459375 0.075000 0.102083
1 0.436719 0.914583 0.170313 0.170833
1 0.070312 0.311458 0.134375 0.235417
1 0.414062 0.665625 0.168750 0.272917
1 0.932813 0.110417 0.134375 0.195833
1 0.932031 0.830208 0.135937 0.235417
1 0.285938 0.098958 0.162500 0.197917
1 0.120313 0.631250 0.184375 0.220833
1 0.856250 0.393750 0.165625 0.204167
0 0.464844 0.252083 0.314063 0.433333
1 0.267969 0.791667 0.164062 0.212500
1 0.856250 0.628125 0.171875 0.247917
1 0.688281 0.825000 0.170313 0.258333
1 0.673438 0.648958 0.187500 0.197917
1 0.969531 0.410417 0.057813 0.204167
1 0.278125 0.486458 0.175000 0.231250
1 0.967969 0.614583 0.064062 0.200000
1 0.628125 0.050000 0.243750 0.100000
1 0.094531 0.861458 0.170313 0.235417
1 0.267969 0.326042 0.170313 0.235417
2 0.578906 0.766667 0.073438 0.095833
2 0.735938 0.966667 0.053125 0.058333
1 0.093750 0.094792 0.187500 0.185417
2 0.582812 0.459375 0.075000 0.102083
1 0.436719 0.914583 0.170313 0.170833
1 0.070312 0.311458 0.134375 0.235417
1 0.414062 0.665625 0.168750 0.272917
1 0.932813 0.110417 0.134375 0.195833
1 0.932031 0.830208 0.135937 0.235417
1 0.285938 0.098958 0.162500 0.197917
1 0.120313 0.631250 0.184375 0.220833
1 0.856250 0.393750 0.165625 0.204167
0 0.464844 0.252083 0.314063 0.433333
1 0.267969 0.791667 0.164062 0.212500
1 0.856250 0.628125 0.171875 0.247917
1 0.688281 0.825000 0.170313 0.258333
1 0.673438 0.648958 0.187500 0.197917
1 0.969531 0.410417 0.057813 0.204167
1 0.278125 0.486458 0.175000 0.231250
1 0.967969 0.614583 0.064062 0.200000
1 0.628125 0.050000 0.243750 0.100000
1 0.094531 0.861458 0.170313 0.235417
1 0.267969 0.326042 0.170313 0.235417
2 0.578906 0.766667 0.073438 0.095833
2 0.735938 0.966667 0.053125 0.058333
1 0.093750 0.094792 0.187500 0.185417
2 0.582812 0.459375 0.075000 0.102083
1 0.436719 0.914583 0.170313 0.170833
1 0.070312 0.311458 0.134375 0.235417
1 0.414062 0.665625 0.168750 0.272917
1 0.932813 0.110417 0.134375 0.195833
1 0.932031 0.830208 0.135937 0.235417
1 0.285938 0.098958 0.162500 0.197917
1 0.120313 0.631250 0.184375 0.220833
1 0.856250 0.393750 0.165625 0.204167
0 0.464844 0.252083 0.314063 0.433333
1 0.267969 0.791667 0.164062 0.212500
1 0.856250 0.628125 0.171875 0.247917
1 0.688281 0.825000 0.170313 0.258333
1 0.673438 0.648958 0.187500 0.197917
1 0.969531 0.410417 0.057813 0.204167
1 0.278125 0.486458 0.175000 0.231250
1 0.967969 0.614583 0.064062 0.200000
1 0.628125 0.050000 0.243750 0.100000
1 0.094531 0.861458 0.170313 0.235417
1 0.267969 0.326042 0.170313 0.235417
2 0.578906 0.766667 0.073438 0.095833
2 0.735938 0.966667 0.053125 0.058333
1 0.093750 0.094792 0.187500 0.185417
2 0.582812 0.459375 0.075000 0.102083
1 0.436719 0.914583 0.170313 0.170833
1 0.070312 0.311458 0.134375 0.235417
1 0.414062 0.665625 0.168750 0.272917
1 0.932813 0.110417 0.134375 0.195833
1 0.932031 0.830208 0.135937 0.235417
1 0.285938 0.098958 0.162500 0.197917
1 0.120313 0.631250 0.184375 0.220833
1 0.856250 0.393750 0.165625 0.204167
0 0.464844 0.252083 0.314063 0.433333
1 0.267969 0.791667 0.164062 0.212500
1 0.856250 0.628125 0.171875 0.247917
1 0.688281 0.825000 0.170313 0.258333
1 0.673438 0.648958 0.187500 0.197917
1 0.969531 0.410417 0.057813 0.204167
1 0.278125 0.486458 0.175000 0.231250
1 0.967969 0.614583 0.064062 0.200000
1 0.628125 0.050000 0.243750 0.100000
1 0.094531 0.861458 0.170313 0.235417
1 0.267969 0.326042 0.170313 0.235417
2 0.578906 0.766667 0.073438 0.095833
2 0.735938 0.966667 0.053125 0.058333
1 0.093750 0.094792 0.187500 0.185417
2 0.582812 0.459375 0.075000 0.102083
1 0.436719 0.914583 0.170313 0.170833
1 0.070312 0.311458 0.134375 0.235417
1 0.414062 0.665625 0.168750 0.272917
1 0.932813 0.110417 0.134375 0.195833
1 0.932031 0.830208 0.135937 0.235417
1 0.285938 0.098958 0.162500 0.197917
1 0.120313 0.631250 0.184375 0.220833
1 0.856250 0.393750 0.165625 0.204167
0 0.464844 0.252083 0.314063 0.433333
1 0.267969 0.791667 0.164062 0.212500
1 0.856250 0.628125 0.171875 0.247917
1 0.688281 0.825000 0.170313 0.258333
1 0.673438 0.648958 0.187500 0.197917
1 0.969531 0.410417 0.057813 0.204167
1 0.278125 0.486458 0.175000 0.231250
1 0.967969 0.614583 0.064062 0.200000
1 0.628125 0.050000 0.243750 0.100000
1 0.094531 0.861458 0.170313 0.235417
1 0.267969 0.326042 0.170313 0.235417
2 0.578906 0.766667 0.073438 0.095833
2 0.735938 0.966667 0.053125 0.058333
1 0.093750 0.094792 0.187500 0.185417
2 0.582812 0.459375 0.075000 0.102083
1 0.436719 0.914583 0.170313 0.170833
1 0.070312 0.311458 0.134375 0.235417
1 0.414062 0.665625 0.168750 0.272917
1 0.932813 0.110417 0.134375 0.195833
1 0.932031 0.830208 0.135937 0.235417
1 0.285938 0.098958 0.162500 0.197917
1 0.120313 0.631250 0.184375 0.220833
1 0.856250 0.393750 0.165625 0.204167
0 0.464844 0.252083 0.314063 0.433333
1 0.267969 0.791667 0.164062 0.212500
1 0.856250 0.628125 0.171875 0.247917
1 0.688281 0.825000 0.170313 0.258333
1 0.673438 0.648958 0.187500 0.197917
1 0.969531 0.410417 0.057813 0.204167
1 0.278125 0.486458 0.175000 0.231250
1 0.967969 0.614583 0.064062 0.200000
1 0.628125 0.050000 0.243750 0.100000
1 0.094531 0.861458 0.170313 0.235417
1 0.267969 0.326042 0.170313 0.235417
2 0.578906 0.766667 0.073438 0.095833
2 0.735938 0.966667 0.053125 0.058333
1 0.093750 0.094792 0.187500 0.185417
2 0.582812 0.459375 0.075000 0.102083
1 0.436719 0.914583 0.170313 0.170833
1 0.070312 0.311458 0.134375 0.235417
1 0.414062 0.665625 0.168750 0.272917
1 0.932813 0.110417 0.134375 0.195833
1 0.932031 0.830208 0.135937 0.235417
1 0.285938 0.098958 0.162500 0.197917
1 0.120313 0.631250 0.184375 0.220833
1 0.856250 0.393750 0.165625 0.204167
0 0.464844 0.252083 0.314063 0.433333
1 0.267969 0.791667 0.164062 0.212500
1 0.856250 0.628125 0.171875 0.247917
