1 0.016406 0.816667 0.032813 0.195833
1 0.225000 0.031250 0.134375 0.062500
1 0.290625 0.971875 0.150000 0.056250
1 0.920313 0.097917 0.153125 0.179167
1 0.084375 0.028125 0.168750 0.052083
1 0.902344 0.468750 0.179688 0.250000
1 0.032031 0.591667 0.064062 0.237500
1 0.728125 0.658333 0.162500 0.200000
1 0.820312 0.919792 0.200000 0.152083
1 0.963281 0.910417 0.073438 0.179167
1 0.745313 0.386458 0.153125 0.218750
1 0.352344 0.706250 0.170313 0.158333
1 0.410938 0.896875 0.193750 0.206250
1 0.461719 0.544792 0.167187 0.218750
1 0.310156 0.461458 0.132812 0.181250
1 0.563281 0.808333 0.176563 0.250000
1 0.142969 0.530208 0.167187 0.235417
0 0.432813 0.119792 0.337500 0.239583
1 0.916406 0.228125 0.167187 0.210417
1 0.664844 0.375000 0.142188 0.179167
1 0.157031 0.898958 0.173438 0.202083
1 0.125781 0.243750 0.170313 0.216667
1 0.244531 0.193750 0.145313 0.200000
1 0.016406 0.816667 0.032813 0.195833
1 0.225000 0.031250 0.134375 0.062500
1 0.290625 0.971875 0.150000 0.056250
1 0.920313 0.097917 0.153125 0.179167
1 0.084375 0.028125 0.168750 0.052083
1 0.902344 0.468750 0.179688 0.250000
1 0.032031 0.591667 0.064062 0.237500
1 0.728125 0.658333 0.162500 0.200000
1 0.820312 0.919792 0.200000 0.152083
1 0.963281 0.910417 0.073438 0.179167
1 0.745313 0.386458 0.153125 0.218750
1 0.352344 0.706250 0.170313 0.158333
1 0.410938 0.896875 0.193750 0.206250
1 0.461719 0.544792 0.167187 0.218750
1 0.310156 0.461458 0.132812 0.181250
1 0.563281 0.808333 0.176563 0.250000
1 0.142969 0.530208 0.167187 0.235417
0 0.432813 0.119792 0.337500 0.239583
1 0.916406 0.228125 0.167187 0.210417
1 0.664844 0.375000 0.142188 0.179167
1 0.157031 0.898958 0.173438 0.202083
1 0.125781 0.243750 0.170313 0.216667
1 0.244531 0.193750 0.145313 0.200000
1 0.016406 0.816667 0.032813 0.195833
1 0.225000 0.031250 0.134375 0.062500
1 0.290625 0.971875 0.150000 0.056250
1 0.920313 0.097917 0.153125 0.179167
1 0.084375 0.028125 0.168750 0.052083
1 0.902344 0.468750 0.179688 0.250000
1 0.032031 0.591667 0.064062 0.237500
1 0.728125 0.658333 0.162500 0.200000
1 0.820312 0.919792 0.200000 0.152083
1 0.963281 0.910417 0.073438 0.179167
1 0.745313 0.386458 0.153125 0.218750
1 0.352344 0.706250 0.170313 0.158333
1 0.410938 0.896875 0.193750 0.206250
1 0.461719 0.544792 0.167187 0.218750
1 0.310156 0.461458 0.132812 0.181250
1 0.563281 0.808333 0.176563 0.250000
1 0.142969 0.530208 0.167187 0.235417
0 0.432813 0.119792 0.337500 0.239583
1 0.916406 0.228125 0.167187 0.210417
1 0.664844 0.375000 0.142188 0.179167
1 0.157031 0.898958 0.173438 0.202083
1 0.125781 0.243750 0.170313 0.216667
1 0.244531 0.193750 0.145313 0.200000
1 0.016406 0.816667 0.032813 0.195833
1 0.225000 0.031250 0.134375 0.062500
1 0.290625 0.971875 0.150000 0.056250
1 0.920313 0.097917 0.153125 0.179167
1 0.084375 0.028125 0.168750 0.052083
1 0.902344 0.468750 0.179688 0.250000
1 0.032031 0.591667 0.064062 0.237500
1 0.728125 0.658333 0.162500 0.200000
1 0.820312 0.919792 0.200000 0.152083
1 0.963281 0.910417 0.073438 0.179167
1 0.745313 0.386458 0.153125 0.218750
1 0.352344 0.706250 0.170313 0.158333
1 0.410938 0.896875 0.193750 0.206250
1 0.461719 0.544792 0.167187 0.218750
1 0.310156 0.461458 0.132812 0.181250
1 0.563281 0.808333 0.176563 0.250000
1 0.142969 0.530208 0.167187 0.235417
0 0.432813 0.119792 0.337500 0.239583
1 0.916406 0.228125 0.167187 0.210417
1 0.664844 0.375000 0.142188 0.179167
1 0.157031 0.898958 0.173438 0.202083
1 0.125781 0.243750 0.170313 0.216667
1 0.244531 0.193750 0.145313 0.200000
1 0.016406 0.816667 0.032813 0.195833
1 0.225000 0.031250 0.134375 0.062500
1 0.290625 0.971875 0.150000 0.056250
1 0.920313 0.097917 0.153125 0.179167
1 0.084375 0.028125 0.168750 0.052083
1 0.902344 0.468750 0.179688 0.250000
1 0.032031 0.591667 0.064062 0.237500
1 0.728125 0.658333 0.162500 0.200000
1 0.820312 0.919792 0.200000 0.152083
1 0.963281 0.910417 0.073438 0.179167
1 0.745313 0.386458 0.153125 0.218750
1 0.352344 0.706250 0.170313 0.158333
1 0.410938 0.896875 0.193750 0.206250
1 0.461719 0.544792 0.167187 0.218750
1 0.310156 0.461458 0.132812 0.181250
1 0.563281 0.808333 0.176563 0.250000
1 0.142969 0.530208 0.167187 0.235417
0 0.432813 0.119792 0.337500 0.239583
1 0.916406 0.228125 0.167187 0.210417
1 0.664844 0.375000 0.142188 0.179167
1 0.157031 0.898958 0.173438 0.202083
1 0.125781 0.243750 0.170313 0.216667
1 0.244531 0.193750 0.145313 0.200000
1 0.016406 0.816667 0.032813 0.195833
1 0.225000 0.031250 0.134375 0.062500
1 0.290625 0.971875 0.150000 0.056250
1 0.920313 0.097917 0.153125 0.179167
1 0.084375 0.028125 0.168750 0.052083
1 0.902344 0.468750 0.179688 0.250000
1 0.032031 0.591667 0.064062 0.237500
1 0.728125 0.658333 0.162500 0.200000
1 0.820312 0.919792 0.200000 0.152083
1 0.963281 0.910417 0.073438 0.179167
1 0.745313 0.386458 0.153125 0.218750
1 0.352344 0.706250 0.170313 0.158333
1 0.410938 0.896875 0.193750 0.206250
1 0.461719 0.544792 0.167187 0.218750
1 0.310156 0.461458 0.132812 0.181250
1 0.563281 0.808333 0.176563 0.250000
1 0.142969 0.530208 0.167187 0.235417
0 0.432813 0.119792 0.337500 0.239583
1 0.916406 0.228125 0.167187 0.210417
1 0.664844 0.375000 0.142188 0.179167
1 0.157031 0.898958 0.173438 0.202083
1 0.125781 0.243750 0.170313 0.216667
1 0.244531 0.193750 0.145313 0.200000
1 0.016406 0.816667 0.032813 0.195833
1 0.225000 0.031250 0.134375 0.062500
1 0.290625 0.971875 0.150000 0.056250
1 0.920313 0.097917 0.153125 0.179167
1 0.084375 0.028125 0.168750 0.052083
1 0.902344 0.468750 0.179688 0.250000
1 0.032031 0.591667 0.064062 0.237500
1 0.728125 0.658333 0.162500 0.200000
1 0.820312 0.919792 0.200000 0.152083
1 0.963281 0.910417 0.073438 0.179167
1 0.745313 0.386458 0.153125 0.218750
1 0.352344 0.706250 0.170313 0.158333
1 0.410938 0.896875 0.193750 0.206250
1 0.461719 0.544792 0.167187 0.218750
1 0.310156 0.461458 0.132812 0.181250
1 0.563281 0.808333 0.176563 0.250000
1 0.142969 0.530208 0.167187 0.235417
0 0.432813 0.119792 0.337500 0.239583
1 0.916406 0.228125 0.167187 0.210417
1 0.664844 0.375000 0.142188 0.179167
1 0.157031 0.898958 0.173438 0.202083
1 0.125781 0.243750 0.170313 0.216667
1 0.244531 0.193750 0.145313 0.200000
1 0.016406 0.816667 0.032813 0.195833
1 0.225000 0.031250 0.134375 0.062500
1 0.290625 0.971875 0.150000 0.056250
1 0.920313 0.097917 0.153125 0.179167
1 0.084375 0.028125 0.168750 0.052083
1 0.902344 0.468750 0.179688 0.250000
1 0.032031 0.591667 0.064062 0.237500
1 0.728125 0.658333 0.162500 0.200000
1 0.820312 0.919792 0.200000 0.152083
1 0.963281 0.910417 0.073438 0.179167
1 0.745313 0.386458 0.153125 0.218750
1 0.352344 0.706250 0.170313 0.158333
1 0.410938 0.896875 0.193750 0.206250
1 0.461719 0.544792 0.167187 0.218750
1 0.310156 0.461458 0.132812 0.181250
1 0.563281 0.808333 0.176563 0.250000
1 0.142969 0.530208 0.167187 0.235417
0 0.432813 0.119792 0.337500 0.239583
1 0.916406 0.228125 0.167187 0.210417
1 0.664844 0.375000 0.142188 0.179167
1 0.157031 0.898958 0.173438 0.202083
1 0.125781 0.243750 0.170313 0.216667
1 0.244531 0.193750 0.145313 0.200000
1 0.016406 0.816667 0.032813 0.195833
1 0.225000 0.031250 0.134375 0.062500
1 0.290625 0.971875 0.150000 0.056250
1 0.920313 0.097917 0.153125 0.179167
1 0.084375 0.028125 0.168750 0.052083
1 0.902344 0.468750 0.179688 0.250000
1 0.032031 0.591667 0.064062 0.237500
1 0.728125 0.658333 0.162500 0.200000
1 0.820312 0.919792 0.200000 0.152083
1 0.963281 0.910417 0.073438 0.179167
1 0.745313 0.386458 0.153125 0.218750
1 0.352344 0.706250 0.170313 0.158333
1 0.410938 0.896875 0.193750 0.206250
1 0.461719 0.544792 0.167187 0.218750
1 0.310156 0.461458 0.132812 0.181250
1 0.563281 0.808333 0.176563 0.250000
1 0.142969 0.530208 0.167187 0.235417
0 0.432813 0.119792 0.337500 0.239583
1 0.916406 0.228125 0.167187 0.210417
1 0.664844 0.375000 0.142188 0.179167
1 0.157031 0.898958 0.173438 0.202083
1 0.125781 0.243750 0.170313 0.216667
1 0.244531 0.193750 0.145313 0.200000
1 0.016406 0.816667 0.032813 0.195833
1 0.225000 0.031250 0.134375 0.062500
1 0.290625 0.971875 0.150000 0.056250
1 0.920313 0.097917 0.153125 0.179167
1 0.084375 0.028125 0.168750 0.052083
1 0.902344 0.468750 0.179688 0.250000
1 0.032031 0.591667 0.064062 0.237500
1 0.728125 0.658333 0.162500 0.200000
1 0.820312 0.919792 0.200000 0.152083
1 0.963281 0.910417 0.073438 0.179167
1 0.745313 0.386458 0.153125 0.218750
1 0.352344 0.706250 0.170313 0.158333
1 0.410938 0.896875 0.193750 0.206250
1 0.461719 0.544792 0.167187 0.218750
1 0.310156 0.461458 0.132812 0.181250
1 0.563281 0.808333 0.176563 0.250000
1 0.142969 0.530208 0.167187 0.235417
0 0.432813 0.119792 0.337500 0.239583
1 0.916406 0.228125 0.167187 0.210417
1 0.664844 0.375000 0.142188 0.179167
1 0.157031 0.898958 0.173438 0.202083
1 0.125781 0.243750 0.170313 0.216667
1 0.244531 0.193750 0.145313 0.200000
1 0.016406 0.816667 0.032813 0.195833
1 0.225000 0.031250 0.134375 0.062500
1 0.290625 0.971875 0.150000 0.056250
1 0.920313 0.097917 0.153125 0.179167
1 0.084375 0.028125 0.168750 0.052083
1 0.902344 0.468750 0.179688 0.250000
1 0.032031 0.591667 0.064062 0.237500
1 0.728125 0.658333 0.162500 0.200000
1 0.820312 0.919792 0.200000 0.152083
1 0.963281 0.910417 0.073438 0.179167
1 0.745313 0.386458 0.153125 0.218750
1 0.352344 0.706250 0.170313 0.158333
1 0.410938 0.896875 0.193750 0.206250
1 0.461719 0.544792 0.167187 0.218750
1 0.310156 0.461458 0.132812 0.181250
1 0.563281 0.808333 0.176563 0.250000
1 0.142969 0.530208 0.167187 0.235417
0 0.432813 0.119792 0.337500 0.239583
1 0.916406 0.228125 0.167187 0.210417
1 0.664844 0.375000 0.142188 0.179167
1 0.157031 0.898958 0.173438 0.202083
1 0.125781 0.243750 0.170313 0.216667
1 0.244531 0.193750 0.145313 0.200000
1 0.016406 0.816667 0.032813 0.195833
1 0.225000 0.031250 0.134375 0.062500
1 0.290625 0.971875 0.150000 0.056250
1 0.920313 0.097917 0.153125 0.179167
1 0.084375 0.028125 0.168750 0.052083
1 0.902344 0.468750 0.179688 0.250000
1 0.032031 0.591667 0.064062 0.237500
1 0.728125 0.658333 0.162500 0.200000
1 0.820312 0.919792 0.200000 0.152083
1 0.963281 0.910417 0.073438 0.179167
1 0.745313 0.386458 0.153125 0.218750
1 0.352344 0.706250 0.170313 0.158333
1 0.410938 0.896875 0.193750 0.206250
1 0.461719 0.544792 0.167187 0.218750
1 0.310156 0.461458 0.132812 0.181250
1 0.563281 0.808333 0.176563 0.250000
1 0.142969 0.530208 0.167187 0.235417
0 0.432813 0.119792 0.337500 0.239583
1 0.916406 0.228125 0.167187 0.210417
1 0.664844 0.375000 0.142188 0.179167
1 0.157031 0.898958 0.173438 0.202083
1 0.125781 0.243750 0.170313 0.216667
1 0.244531 0.193750 0.145313 0.200000
1 0.016406 0.816667 0.032813 0.195833
1 0.225000 0.031250 0.134375 0.062500
1 0.290625 0.971875 0.150000 0.056250
1 0.920313 0.097917 0.153125 0.179167
1 0.084375 0.028125 0.168750 0.052083
1 0.902344 0.468750 0.179688 0.250000
1 0.032031 0.591667 0.064062 0.237500
1 0.728125 0.658333 0.162500 0.200000
1 0.820312 0.919792 0.200000 0.152083
1 0.963281 0.910417 0.073438 0.179167
1 0.745313 0.386458 0.153125 0.218750
1 0.352344 0.706250 0.170313 0.158333
1 0.410938 0.896875 0.193750 0.206250
1 0.461719 0.544792 0.167187 0.218750
1 0.310156 0.461458 0.132812 0.181250
1 0.563281 0.808333 0.176563 0.250000
1 0.142969 0.530208 0.167187 0.235417
0 0.432813 0.119792 0.337500 0.239583
1 0.916406 0.228125 0.167187 0.210417
1 0.664844 0.375000 0.142188 0.179167
1 0.157031 0.898958 0.173438 0.202083
1 0.125781 0.243750 0.170313 0.216667
1 0.244531 0.193750 0.145313 0.200000
1 0.016406 0.816667 0.032813 0.195833
1 0.225000 0.031250 0.134375 0.062500
1 0.290625 0.971875 0.150000 0.056250
1 0.920313 0.097917 0.153125 0.179167
1 0.084375 0.028125 0.168750 0.052083
1 0.902344 0.468750 0.179688 0.250000
1 0.032031 0.591667 0.064062 0.237500
1 0.728125 0.658333 0.162500 0.200000
1 0.820312 0.919792 0.200000 0.152083
1 0.963281 0.910417 0.073438 0.179167
1 0.745313 0.386458 0.153125 0.218750
1 0.352344 0.706250 0.170313 0.158333
1 0.410938 0.896875 0.193750 0.206250
1 0.461719 0.544792 0.167187 0.218750
1 0.310156 0.461458 0.132812 0.181250
1 0.563281 0.808333 0.176563 0.250000
1 0.142969 0.530208 0.167187 0.235417
0 0.432813 0.119792 0.337500 0.239583
1 0.916406 0.228125 0.167187 0.210417
1 0.664844 0.375000 0.142188 0.179167
1 0.157031 0.898958 0.173438 0.202083
1 0.125781 0.243750 0.170313 0.216667
1 0.244531 0.193750 0.145313 0.200000
1 0.016406 0.816667 0.032813 0.195833
1 0.225000 0.031250 0.134375 0.062500
1 0.290625 0.971875 0.150000 0.056250
1 0.920313 0.097917 0.153125 0.179167
1 0.084375 0.028125 0.168750 0.052083
1 0.902344 0.468750 0.179688 0.250000
1 0.032031 0.591667 0.064062 0.237500
1 0.728125 0.658333 0.162500 0.200000
1 0.820312 0.919792 0.200000 0.152083
1 0.963281 0.910417 0.073438 0.179167
1 0.745313 0.386458 0.153125 0.218750
1 0.352344 0.706250 0.170313 0.158333
1 0.410938 0.896875 0.193750 0.206250
1 0.461719 0.544792 0.167187 0.218750
1 0.310156 0.461458 0.132812 0.181250
1 0.563281 0.808333 0.176563 0.250000
1 0.142969 0.530208 0.167187 0.235417
0 0.432813 0.119792 0.337500 0.239583
1 0.916406 0.228125 0.167187 0.210417
1 0.664844 0.375000 0.142188 0.179167
1 0.157031 0.898958 0.173438 0.202083
1 0.125781 0.243750 0.170313 0.216667
1 0.244531 0.193750 0.145313 0.200000
1 0.016406 0.816667 0.032813 0.195833
1 0.225000 0.031250 0.134375 0.062500
1 0.290625 0.971875 0.150000 0.056250
1 0.920313 0.097917 0.153125 0.179167
1 0.084375 0.028125 0.168750 0.052083
1 0.902344 0.468750 0.179688 0.250000
1 0.032031 0.591667 0.064062 0.237500
1 0.728125 0.658333 0.162500 0.200000
1 0.820312 0.919792 0.200000 0.152083
1 0.963281 0.910417 0.073438 0.179167
1 0.745313 0.386458 0.153125 0.218750
1 0.352344 0.706250 0.170313 0.158333
1 0.410938 0.896875 0.193750 0.206250
1 0.461719 0.544792 0.167187 0.218750
1 0.310156 0.461458 0.132812 0.181250
1 0.563281 0.808333 0.176563 0.250000
1 0.142969 0.530208 0.167187 0.235417
0 0.432813 0.119792 0.337500 0.239583
1 0.916406 0.228125 0.167187 0.210417
1 0.664844 0.375000 0.142188 0.179167
1 0.157031 0.898958 0.173438 0.202083
1 0.125781 0.243750 0.170313 0.216667
1 0.244531 0.193750 0.145313 0.200000
1 0.016406 0.816667 0.032813 0.195833
1 0.225000 0.031250 0.134375 0.062500
1 0.290625 0.971875 0.150000 0.056250
1 0.920313 0.097917 0.153125 0.179167
1 0.084375 0.028125 0.168750 0.052083
1 0.902344 0.468750 0.179688 0.250000
1 0.032031 0.591667 0.064062 0.237500
1 0.728125 0.658333 0.162500 0.200000
1 0.820312 0.919792 0.200000 0.152083
1 0.963281 0.910417 0.073438 0.179167
1 0.745313 0.386458 0.153125 0.218750
1 0.352344 0.706250 0.170313 0.158333
1 0.410938 0.896875 0.193750 0.206250
1 0.461719 0.544792 0.167187 0.218750
1 0.310156 0.461458 0.132812 0.181250
1 0.563281 0.808333 0.176563 0.250000
1 0.142969 0.530208 0.167187 0.235417
0 0.432813 0.119792 0.337500 0.239583
1 0.916406 0.228125 0.167187 0.210417
1 0.664844 0.375000 0.142188 0.179167
1 0.157031 0.898958 0.173438 0.202083
1 0.125781 0.243750 0.170313 0.216667
1 0.244531 0.193750 0.145313 0.200000
1 0.016406 0.816667 0.032813 0.195833
1 0.225000 0.031250 0.134375 0.062500
1 0.290625 0.971875 0.150000 0.056250
1 0.920313 0.097917 0.153125 0.179167
1 0.084375 0.028125 0.168750 0.052083
1 0.902344 0.468750 0.179688 0.250000
1 0.032031 0.591667 0.064062 0.237500
1 0.728125 0.658333 0.162500 0.200000
1 0.820312 0.919792 0.200000 0.152083
1 0.963281 0.910417 0.073438 0.179167
1 0.745313 0.386458 0.153125 0.218750
1 0.352344 0.706250 0.170313 0.158333
1 0.410938 0.896875 0.193750 0.206250
1 0.461719 0.544792 0.167187 0.218750
1 0.310156 0.461458 0.132812 0.181250
1 0.563281 0.808333 0.176563 0.250000
1 0.142969 0.530208 0.167187 0.235417
0 0.432813 0.119792 0.337500 0.239583
1 0.916406 0.228125 0.167187 0.210417
1 0.664844 0.375000 0.142188 0.179167
1 0.157031 0.898958 0.173438 0.202083
1 0.125781 0.243750 0.170313 0.216667
1 0.244531 0.193750 0.145313 0.200000
1 0.016406 0.816667 0.032813 0.195833
1 0.225000 0.031250 0.134375 0.062500
1 0.290625 0.971875 0.150000 0.056250
1 0.920313 0.097917 0.153125 0.179167
1 0.084375 0.028125 0.168750 0.052083
1 0.902344 0.468750 0.179688 0.250000
1 0.032031 0.591667 0.064062 0.237500
1 0.728125 0.658333 0.162500 0.200000
1 0.820312 0.919792 0.200000 0.152083
1 0.963281 0.910417 0.073438 0.179167
1 0.745313 0.386458 0.153125 0.218750
1 0.352344 0.706250 0.170313 0.158333
1 0.410938 0.896875 0.193750 0.206250
1 0.461719 0.544792 0.167187 0.218750
1 0.310156 0.461458 0.132812 0.181250
1 0.563281 0.808333 0.176563 0.250000
1 0.142969 0.530208 0.167187 0.235417
0 0.432813 0.119792 0.337500 0.239583
1 0.916406 0.228125 0.167187 0.210417
1 0.664844 0.375000 0.142188 0.179167
1 0.157031 0.898958 0.173438 0.202083
1 0.125781 0.243750 0.170313 0.216667
1 0.244531 0.193750 0.145313 0.200000
1 0.016406 0.816667 0.032813 0.195833
1 0.225000 0.031250 0.134375 0.062500
1 0.290625 0.971875 0.150000 0.056250
1 0.920313 0.097917 0.153125 0.179167
1 0.084375 0.028125 0.168750 0.052083
1 0.902344 0.468750 0.179688 0.250000
1 0.032031 0.591667 0.064062 0.237500
1 0.728125 0.658333 0.162500 0.200000
1 0.820312 0.919792 0.200000 0.152083
1 0.963281 0.910417 0.073438 0.179167
1 0.745313 0.386458 0.153125 0.218750
1 0.352344 0.706250 0.170313 0.158333
1 0.410938 0.896875 0.193750 0.206250
1 0.461719 0.544792 0.167187 0.218750
1 0.310156 0.461458 0.132812 0.181250
1 0.563281 0.808333 0.176563 0.250000
1 0.142969 0.530208 0.167187 0.235417
0 0.432813 0.119792 0.337500 0.239583
1 0.916406 0.228125 0.167187 0.210417
1 0.664844 0.375000 0.142188 0.179167
1 0.157031 0.898958 0.173438 0.202083
1 0.125781 0.243750 0.170313 0.216667
1 0.244531 0.193750 0.145313 0.200000
1 0.016406 0.816667 0.032813 0.195833
1 0.225000 0.031250 0.134375 0.062500
1 0.290625 0.971875 0.150000 0.056250
1 0.920313 0.097917 0.153125 0.179167
1 0.084375 0.028125 0.168750 0.052083
1 0.902344 0.468750 0.179688 0.250000
1 0.032031 0.591667 0.064062 0.237500
1 0.728125 0.658333 0.162500 0.200000
1 0.820312 0.919792 0.200000 0.152083
1 0.963281 0.910417 0.073438 0.179167
1 0.745313 0.386458 0.153125 0.218750
1 0.352344 0.706250 0.170313 0.158333
1 0.410938 0.896875 0.193750 0.206250
1 0.461719 0.544792 0.167187 0.218750
1 0.310156 0.461458 0.132812 0.181250
1 0.563281 0.808333 0.176563 0.250000
1 0.142969 0.530208 0.167187 0.235417
0 0.432813 0.119792 0.337500 0.239583
1 0.916406 0.228125 0.167187 0.210417
1 0.664844 0.375000 0.142188 0.179167
1 0.157031 0.898958 0.173438 0.202083
1 0.125781 0.243750 0.170313 0.216667
1 0.244531 0.193750 0.145313 0.200000
1 0.016406 0.816667 0.032813 0.195833
1 0.225000 0.031250 0.134375 0.062500
1 0.290625 0.971875 0.150000 0.056250
1 0.920313 0.097917 0.153125 0.179167
1 0.084375 0.028125 0.168750 0.052083
1 0.902344 0.468750 0.179688 0.250000
1 0.032031 0.591667 0.064062 0.237500
1 0.728125 0.658333 0.162500 0.200000
1 0.820312 0.919792 0.200000 0.152083
1 0.963281 0.910417 0.073438 0.179167
1 0.745313 0.386458 0.153125 0.218750
1 0.352344 0.706250 0.170313 0.158333
1 0.410938 0.896875 0.193750 0.206250
1 0.461719 0.544792 0.167187 0.218750
1 0.310156 0.461458 0.132812 0.181250
1 0.563281 0.808333 0.176563 0.250000
1 0.142969 0.530208 0.167187 0.235417
0 0.432813 0.119792 0.337500 0.239583
1 0.916406 0.228125 0.167187 0.210417
1 0.664844 0.375000 0.142188 0.179167
1 0.157031 0.898958 0.173438 0.202083
1 0.125781 0.243750 0.170313 0.216667
1 0.244531 0.193750 0.145313 0.200000
1 0.016406 0.816667 0.032813 0.195833
1 0.225000 0.031250 0.134375 0.062500
1 0.290625 0.971875 0.150000 0.056250
1 0.920313 0.097917 0.153125 0.179167
1 0.084375 0.028125 0.168750 0.052083
1 0.902344 0.468750 0.179688 0.250000
1 0.032031 0.591667 0.064062 0.237500
1 0.728125 0.658333 0.162500 0.200000
1 0.820312 0.919792 0.200000 0.152083
1 0.963281 0.910417 0.073438 0.179167
1 0.745313 0.386458 0.153125 0.218750
1 0.352344 0.706250 0.170313 0.158333
1 0.410938 0.896875 0.193750 0.206250
1 0.461719 0.544792 0.167187 0.218750
1 0.310156 0.461458 0.132812 0.181250
1 0.563281 0.808333 0.176563 0.250000
1 0.142969 0.530208 0.167187 0.235417
0 0.432813 0.119792 0.337500 0.239583
1 0.916406 0.228125 0.167187 0.210417
1 0.664844 0.375000 0.142188 0.179167
1 0.157031 0.898958 0.173438 0.202083
1 0.125781 0.243750 0.170313 0.216667
1 0.244531 0.193750 0.145313 0.200000
