1 0.867188 0.055208 0.184375 0.110417
1 0.762500 0.556250 0.146875 0.200000
1 0.103906 0.422917 0.154688 0.195833
1 0.971875 0.581250 0.056250 0.187500
1 0.383594 0.668750 0.148438 0.175000
1 0.974219 0.281250 0.051562 0.216667
1 0.078125 0.150000 0.150000 0.229167
1 0.045313 0.533333 0.090625 0.166667
2 0.213281 0.068750 0.060938 0.079167
1 0.491406 0.780208 0.157813 0.210417
1 0.288281 0.936458 0.185938 0.118750
1 0.668750 0.073958 0.175000 0.147917
1 0.380469 0.468750 0.192188 0.262500
1 0.642188 0.718750 0.143750 0.208333
1 0.117969 0.916667 0.148438 0.166667
1 0.597656 0.914583 0.157813 0.170833
1 0.463281 0.089583 0.176563 0.179167
0 0.572656 0.345833 0.329688 0.312500
1 0.229687 0.688542 0.159375 0.206250
1 0.632812 0.589583 0.175000 0.175000
1 0.310156 0.117708 0.170313 0.218750
1 0.867188 0.055208 0.184375 0.110417
1 0.762500 0.556250 0.146875 0.200000
1 0.103906 0.422917 0.154688 0.195833
1 0.971875 0.581250 0.056250 0.187500
1 0.383594 0.668750 0.148438 0.175000
1 0.974219 0.281250 0.051562 0.216667
1 0.078125 0.150000 0.150000 0.229167
1 0.045313 0.533333 0.090625 0.166667
2 0.213281 0.068750 0.060938 0.079167
1 0.491406 0.780208 0.157813 0.210417
1 0.288281 0.936458 0.185938 0.118750
1 0.668750 0.073958 0.175000 0.147917
1 0.380469 0.468750 0.192188 0.262500
1 0.642188 0.718750 0.143750 0.208333
1 0.117969 0.916667 0.148438 0.166667
1 0.597656 0.914583 0.157813 0.170833
1 0.463281 0.089583 0.176563 0.179167
0 0.572656 0.345833 0.329688 0.312500
1 0.229687 0.688542 0.159375 0.206250
1 0.632812 0.589583 0.175000 0.175000
1 0.310156 0.117708 0.170313 0.218750
1 0.867188 0.055208 0.184375 0.110417
1 0.762500 0.556250 0.146875 0.200000
1 0.103906 0.422917 0.154688 0.195833
1 0.971875 0.581250 0.056250 0.187500
1 0.383594 0.668750 0.148438 0.175000
1 0.974219 0.281250 0.051562 0.216667
1 0.078125 0.150000 0.150000 0.229167
1 0.045313 0.533333 0.090625 0.166667
2 0.213281 0.068750 0.060938 0.079167
1 0.491406 0.780208 0.157813 0.210417
1 0.288281 0.936458 0.185938 0.118750
1 0.668750 0.073958 0.175000 0.147917
1 0.380469 0.468750 0.192188 0.262500
1 0.642188 0.718750 0.143750 0.208333
1 0.117969 0.916667 0.148438 0.166667
1 0.597656 0.914583 0.157813 0.170833
1 0.463281 0.089583 0.176563 0.179167
0 0.572656 0.345833 0.329688 0.312500
1 0.229687 0.688542 0.159375 0.206250
1 0.632812 0.589583 0.175000 0.175000
1 0.310156 0.117708 0.170313 0.218750
1 0.867188 0.055208 0.184375 0.110417
1 0.762500 0.556250 0.146875 0.200000
1 0.103906 0.422917 0.154688 0.195833
1 0.971875 0.581250 0.056250 0.187500
1 0.383594 0.668750 0.148438 0.175000
1 0.974219 0.281250 0.051562 0.216667
1 0.078125 0.150000 0.150000 0.229167
1 0.045313 0.533333 0.090625 0.166667
2 0.213281 0.068750 0.060938 0.079167
1 0.491406 0.780208 0.157813 0.210417
1 0.288281 0.936458 0.185938 0.118750
1 0.668750 0.073958 0.175000 0.147917
1 0.380469 0.468750 0.192188 0.262500
1 0.642188 0.718750 0.143750 0.208333
1 0.117969 0.916667 0.148438 0.166667
1 0.597656 0.914583 0.157813 0.170833
1 0.463281 0.089583 0.176563 0.179167
0 0.572656 0.345833 0.329688 0.312500
1 0.229687 0.688542 0.159375 0.206250
1 0.632812 0.589583 0.175000 0.175000
1 0.310156 0.117708 0.170313 0.218750
1 0.867188 0.055208 0.184375 0.110417
1 0.762500 0.556250 0.146875 0.200000
1 0.103906 0.422917 0.154688 0.195833
1 0.971875 0.581250 0.056250 0.187500
1 0.383594 0.668750 0.148438 0.175000
1 0.974219 0.281250 0.051562 0.216667
1 0.078125 0.150000 0.150000 0.229167
1 0.045313 0.533333 0.090625 0.166667
2 0.213281 0.068750 0.060938 0.079167
1 0.491406 0.780208 0.157813 0.210417
1 0.288281 0.936458 0.185938 0.118750
1 0.668750 0.073958 0.175000 0.147917
1 0.380469 0.468750 0.192188 0.262500
1 0.642188 0.718750 0.143750 0.208333
1 0.117969 0.916667 0.148438 0.166667
1 0.597656 0.914583 0.157813 0.170833
1 0.463281 0.089583 0.176563 0.179167
0 0.572656 0.345833 0.329688 0.312500
1 0.229687 0.688542 0.159375 0.206250
1 0.632812 0.589583 0.175000 0.175000
1 0.310156 0.117708 0.170313 0.218750
1 0.867188 0.055208 0.184375 0.110417
1 0.762500 0.556250 0.146875 0.200000
1 0.103906 0.422917 0.154688 0.195833
1 0.971875 0.581250 0.056250 0.187500
1 0.383594 0.668750 0.148438 0.175000
1 0.974219 0.281250 0.051562 0.216667
1 0.078125 0.150000 0.150000 0.229167
1 0.045313 0.533333 0.090625 0.166667
2 0.213281 0.068750 0.060938 0.079167
1 0.491406 0.780208 0.157813 0.210417
1 0.288281 0.936458 0.185938 0.118750
1 0.668750 0.073958 0.175000 0.147917
1 0.380469 0.468750 0.192188 0.262500
1 0.642188 0.718750 0.143750 0.208333
1 0.117969 0.916667 0.148438 0.166667
1 0.597656 0.914583 0.157813 0.170833
1 0.463281 0.089583 0.176563 0.179167
0 0.572656 0.345833 0.329688 0.312500
1 0.229687 0.688542 0.159375 0.206250
1 0.632812 0.589583 0.175000 0.175000
1 0.310156 0.117708 0.170313 0.218750
1 0.867188 0.055208 0.184375 0.110417
1 0.762500 0.556250 0.146875 0.200000
1 0.103906 0.422917 0.154688 0.195833
1 0.971875 0.581250 0.056250 0.187500
1 0.383594 0.668750 0.148438 0.175000
1 0.974219 0.281250 0.051562 0.216667
1 0.078125 0.150000 0.150000 0.229167
1 0.045313 0.533333 0.090625 0.166667
2 0.213281 0.068750 0.060938 0.079167
1 0.491406 0.780208 0.157813 0.210417
1 0.288281 0.936458 0.185938 0.118750
1 0.668750 0.073958 0.175000 0.147917
1 0.380469 0.468750 0.192188 0.262500
1 0.642188 0.718750 0.143750 0.208333
1 0.117969 0.916667 0.148438 0.166667
1 0.597656 0.914583 0.157813 0.170833
1 0.463281 0.089583 0.176563 0.179167
0 0.572656 0.345833 0.329688 0.312500
1 0.229687 0.688542 0.159375 0.206250
1 0.632812 0.589583 0.175000 0.175000
1 0.310156 0.117708 0.170313 0.218750
1 0.867188 0.055208 0.184375 0.110417
1 0.762500 0.556250 0.146875 0.200000
1 0.103906 0.422917 0.154688 0.195833
1 0.971875 0.581250 0.056250 0.187500
1 0.383594 0.668750 0.148438 0.175000
1 0.974219 0.281250 0.051562 0.216667
1 0.078125 0.150000 0.150000 0.229167
1 0.045313 0.533333 0.090625 0.166667
2 0.213281 0.068750 0.060938 0.079167
1 0.491406 0.780208 0.157813 0.210417
1 0.288281 0.936458 0.185938 0.118750
1 0.668750 0.073958 0.175000 0.147917
1 0.380469 0.468750 0.192188 0.262500
1 0.642188 0.718750 0.143750 0.208333
1 0.117969 0.916667 0.148438 0.166667
1 0.597656 0.914583 0.157813 0.170833
1 0.463281 0.089583 0.176563 0.179167
0 0.572656 0.345833 0.329688 0.312500
1 0.229687 0.688542 0.159375 0.206250
1 0.632812 0.589583 0.175000 0.175000
1 0.310156 0.117708 0.170313 0.218750
1 0.867188 0.055208 0.184375 0.110417
1 0.762500 0.556250 0.146875 0.200000
1 0.103906 0.422917 0.154688 0.195833
1 0.971875 0.581250 0.056250 0.187500
1 0.383594 0.668750 0.148438 0.175000
1 0.974219 0.281250 0.051562 0.216667
1 0.078125 0.150000 0.150000 0.229167
1 0.045313 0.533333 0.090625 0.166667
2 0.213281 0.068750 0.060938 0.079167
1 0.491406 0.780208 0.157813 0.210417
1 0.288281 0.936458 0.185938 0.118750
1 0.668750 0.073958 0.175000 0.147917
1 0.380469 0.468750 0.192188 0.262500
1 0.642188 0.718750 0.143750 0.208333
1 0.117969 0.916667 0.148438 0.166667
1 0.597656 0.914583 0.157813 0.170833
1 0.463281 0.089583 0.176563 0.179167
0 0.572656 0.345833 0.329688 0.312500
1 0.229687 0.688542 0.159375 0.206250
1 0.632812 0.589583 0.175000 0.175000
1 0.310156 0.117708 0.170313 0.218750
1 0.867188 0.055208 0.184375 0.110417
1 0.762500 0.556250 0.146875 0.200000
1 0.103906 0.422917 0.154688 0.195833
1 0.971875 0.581250 0.056250 0.187500
1 0.383594 0.668750 0.148438 0.175000
1 0.974219 0.281250 0.051562 0.216667
1 0.078125 0.150000 0.150000 0.229167
1 0.045313 0.533333 0.090625 0.166667
2 0.213281 0.068750 0.060938 0.079167
1 0.491406 0.780208 0.157813 0.210417
1 0.288281 0.936458 0.185938 0.118750
1 0.668750 0.073958 0.175000 0.147917
1 0.380469 0.468750 0.192188 0.262500
1 0.642188 0.718750 0.143750 0.208333
1 0.117969 0.916667 0.148438 0.166667
1 0.597656 0.914583 0.157813 0.170833
1 0.463281 0.089583 0.176563 0.179167
0 0.572656 0.345833 0.329688 0.312500
1 0.229687 0.688542 0.159375 0.206250
1 0.632812 0.589583 0.175000 0.175000
1 0.310156 0.117708 0.170313 0.218750
1 0.867188 0.055208 0.184375 0.110417
1 0.762500 0.556250 0.146875 0.200000
1 0.103906 0.422917 0.154688 0.195833
1 0.971875 0.581250 0.056250 0.187500
1 0.383594 0.668750 0.148438 0.175000
1 0.974219 0.281250 0.051562 0.216667
1 0.078125 0.150000 0.150000 0.229167
1 0.045313 0.533333 0.090625 0.166667
2 0.213281 0.068750 0.060938 0.079167
1 0.491406 0.780208 0.157813 0.210417
1 0.288281 0.936458 0.185938 0.118750
1 0.668750 0.073958 0.175000 0.147917
1 0.380469 0.468750 0.192188 0.262500
1 0.642188 0.718750 0.143750 0.208333
1 0.117969 0.916667 0.148438 0.166667
1 0.597656 0.914583 0.157813 0.170833
1 0.463281 0.089583 0.176563 0.179167
0 0.572656 0.345833 0.329688 0.312500
1 0.229687 0.688542 0.159375 0.206250
1 0.632812 0.589583 0.175000 0.175000
1 0.310156 0.117708 0.170313 0.218750
1 0.867188 0.055208 0.184375 0.110417
1 0.762500 0.556250 0.146875 0.200000
1 0.103906 0.422917 0.154688 0.195833
1 0.971875 0.581250 0.056250 0.187500
1 0.383594 0.668750 0.148438 0.175000
1 0.974219 0.281250 0.051562 0.216667
1 0.078125 0.150000 0.150000 0.229167
1 0.045313 0.533333 0.090625 0.166667
2 0.213281 0.068750 0.060938 0.079167
1 0.491406 0.780208 0.157813 0.210417
1 0.288281 0.936458 0.185938 0.118750
1 0.668750 0.073958 0.175000 0.147917
1 0.380469 0.468750 0.192188 0.262500
1 0.642188 0.718750 0.143750 0.208333
1 0.117969 0.916667 0.148438 0.166667
1 0.597656 0.914583 0.157813 0.170833
1 0.463281 0.089583 0.176563 0.179167
0 0.572656 0.345833 0.329688 0.312500
1 0.229687 0.688542 0.159375 0.206250
1 0.632812 0.589583 0.175000 0.175000
1 0.310156 0.117708 0.170313 0.218750
1 0.867188 0.055208 0.184375 0.110417
1 0.762500 0.556250 0.146875 0.200000
1 0.103906 0.422917 0.154688 0.195833
1 0.971875 0.581250 0.056250 0.187500
1 0.383594 0.668750 0.148438 0.175000
1 0.974219 0.281250 0.051562 0.216667
1 0.078125 0.150000 0.150000 0.229167
1 0.045313 0.533333 0.090625 0.166667
2 0.213281 0.068750 0.060938 0.079167
1 0.491406 0.780208 0.157813 0.210417
1 0.288281 0.936458 0.185938 0.118750
1 0.668750 0.073958 0.175000 0.147917
1 0.380469 0.468750 0.192188 0.262500
1 0.642188 0.718750 0.143750 0.208333
1 0.117969 0.916667 0.148438 0.166667
1 0.597656 0.914583 0.157813 0.170833
1 0.463281 0.089583 0.176563 0.179167
0 0.572656 0.345833 0.329688 0.312500
1 0.229687 0.688542 0.159375 0.206250
1 0.632812 0.589583 0.175000 0.175000
1 0.310156 0.117708 0.170313 0.218750
1 0.867188 0.055208 0.184375 0.110417
1 0.762500 0.556250 0.146875 0.200000
1 0.103906 0.422917 0.154688 0.195833
1 0.971875 0.581250 0.056250 0.187500
1 0.383594 0.668750 0.148438 0.175000
1 0.974219 0.281250 0.051562 0.216667
1 0.078125 0.150000 0.150000 0.229167
1 0.045313 0.533333 0.090625 0.166667
2 0.213281 0.068750 0.060938 0.079167
1 0.491406 0.780208 0.157813 0.210417
1 0.288281 0.936458 0.185938 0.118750
1 0.668750 0.073958 0.175000 0.147917
1 0.380469 0.468750 0.192188 0.262500
1 0.642188 0.718750 0.143750 0.208333
1 0.117969 0.916667 0.148438 0.166667
1 0.597656 0.914583 0.157813 0.170833
1 0.463281 0.089583 0.176563 0.179167
0 0.572656 0.345833 0.329688 0.312500
1 0.229687 0.688542 0.159375 0.206250
1 0.632812 0.589583 0.175000 0.175000
1 0.310156 0.117708 0.170313 0.218750
1 0.867188 0.055208 0.184375 0.110417
1 0.762500 0.556250 0.146875 0.200000
1 0.103906 0.422917 0.154688 0.195833
1 0.971875 0.581250 0.056250 0.187500
1 0.383594 0.668750 0.148438 0.175000
1 0.974219 0.281250 0.051562 0.216667
1 0.078125 0.150000 0.150000 0.229167
1 0.045313 0.533333 0.090625 0.166667
2 0.213281 0.068750 0.060938 0.079167
1 0.491406 0.780208 0.157813 0.210417
1 0.288281 0.936458 0.185938 0.118750
1 0.668750 0.073958 0.175000 0.147917
1 0.380469 0.468750 0.192188 0.262500
1 0.642188 0.718750 0.143750 0.208333
1 0.117969 0.916667 0.148438 0.166667
1 0.597656 0.914583 0.157813 0.170833
1 0.463281 0.089583 0.176563 0.179167
0 0.572656 0.345833 0.329688 0.312500
1 0.229687 0.688542 0.159375 0.206250
1 0.632812 0.589583 0.175000 0.175000
1 0.310156 0.117708 0.170313 0.218750
1 0.867188 0.055208 0.184375 0.110417
1 0.762500 0.556250 0.146875 0.200000
1 0.103906 0.422917 0.154688 0.195833
1 0.971875 0.581250 0.056250 0.187500
1 0.383594 0.668750 0.148438 0.175000
1 0.974219 0.281250 0.051562 0.216667
1 0.078125 0.150000 0.150000 0.229167
1 0.045313 0.533333 0.090625 0.166667
2 0.213281 0.068750 0.060938 0.079167
1 0.491406 0.780208 0.157813 0.210417
1 0.288281 0.936458 0.185938 0.118750
1 0.668750 0.073958 0.175000 0.147917
1 0.380469 0.468750 0.192188 0.262500
1 0.642188 0.718750 0.143750 0.208333
1 0.117969 0.916667 0.148438 0.166667
1 0.597656 0.914583 0.157813 0.170833
1 0.463281 0.089583 0.176563 0.179167
0 0.572656 0.345833 0.329688 0.312500
1 0.229687 0.688542 0.159375 0.206250
1 0.632812 0.589583 0.175000 0.175000
1 0.310156 0.117708 0.170313 0.218750
1 0.867188 0.055208 0.184375 0.110417
1 0.762500 0.556250 0.146875 0.200000
1 0.103906 0.422917 0.154688 0.195833
1 0.971875 0.581250 0.056250 0.187500
1 0.383594 0.668750 0.148438 0.175000
1 0.974219 0.281250 0.051562 0.216667
1 0.078125 0.150000 0.150000 0.229167
1 0.045313 0.533333 0.090625 0.166667
2 0.213281 0.068750 0.060938 0.079167
1 0.491406 0.780208 0.157813 0.210417
1 0.288281 0.936458 0.185938 0.118750
1 0.668750 0.073958 0.175000 0.147917
1 0.380469 0.468750 0.192188 0.262500
1 0.642188 0.718750 0.143750 0.208333
1 0.117969 0.916667 0.148438 0.166667
1 0.597656 0.914583 0.157813 0.170833
1 0.463281 0.089583 0.176563 0.179167
0 0.572656 0.345833 0.329688 0.312500
1 0.229687 0.688542 0.159375 0.206250
1 0.632812 0.589583 0.175000 0.175000
1 0.310156 0.117708 0.170313 0.218750
1 0.867188 0.055208 0.184375 0.110417
1 0.762500 0.556250 0.146875 0.200000
1 0.103906 0.422917 0.154688 0.195833
1 0.971875 0.581250 0.056250 0.187500
1 0.383594 0.668750 0.148438 0.175000
1 0.974219 0.281250 0.051562 0.216667
1 0.078125 0.150000 0.150000 0.229167
1 0.045313 0.533333 0.090625 0.166667
2 0.213281 0.068750 0.060938 0.079167
1 0.491406 0.780208 0.157813 0.210417
1 0.288281 0.936458 0.185938 0.118750
1 0.668750 0.073958 0.175000 0.147917
1 0.380469 0.468750 0.192188 0.262500
1 0.642188 0.718750 0.143750 0.208333
1 0.117969 0.916667 0.148438 0.166667
1 0.597656 0.914583 0.157813 0.170833
1 0.463281 0.089583 0.176563 0.179167
0 0.572656 0.345833 0.329688 0.312500
1 0.229687 0.688542 0.159375 0.206250
1 0.632812 0.589583 0.175000 0.175000
1 0.310156 0.117708 0.170313 0.218750
1 0.867188 0.055208 0.184375 0.110417
1 0.762500 0.556250 0.146875 0.200000
1 0.103906 0.422917 0.154688 0.195833
1 0.971875 0.581250 0.056250 0.187500
1 0.383594 0.668750 0.148438 0.175000
1 0.974219 0.281250 0.051562 0.216667
1 0.078125 0.150000 0.150000 0.229167
1 0.045313 0.533333 0.090625 0.166667
2 0.213281 0.068750 0.060938 0.079167
1 0.491406 0.780208 0.157813 0.210417
1 0.288281 0.936458 0.185938 0.118750
1 0.668750 0.073958 0.175000 0.147917
1 0.380469 0.468750 0.192188 0.262500
1 0.642188 0.718750 0.143750 0.208333
1 0.117969 0.916667 0.148438 0.166667
1 0.597656 0.914583 0.157813 0.170833
1 0.463281 0.089583 0.176563 0.179167
0 0.572656 0.345833 0.329688 0.312500
1 0.229687 0.688542 0.159375 0.206250
1 0.632812 0.589583 0.175000 0.175000
1 0.310156 0.117708 0.170313 0.218750
1 0.867188 0.055208 0.184375 0.110417
1 0.762500 0.556250 0.146875 0.200000
1 0.103906 0.422917 0.154688 0.195833
1 0.971875 0.581250 0.056250 0.187500
1 0.383594 0.668750 0.148438 0.175000
1 0.974219 0.281250 0.051562 0.216667
1 0.078125 0.150000 0.150000 0.229167
1 0.045313 0.533333 0.090625 0.166667
2 0.213281 0.068750 0.060938 0.079167
1 0.491406 0.780208 0.157813 0.210417
1 0.288281 0.936458 0.185938 0.118750
1 0.668750 0.073958 0.175000 0.147917
1 0.380469 0.468750 0.192188 0.262500
1 0.642188 0.718750 0.143750 0.208333
1 0.117969 0.916667 0.148438 0.166667
1 0.597656 0.914583 0.157813 0.170833
1 0.463281 0.089583 0.176563 0.179167
0 0.572656 0.345833 0.329688 0.312500
1 0.229687 0.688542 0.159375 0.206250
1 0.632812 0.589583 0.175000 0.175000
1 0.310156 0.117708 0.170313 0.218750
1 0.867188 0.055208 0.184375 0.110417
1 0.762500 0.556250 0.146875 0.200000
1 0.103906 0.422917 0.154688 0.195833
1 0.971875 0.581250 0.056250 0.187500
1 0.383594 0.668750 0.148438 0.175000
1 0.974219 0.281250 0.051562 0.216667
1 0.078125 0.150000 0.150000 0.229167
1 0.045313 0.533333 0.090625 0.166667
2 0.213281 0.068750 0.060938 0.079167
1 0.491406 0.780208 0.157813 0.210417
1 0.288281 0.936458 0.185938 0.118750
1 0.668750 0.073958 0.175000 0.147917
1 0.380469 0.468750 0.192188 0.262500
1 0.642188 0.718750 0.143750 0.208333
1 0.117969 0.916667 0.148438 0.166667
1 0.597656 0.914583 0.157813 0.170833
1 0.463281 0.089583 0.176563 0.179167
0 0.572656 0.345833 0.329688 0.312500
1 0.229687 0.688542 0.159375 0.206250
1 0.632812 0.589583 0.175000 0.175000
1 0.310156 0.117708 0.170313 0.218750
