1 0.387500 0.353125 0.181250 0.218750
1 0.161719 0.411458 0.176563 0.218750
1 0.050781 0.901042 0.098438 0.189583
2 0.655469 0.055208 0.070312 0.081250
1 0.825781 0.758333 0.132812 0.183333
1 0.025000 0.638542 0.050000 0.185417
1 0.066406 0.157292 0.120313 0.197917
1 0.154688 0.922917 0.143750 0.154167
0 0.955469 0.116667 0.089063 0.233333
2 0.360156 0.911458 0.057813 0.072917
1 0.485938 0.139583 0.200000 0.220833
1 0.789062 0.846875 0.165625 0.210417
1 0.766406 0.130208 0.192188 0.222917
1 0.484375 0.351042 0.153125 0.210417
1 0.210156 0.109375 0.176563 0.218750
1 0.589844 0.365625 0.160938 0.218750
1 0.775000 0.462500 0.171875 0.204167
1 0.907813 0.753125 0.153125 0.185417
1 0.845313 0.309375 0.171875 0.222917
0 0.536719 0.614583 0.248438 0.304167
1 0.387500 0.353125 0.181250 0.218750
1 0.161719 0.411458 0.176563 0.218750
1 0.050781 0.901042 0.098438 0.189583
2 0.655469 0.055208 0.070312 0.081250
1 0.825781 0.758333 0.132812 0.183333
1 0.025000 0.638542 0.050000 0.185417
1 0.066406 0.157292 0.120313 0.197917
1 0.154688 0.922917 0.143750 0.154167
0 0.955469 0.116667 0.089063 0.233333
2 0.360156 0.911458 0.057813 0.072917
1 0.485938 0.139583 0.200000 0.220833
1 0.789062 0.846875 0.165625 0.210417
1 0.766406 0.130208 0.192188 0.222917
1 0.484375 0.351042 0.153125 0.210417
1 0.210156 0.109375 0.176563 0.218750
1 0.589844 0.365625 0.160938 0.218750
1 0.775000 0.462500 0.171875 0.204167
1 0.907813 0.753125 0.153125 0.185417
1 0.845313 0.309375 0.171875 0.222917
0 0.536719 0.614583 0.248438 0.304167
1 0.387500 0.353125 0.181250 0.218750
1 0.161719 0.411458 0.176563 0.218750
1 0.050781 0.901042 0.098438 0.189583
2 0.655469 0.055208 0.070312 0.081250
1 0.825781 0.758333 0.132812 0.183333
1 0.025000 0.638542 0.050000 0.185417
1 0.066406 0.157292 0.120313 0.197917
1 0.154688 0.922917 0.143750 0.154167
0 0.955469 0.116667 0.089063 0.233333
2 0.360156 0.911458 0.057813 0.072917
1 0.485938 0.139583 0.200000 0.220833
1 0.789062 0.846875 0.165625 0.210417
1 0.766406 0.130208 0.192188 0.222917
1 0.484375 0.351042 0.153125 0.210417
1 0.210156 0.109375 0.176563 0.218750
1 0.589844 0.365625 0.160938 0.218750
1 0.775000 0.462500 0.171875 0.204167
1 0.907813 0.753125 0.153125 0.185417
1 0.845313 0.309375 0.171875 0.222917
0 0.536719 0.614583 0.248438 0.304167
1 0.387500 0.353125 0.181250 0.218750
1 0.161719 0.411458 0.176563 0.218750
1 0.050781 0.901042 0.098438 0.189583
2 0.655469 0.055208 0.070312 0.081250
1 0.825781 0.758333 0.132812 0.183333
1 0.025000 0.638542 0.050000 0.185417
1 0.066406 0.157292 0.120313 0.197917
1 0.154688 0.922917 0.143750 0.154167
0 0.955469 0.116667 0.089063 0.233333
2 0.360156 0.911458 0.057813 0.072917
1 0.485938 0.139583 0.200000 0.220833
1 0.789062 0.846875 0.165625 0.210417
1 0.766406 0.130208 0.192188 0.222917
1 0.484375 0.351042 0.153125 0.210417
1 0.210156 0.109375 0.176563 0.218750
1 0.589844 0.365625 0.160938 0.218750
1 0.775000 0.462500 0.171875 0.204167
1 0.907813 0.753125 0.153125 0.185417
1 0.845313 0.309375 0.171875 0.222917
0 0.536719 0.614583 0.248438 0.304167
1 0.387500 0.353125 0.181250 0.218750
1 0.161719 0.411458 0.176563 0.218750
1 0.050781 0.901042 0.098438 0.189583
2 0.655469 0.055208 0.070312 0.081250
1 0.825781 0.758333 0.132812 0.183333
1 0.025000 0.638542 0.050000 0.185417
1 0.066406 0.157292 0.120313 0.197917
1 0.154688 0.922917 0.143750 0.154167
0 0.955469 0.116667 0.089063 0.233333
2 0.360156 0.911458 0.057813 0.072917
1 0.485938 0.139583 0.200000 0.220833
1 0.789062 0.846875 0.165625 0.210417
1 0.766406 0.130208 0.192188 0.222917
1 0.484375 0.351042 0.153125 0.210417
1 0.210156 0.109375 0.176563 0.218750
1 0.589844 0.365625 0.160938 0.218750
1 0.775000 0.462500 0.171875 0.204167
1 0.907813 0.753125 0.153125 0.185417
1 0.845313 0.309375 0.171875 0.222917
0 0.536719 0.614583 0.248438 0.304167
1 0.387500 0.353125 0.181250 0.218750
1 0.161719 0.411458 0.176563 0.218750
1 0.050781 0.901042 0.098438 0.189583
2 0.655469 0.055208 0.070312 0.081250
1 0.825781 0.758333 0.132812 0.183333
1 0.025000 0.638542 0.050000 0.185417
1 0.066406 0.157292 0.120313 0.197917
1 0.154688 0.922917 0.143750 0.154167
0 0.955469 0.116667 0.089063 0.233333
2 0.360156 0.911458 0.057813 0.072917
1 0.485938 0.139583 0.200000 0.220833
1 0.789062 0.846875 0.165625 0.210417
1 0.766406 0.130208 0.192188 0.222917
1 0.484375 0.351042 0.153125 0.210417
1 0.210156 0.109375 0.176563 0.218750
1 0.589844 0.365625 0.160938 0.218750
1 0.775000 0.462500 0.171875 0.204167
1 0.907813 0.753125 0.153125 0.185417
1 0.845313 0.309375 0.171875 0.222917
0 0.536719 0.614583 0.248438 0.304167
1 0.387500 0.353125 0.181250 0.218750
1 0.161719 0.411458 0.176563 0.218750
1 0.050781 0.901042 0.098438 0.189583
2 0.655469 0.055208 0.070312 0.081250
1 0.825781 0.758333 0.132812 0.183333
1 0.025000 0.638542 0.050000 0.185417
1 0.066406 0.157292 0.120313 0.197917
1 0.154688 0.922917 0.143750 0.154167
0 0.955469 0.116667 0.089063 0.233333
2 0.360156 0.911458 0.057813 0.072917
1 0.485938 0.139583 0.200000 0.220833
1 0.789062 0.846875 0.165625 0.210417
1 0.766406 0.130208 0.192188 0.222917
1 0.484375 0.351042 0.153125 0.210417
1 0.210156 0.109375 0.176563 0.218750
1 0.589844 0.365625 0.160938 0.218750
1 0.775000 0.462500 0.171875 0.204167
1 0.907813 0.753125 0.153125 0.185417
1 0.845313 0.309375 0.171875 0.222917
0 0.536719 0.614583 0.248438 0.304167
1 0.387500 0.353125 0.181250 0.218750
1 0.161719 0.411458 0.176563 0.218750
1 0.050781 0.901042 0.098438 0.189583
2 0.655469 0.055208 0.070312 0.081250
1 0.825781 0.758333 0.132812 0.183333
1 0.025000 0.638542 0.050000 0.185417
1 0.066406 0.157292 0.120313 0.197917
1 0.154688 0.922917 0.143750 0.154167
0 0.955469 0.116667 0.089063 0.233333
2 0.360156 0.911458 0.057813 0.072917
1 0.485938 0.139583 0.200000 0.220833
1 0.789062 0.846875 0.165625 0.210417
1 0.766406 0.130208 0.192188 0.222917
1 0.484375 0.351042 0.153125 0.210417
1 0.210156 0.109375 0.176563 0.218750
1 0.589844 0.365625 0.160938 0.218750
1 0.775000 0.462500 0.171875 0.204167
1 0.907813 0.753125 0.153125 0.185417
1 0.845313 0.309375 0.171875 0.222917
0 0.536719 0.614583 0.248438 0.304167
1 0.387500 0.353125 0.181250 0.218750
1 0.161719 0.411458 0.176563 0.218750
1 0.050781 0.901042 0.098438 0.189583
2 0.655469 0.055208 0.070312 0.081250
1 0.825781 0.758333 0.132812 0.183333
1 0.025000 0.638542 0.050000 0.185417
1 0.066406 0.157292 0.120313 0.197917
1 0.154688 0.922917 0.143750 0.154167
0 0.955469 0.116667 0.089063 0.233333
2 0.360156 0.911458 0.057813 0.072917
1 0.485938 0.139583 0.200000 0.220833
1 0.789062 0.846875 0.165625 0.210417
1 0.766406 0.130208 0.192188 0.222917
1 0.484375 0.351042 0.153125 0.210417
1 0.210156 0.109375 0.176563 0.218750
1 0.589844 0.365625 0.160938 0.218750
1 0.775000 0.462500 0.171875 0.204167
1 0.907813 0.753125 0.153125 0.185417
1 0.845313 0.309375 0.171875 0.222917
0 0.536719 0.614583 0.248438 0.304167
1 0.387500 0.353125 0.181250 0.218750
1 0.161719 0.411458 0.176563 0.218750
1 0.050781 0.901042 0.098438 0.189583
2 0.655469 0.055208 0.070312 0.081250
1 0.825781 0.758333 0.132812 0.183333
1 0.025000 0.638542 0.050000 0.185417
1 0.066406 0.157292 0.120313 0.197917
1 0.154688 0.922917 0.143750 0.154167
0 0.955469 0.116667 0.089063 0.233333
2 0.360156 0.911458 0.057813 0.072917
1 0.485938 0.139583 0.200000 0.220833
1 0.789062 0.846875 0.165625 0.210417
1 0.766406 0.130208 0.192188 0.222917
1 0.484375 0.351042 0.153125 0.210417
1 0.210156 0.109375 0.176563 0.218750
1 0.589844 0.365625 0.160938 0.218750
1 0.775000 0.462500 0.171875 0.204167
1 0.907813 0.753125 0.153125 0.185417
1 0.845313 0.309375 0.171875 0.222917
0 0.536719 0.614583 0.248438 0.304167
1 0.387500 0.353125 0.181250 0.218750
1 0.161719 0.411458 0.176563 0.218750
1 0.050781 0.901042 0.098438 0.189583
2 0.655469 0.055208 0.070312 0.081250
1 0.825781 0.758333 0.132812 0.183333
1 0.025000 0.638542 0.050000 0.185417
1 0.066406 0.157292 0.120313 0.197917
1 0.154688 0.922917 0.143750 0.154167
0 0.955469 0.116667 0.089063 0.233333
2 0.360156 0.911458 0.057813 0.072917
1 0.485938 0.139583 0.200000 0.220833
1 0.789062 0.846875 0.165625 0.210417
1 0.766406 0.130208 0.192188 0.222917
1 0.484375 0.351042 0.153125 0.210417
1 0.210156 0.109375 0.176563 0.218750
1 0.589844 0.365625 0.160938 0.218750
1 0.775000 0.462500 0.171875 0.204167
1 0.907813 0.753125 0.153125 0.185417
1 0.845313 0.309375 0.171875 0.222917
0 0.536719 0.614583 0.248438 0.304167
1 0.387500 0.353125 0.181250 0.218750
1 0.161719 0.411458 0.176563 0.218750
1 0.050781 0.901042 0.098438 0.189583
2 0.655469 0.055208 0.070312 0.081250
1 0.825781 0.758333 0.132812 0.183333
1 0.025000 0.638542 0.050000 0.185417
1 0.066406 0.157292 0.120313 0.197917
1 0.154688 0.922917 0.143750 0.154167
0 0.955469 0.116667 0.089063 0.233333
2 0.360156 0.911458 0.057813 0.072917
1 0.485938 0.139583 0.200000 0.220833
1 0.789062 0.846875 0.165625 0.210417
1 0.766406 0.130208 0.192188 0.222917
1 0.484375 0.351042 0.153125 0.210417
1 0.210156 0.109375 0.176563 0.218750
1 0.589844 0.365625 0.160938 0.218750
1 0.775000 0.462500 0.171875 0.204167
1 0.907813 0.753125 0.153125 0.185417
1 0.845313 0.309375 0.171875 0.222917
0 0.536719 0.614583 0.248438 0.304167
1 0.387500 0.353125 0.181250 0.218750
1 0.161719 0.411458 0.176563 0.218750
1 0.050781 0.901042 0.098438 0.189583
2 0.655469 0.055208 0.070312 0.081250
1 0.825781 0.758333 0.132812 0.183333
1 0.025000 0.638542 0.050000 0.185417
1 0.066406 0.157292 0.120313 0.197917
1 0.154688 0.922917 0.143750 0.154167
0 0.955469 0.116667 0.089063 0.233333
2 0.360156 0.911458 0.057813 0.072917
1 0.485938 0.139583 0.200000 0.220833
1 0.789062 0.846875 0.165625 0.210417
1 0.766406 0.130208 0.192188 0.222917
1 0.484375 0.351042 0.153125 0.210417
1 0.210156 0.109375 0.176563 0.218750
1 0.589844 0.365625 0.160938 0.218750
1 0.775000 0.462500 0.171875 0.204167
1 0.907813 0.753125 0.153125 0.185417
1 0.845313 0.309375 0.171875 0.222917
0 0.536719 0.614583 0.248438 0.304167
1 0.387500 0.353125 0.181250 0.218750
1 0.161719 0.411458 0.176563 0.218750
1 0.050781 0.901042 0.098438 0.189583
2 0.655469 0.055208 0.070312 0.081250
1 0.825781 0.758333 0.132812 0.183333
1 0.025000 0.638542 0.050000 0.185417
1 0.066406 0.157292 0.120313 0.197917
1 0.154688 0.922917 0.143750 0.154167
0 0.955469 0.116667 0.089063 0.233333
2 0.360156 0.911458 0.057813 0.072917
1 0.485938 0.139583 0.200000 0.220833
1 0.789062 0.846875 0.165625 0.210417
1 0.766406 0.130208 0.192188 0.222917
1 0.484375 0.351042 0.153125 0.210417
1 0.210156 0.109375 0.176563 0.218750
1 0.589844 0.365625 0.160938 0.218750
1 0.775000 0.462500 0.171875 0.204167
1 0.907813 0.753125 0.153125 0.185417
1 0.845313 0.309375 0.171875 0.222917
0 0.536719 0.614583 0.248438 0.304167
1 0.387500 0.353125 0.181250 0.218750
1 0.161719 0.411458 0.176563 0.218750
1 0.050781 0.901042 0.098438 0.189583
2 0.655469 0.055208 0.070312 0.081250
1 0.825781 0.758333 0.132812 0.183333
1 0.025000 0.638542 0.050000 0.185417
1 0.066406 0.157292 0.120313 0.197917
1 0.154688 0.922917 0.143750 0.154167
0 0.955469 0.116667 0.089063 0.233333
2 0.360156 0.911458 0.057813 0.072917
1 0.485938 0.139583 0.200000 0.220833
1 0.789062 0.846875 0.165625 0.210417
1 0.766406 0.130208 0.192188 0.222917
1 0.484375 0.351042 0.153125 0.210417
1 0.210156 0.109375 0.176563 0.218750
1 0.589844 0.365625 0.160938 0.218750
1 0.775000 0.462500 0.171875 0.204167
1 0.907813 0.753125 0.153125 0.185417
1 0.845313 0.309375 0.171875 0.222917
0 0.536719 0.614583 0.248438 0.304167
1 0.387500 0.353125 0.181250 0.218750
1 0.161719 0.411458 0.176563 0.218750
1 0.050781 0.901042 0.098438 0.189583
2 0.655469 0.055208 0.070312 0.081250
1 0.825781 0.758333 0.132812 0.183333
1 0.025000 0.638542 0.050000 0.185417
1 0.066406 0.157292 0.120313 0.197917
1 0.154688 0.922917 0.143750 0.154167
0 0.955469 0.116667 0.089063 0.233333
2 0.360156 0.911458 0.057813 0.072917
1 0.485938 0.139583 0.200000 0.220833
1 0.789062 0.846875 0.165625 0.210417
1 0.766406 0.130208 0.192188 0.222917
1 0.484375 0.351042 0.153125 0.210417
1 0.210156 0.109375 0.176563 0.218750
1 0.589844 0.365625 0.160938 0.218750
1 0.775000 0.462500 0.171875 0.204167
1 0.907813 0.753125 0.153125 0.185417
1 0.845313 0.309375 0.171875 0.222917
0 0.536719 0.614583 0.248438 0.304167
1 0.387500 0.353125 0.181250 0.218750
1 0.161719 0.411458 0.176563 0.218750
1 0.050781 0.901042 0.098438 0.189583
2 0.655469 0.055208 0.070312 0.081250
1 0.825781 0.758333 0.132812 0.183333
1 0.025000 0.638542 0.050000 0.185417
1 0.066406 0.157292 0.120313 0.197917
1 0.154688 0.922917 0.143750 0.154167
0 0.955469 0.116667 0.089063 0.233333
2 0.360156 0.911458 0.057813 0.072917
1 0.485938 0.139583 0.200000 0.220833
1 0.789062 0.846875 0.165625 0.210417
1 0.766406 0.130208 0.192188 0.222917
1 0.484375 0.351042 0.153125 0.210417
1 0.210156 0.109375 0.176563 0.218750
1 0.589844 0.365625 0.160938 0.218750
1 0.775000 0.462500 0.171875 0.204167
1 0.907813 0.753125 0.153125 0.185417
1 0.845313 0.309375 0.171875 0.222917
0 0.536719 0.614583 0.248438 0.304167
1 0.387500 0.353125 0.181250 0.218750
1 0.161719 0.411458 0.176563 0.218750
1 0.050781 0.901042 0.098438 0.189583
2 0.655469 0.055208 0.070312 0.081250
1 0.825781 0.758333 0.132812 0.183333
1 0.025000 0.638542 0.050000 0.185417
1 0.066406 0.157292 0.120313 0.197917
1 0.154688 0.922917 0.143750 0.154167
0 0.955469 0.116667 0.089063 0.233333
2 0.360156 0.911458 0.057813 0.072917
1 0.485938 0.139583 0.200000 0.220833
1 0.789062 0.846875 0.165625 0.210417
1 0.766406 0.130208 0.192188 0.222917
1 0.484375 0.351042 0.153125 0.210417
1 0.210156 0.109375 0.176563 0.218750
1 0.589844 0.365625 0.160938 0.218750
1 0.775000 0.462500 0.171875 0.204167
1 0.907813 0.753125 0.153125 0.185417
1 0.845313 0.309375 0.171875 0.222917
0 0.536719 0.614583 0.248438 0.304167
1 0.387500 0.353125 0.181250 0.218750
1 0.161719 0.411458 0.176563 0.218750
1 0.050781 0.901042 0.098438 0.189583
2 0.655469 0.055208 0.070312 0.081250
1 0.825781 0.758333 0.132812 0.183333
1 0.025000 0.638542 0.050000 0.185417
1 0.066406 0.157292 0.120313 0.197917
1 0.154688 0.922917 0.143750 0.154167
0 0.955469 0.116667 0.089063 0.233333
2 0.360156 0.911458 0.057813 0.072917
1 0.485938 0.139583 0.200000 0.220833
1 0.789062 0.846875 0.165625 0.210417
1 0.766406 0.130208 0.192188 0.222917
1 0.484375 0.351042 0.153125 0.210417
1 0.210156 0.109375 0.176563 0.218750
1 0.589844 0.365625 0.160938 0.218750
1 0.775000 0.462500 0.171875 0.204167
1 0.907813 0.753125 0.153125 0.185417
1 0.845313 0.309375 0.171875 0.222917
0 0.536719 0.614583 0.248438 0.304167
1 0.387500 0.353125 0.181250 0.218750
1 0.161719 0.411458 0.176563 0.218750
1 0.050781 0.901042 0.098438 0.189583
2 0.655469 0.055208 0.070312 0.081250
1 0.825781 0.758333 0.132812 0.183333
1 0.025000 0.638542 0.050000 0.185417
1 0.066406 0.157292 0.120313 0.197917
1 0.154688 0.922917 0.143750 0.154167
0 0.955469 0.116667 0.089063 0.233333
2 0.360156 0.911458 0.057813 0.072917
1 0.485938 0.139583 0.200000 0.220833
1 0.789062 0.846875 0.165625 0.210417
1 0.766406 0.130208 0.192188 0.222917
1 0.484375 0.351042 0.153125 0.210417
1 0.210156 0.109375 0.176563 0.218750
1 0.589844 0.365625 0.160938 0.218750
1 0.775000 0.462500 0.171875 0.204167
1 0.907813 0.753125 0.153125 0.185417
1 0.845313 0.309375 0.171875 0.222917
0 0.536719 0.614583 0.248438 0.304167
