1 0.775781 0.058333 0.160938 0.116667
1 0.027344 0.741667 0.054688 0.250000
1 0.621875 0.955208 0.181250 0.089583
1 0.117969 0.459375 0.157813 0.206250
1 0.303906 0.429167 0.192188 0.241667
1 0.827344 0.614583 0.217188 0.220833
1 0.921094 0.084375 0.157813 0.168750
1 0.100781 0.918750 0.167187 0.154167
1 0.617188 0.573958 0.162500 0.222917
1 0.784375 0.877083 0.175000 0.245833
1 0.056250 0.128125 0.106250 0.256250
1 0.475781 0.416667 0.154688 0.166667
1 0.475000 0.636458 0.162500 0.193750
0 0.382812 0.129167 0.253125 0.225000
1 0.775781 0.058333 0.160938 0.116667
1 0.027344 0.741667 0.054688 0.250000
1 0.621875 0.955208 0.181250 0.089583
1 0.117969 0.459375 0.157813 0.206250
1 0.303906 0.429167 0.192188 0.241667
1 0.827344 0.614583 0.217188 0.220833
1 0.921094 0.084375 0.157813 0.168750
1 0.100781 0.918750 0.167187 0.154167
1 0.617188 0.573958 0.162500 0.222917
1 0.784375 0.877083 0.175000 0.245833
1 0.056250 0.128125 0.106250 0.256250
1 0.475781 0.416667 0.154688 0.166667
1 0.475000 0.636458 0.162500 0.193750
0 0.382812 0.129167 0.253125 0.225000
1 0.775781 0.058333 0.160938 0.116667
1 0.027344 0.741667 0.054688 0.250000
1 0.621875 0.955208 0.181250 0.089583
1 0.117969 0.459375 0.157813 0.206250
1 0.303906 0.429167 0.192188 0.241667
1 0.827344 0.614583 0.217188 0.220833
1 0.921094 0.084375 0.157813 0.168750
1 0.100781 0.918750 0.167187 0.154167
1 0.617188 0.573958 0.162500 0.222917
1 0.784375 0.877083 0.175000 0.245833
1 0.056250 0.128125 0.106250 0.256250
1 0.475781 0.416667 0.154688 0.166667
1 0.475000 0.636458 0.162500 0.193750
0 0.382812 0.129167 0.253125 0.225000
1 0.775781 0.058333 0.160938 0.116667
1 0.027344 0.741667 0.054688 0.250000
1 0.621875 0.955208 0.181250 0.089583
1 0.117969 0.459375 0.157813 0.206250
1 0.303906 0.429167 0.192188 0.241667
1 0.827344 0.614583 0.217188 0.220833
1 0.921094 0.084375 0.157813 0.168750
1 0.100781 0.918750 0.167187 0.154167
1 0.617188 0.573958 0.162500 0.222917
1 0.784375 0.877083 0.175000 0.245833
1 0.056250 0.128125 0.106250 0.256250
1 0.475781 0.416667 0.154688 0.166667
1 0.475000 0.636458 0.162500 0.193750
0 0.382812 0.129167 0.253125 0.225000
1 0.775781 0.058333 0.160938 0.116667
1 0.027344 0.741667 0.054688 0.250000
1 0.621875 0.955208 0.181250 0.089583
1 0.117969 0.459375 0.157813 0.206250
1 0.303906 0.429167 0.192188 0.241667
1 0.827344 0.614583 0.217188 0.220833
1 0.921094 0.084375 0.157813 0.168750
1 0.100781 0.918750 0.167187 0.154167
1 0.617188 0.573958 0.162500 0.222917
1 0.784375 0.877083 0.175000 0.245833
1 0.056250 0.128125 0.106250 0.256250
1 0.475781 0.416667 0.154688 0.166667
1 0.475000 0.636458 0.162500 0.193750
0 0.382812 0.129167 0.253125 0.225000
1 0.775781 0.058333 0.160938 0.116667
1 0.027344 0.741667 0.054688 0.250000
1 0.621875 0.955208 0.181250 0.089583
1 0.117969 0.459375 0.157813 0.206250
1 0.303906 0.429167 0.192188 0.241667
1 0.827344 0.614583 0.217188 0.220833
1 0.921094 0.084375 0.157813 0.168750
1 0.100781 0.918750 0.167187 0.154167
1 0.617188 0.573958 0.162500 0.222917
1 0.784375 0.877083 0.175000 0.245833
1 0.056250 0.128125 0.106250 0.256250
1 0.475781 0.416667 0.154688 0.166667
1 0.475000 0.636458 0.162500 0.193750
0 0.382812 0.129167 0.253125 0.225000
1 0.775781 0.058333 0.160938 0.116667
1 0.027344 0.741667 0.054688 0.250000
1 0.621875 0.955208 0.181250 0.089583
1 0.117969 0.459375 0.157813 0.206250
1 0.303906 0.429167 0.192188 0.241667
1 0.827344 0.614583 0.217188 0.220833
1 0.921094 0.084375 0.157813 0.168750
1 0.100781 0.918750 0.167187 0.154167
1 0.617188 0.573958 0.162500 0.222917
1 0.784375 0.877083 0.175000 0.245833
1 0.056250 0.128125 0.106250 0.256250
1 0.475781 0.416667 0.154688 0.166667
1 0.475000 0.636458 0.162500 0.193750
0 0.382812 0.129167 0.253125 0.225000
1 0.775781 0.058333 0.160938 0.116667
1 0.027344 0.741667 0.054688 0.250000
1 0.621875 0.955208 0.181250 0.089583
1 0.117969 0.459375 0.157813 0.206250
1 0.303906 0.429167 0.192188 0.241667
1 0.827344 0.614583 0.217188 0.220833
1 0.921094 0.084375 0.157813 0.168750
1 0.100781 0.918750 0.167187 0.154167
1 0.617188 0.573958 0.162500 0.222917
1 0.784375 0.877083 0.175000 0.245833
1 0.056250 0.128125 0.106250 0.256250
1 0.475781 0.416667 0.154688 0.166667
1 0.475000 0.636458 0.162500 0.193750
0 0.382812 0.129167 0.253125 0.225000
1 0.775781 0.058333 0.160938 0.116667
1 0.027344 0.741667 0.054688 0.250000
1 0.621875 0.955208 0.181250 0.089583
1 0.117969 0.459375 0.157813 0.206250
1 0.303906 0.429167 0.192188 0.241667
1 0.827344 0.614583 0.217188 0.220833
1 0.921094 0.084375 0.157813 0.168750
1 0.100781 0.918750 0.167187 0.154167
1 0.617188 0.573958 0.162500 0.222917
1 0.784375 0.877083 0.175000 0.245833
1 0.056250 0.128125 0.106250 0.256250
1 0.475781 0.416667 0.154688 0.166667
1 0.475000 0.636458 0.162500 0.193750
0 0.382812 0.129167 0.253125 0.225000
1 0.775781 0.058333 0.160938 0.116667
1 0.027344 0.741667 0.054688 0.250000
1 0.621875 0.955208 0.181250 0.089583
1 0.117969 0.459375 0.157813 0.206250
1 0.303906 0.429167 0.192188 0.241667
1 0.827344 0.614583 0.217188 0.220833
1 0.921094 0.084375 0.157813 0.168750
1 0.100781 0.918750 0.167187 0.154167
1 0.617188 0.573958 0.162500 0.222917
1 0.784375 0.877083 0.175000 0.245833
1 0.056250 0.128125 0.106250 0.256250
1 0.475781 0.416667 0.154688 0.166667
1 0.475000 0.636458 0.162500 0.193750
0 0.382812 0.129167 0.253125 0.225000
1 0.775781 0.058333 0.160938 0.116667
1 0.027344 0.741667 0.054688 0.250000
1 0.621875 0.955208 0.181250 0.089583
1 0.117969 0.459375 0.157813 0.206250
1 0.303906 0.429167 0.192188 0.241667
1 0.827344 0.614583 0.217188 0.220833
1 0.921094 0.084375 0.157813 0.168750
1 0.100781 0.918750 0.167187 0.154167
1 0.617188 0.573958 0.162500 0.222917
1 0.784375 0.877083 0.175000 0.245833
1 0.056250 0.128125 0.106250 0.256250
1 0.475781 0.416667 0.154688 0.166667
1 0.475000 0.636458 0.162500 0.193750
0 0.382812 0.129167 0.253125 0.225000
1 0.775781 0.058333 0.160938 0.116667
1 0.027344 0.741667 0.054688 0.250000
1 0.621875 0.955208 0.181250 0.089583
1 0.117969 0.459375 0.157813 0.206250
1 0.303906 0.429167 0.192188 0.241667
1 0.827344 0.614583 0.217188 0.220833
1 0.921094 0.084375 0.157813 0.168750
1 0.100781 0.918750 0.167187 0.154167
1 0.617188 0.573958 0.162500 0.222917
1 0.784375 0.877083 0.175000 0.245833
1 0.056250 0.128125 0.106250 0.256250
1 0.475781 0.416667 0.154688 0.166667
1 0.475000 0.636458 0.162500 0.193750
0 0.382812 0.129167 0.253125 0.225000
1 0.775781 0.058333 0.160938 0.116667
1 0.027344 0.741667 0.054688 0.250000
1 0.621875 0.955208 0.181250 0.089583
1 0.117969 0.459375 0.157813 0.206250
1 0.303906 0.429167 0.192188 0.241667
1 0.827344 0.614583 0.217188 0.220833
1 0.921094 0.084375 0.157813 0.168750
1 0.100781 0.918750 0.167187 0.154167
1 0.617188 0.573958 0.162500 0.222917
1 0.784375 0.877083 0.175000 0.245833
1 0.056250 0.128125 0.106250 0.256250
1 0.475781 0.416667 0.154688 0.166667
1 0.475000 0.636458 0.162500 0.193750
0 0.382812 0.129167 0.253125 0.225000
1 0.775781 0.058333 0.160938 0.116667
1 0.027344 0.741667 0.054688 0.250000
1 0.621875 0.955208 0.181250 0.089583
1 0.117969 0.459375 0.157813 0.206250
1 0.303906 0.429167 0.192188 0.241667
1 0.827344 0.614583 0.217188 0.220833
1 0.921094 0.084375 0.157813 0.168750
1 0.100781 0.918750 0.167187 0.154167
1 0.617188 0.573958 0.162500 0.222917
1 0.784375 0.877083 0.175000 0.245833
1 0.056250 0.128125 0.106250 0.256250
1 0.475781 0.416667 0.154688 0.166667
1 0.475000 0.636458 0.162500 0.193750
0 0.382812 0.129167 0.253125 0.225000
