1 0.064062 0.802083 0.112500 0.200000
1 0.241406 0.084375 0.151562 0.168750
1 0.410938 0.921875 0.187500 0.156250
1 0.083594 0.510417 0.142188 0.241667
1 0.068750 0.204167 0.131250 0.208333
1 0.627344 0.855208 0.179688 0.218750
2 0.546875 0.403125 0.062500 0.081250
1 0.936719 0.283333 0.126563 0.233333
2 0.189063 0.547917 0.071875 0.087500
2 0.889063 0.962500 0.068750 0.075000
1 0.628125 0.317708 0.153125 0.189583
1 0.582031 0.190625 0.151562 0.185417
1 0.950000 0.503125 0.100000 0.218750
1 0.587500 0.569792 0.171875 0.243750
1 0.712500 0.201042 0.153125 0.206250
1 0.459375 0.773958 0.159375 0.197917
0 0.301563 0.411458 0.281250 0.318750
1 0.810156 0.356250 0.176563 0.229167
1 0.772656 0.679167 0.170313 0.195833
1 0.064062 0.802083 0.112500 0.200000
1 0.241406 0.084375 0.151562 0.168750
1 0.410938 0.921875 0.187500 0.156250
1 0.083594 0.510417 0.142188 0.241667
1 0.068750 0.204167 0.131250 0.208333
1 0.627344 0.855208 0.179688 0.218750
2 0.546875 0.403125 0.062500 0.081250
1 0.936719 0.283333 0.126563 0.233333
2 0.189063 0.547917 0.071875 0.087500
2 0.889063 0.962500 0.068750 0.075000
1 0.628125 0.317708 0.153125 0.189583
1 0.582031 0.190625 0.151562 0.185417
1 0.950000 0.503125 0.100000 0.218750
1 0.587500 0.569792 0.171875 0.243750
1 0.712500 0.201042 0.153125 0.206250
1 0.459375 0.773958 0.159375 0.197917
0 0.301563 0.411458 0.281250 0.318750
1 0.810156 0.356250 0.176563 0.229167
1 0.772656 0.679167 0.170313 0.195833
1 0.064062 0.802083 0.112500 0.200000
1 0.241406 0.084375 0.151562 0.168750
1 0.410938 0.921875 0.187500 0.156250
1 0.083594 0.510417 0.142188 0.241667
1 0.068750 0.204167 0.131250 0.208333
1 0.627344 0.855208 0.179688 0.218750
2 0.546875 0.403125 0.062500 0.081250
1 0.936719 0.283333 0.126563 0.233333
2 0.189063 0.547917 0.071875 0.087500
2 0.889063 0.962500 0.068750 0.075000
1 0.628125 0.317708 0.153125 0.189583
1 0.582031 0.190625 0.151562 0.185417
1 0.950000 0.503125 0.100000 0.218750
1 0.587500 0.569792 0.171875 0.243750
1 0.712500 0.201042 0.153125 0.206250
1 0.459375 0.773958 0.159375 0.197917
0 0.301563 0.411458 0.281250 0.318750
1 0.810156 0.356250 0.176563 0.229167
1 0.772656 0.679167 0.170313 0.195833
1 0.064062 0.802083 0.112500 0.200000
1 0.241406 0.084375 0.151562 0.168750
1 0.410938 0.921875 0.187500 0.156250
1 0.083594 0.510417 0.142188 0.241667
1 0.068750 0.204167 0.131250 0.208333
1 0.627344 0.855208 0.179688 0.218750
2 0.546875 0.403125 0.062500 0.081250
1 0.936719 0.283333 0.126563 0.233333
2 0.189063 0.547917 0.071875 0.087500
2 0.889063 0.962500 0.068750 0.075000
1 0.628125 0.317708 0.153125 0.189583
1 0.582031 0.190625 0.151562 0.185417
1 0.950000 0.503125 0.100000 0.218750
1 0.587500 0.569792 0.171875 0.243750
1 0.712500 0.201042 0.153125 0.206250
1 0.459375 0.773958 0.159375 0.197917
0 0.301563 0.411458 0.281250 0.318750
1 0.810156 0.356250 0.176563 0.229167
1 0.772656 0.679167 0.170313 0.195833
1 0.064062 0.802083 0.112500 0.200000
1 0.241406 0.084375 0.151562 0.168750
1 0.410938 0.921875 0.187500 0.156250
1 0.083594 0.510417 0.142188 0.241667
1 0.068750 0.204167 0.131250 0.208333
1 0.627344 0.855208 0.179688 0.218750
2 0.546875 0.403125 0.062500 0.081250
1 0.936719 0.283333 0.126563 0.233333
2 0.189063 0.547917 0.071875 0.087500
2 0.889063 0.962500 0.068750 0.075000
1 0.628125 0.317708 0.153125 0.189583
1 0.582031 0.190625 0.151562 0.185417
1 0.950000 0.503125 0.100000 0.218750
1 0.587500 0.569792 0.171875 0.243750
1 0.712500 0.201042 0.153125 0.206250
1 0.459375 0.773958 0.159375 0.197917
0 0.301563 0.411458 0.281250 0.318750
1 0.810156 0.356250 0.176563 0.229167
1 0.772656 0.679167 0.170313 0.195833
1 0.064062 0.802083 0.112500 0.200000
1 0.241406 0.084375 0.151562 0.168750
1 0.410938 0.921875 0.187500 0.156250
1 0.083594 0.510417 0.142188 0.241667
1 0.068750 0.204167 0.131250 0.208333
1 0.627344 0.855208 0.179688 0.218750
2 0.546875 0.403125 0.062500 0.081250
1 0.936719 0.283333 0.126563 0.233333
2 0.189063 0.547917 0.071875 0.087500
2 0.889063 0.962500 0.068750 0.075000
1 0.628125 0.317708 0.153125 0.189583
1 0.582031 0.190625 0.151562 0.185417
1 0.950000 0.503125 0.100000 0.218750
1 0.587500 0.569792 0.171875 0.243750
1 0.712500 0.201042 0.153125 0.206250
1 0.459375 0.773958 0.159375 0.197917
0 0.301563 0.411458 0.281250 0.318750
1 0.810156 0.356250 0.176563 0.229167
1 0.772656 0.679167 0.170313 0.195833
1 0.064062 0.802083 0.112500 0.200000
1 0.241406 0.084375 0.151562 0.168750
1 0.410938 0.921875 0.187500 0.156250
1 0.083594 0.510417 0.142188 0.241667
1 0.068750 0.204167 0.131250 0.208333
1 0.627344 0.855208 0.179688 0.218750
2 0.546875 0.403125 0.062500 0.081250
1 0.936719 0.283333 0.126563 0.233333
2 0.189063 0.547917 0.071875 0.087500
2 0.889063 0.962500 0.068750 0.075000
1 0.628125 0.317708 0.153125 0.189583
1 0.582031 0.190625 0.151562 0.185417
1 0.950000 0.503125 0.100000 0.218750
1 0.587500 0.569792 0.171875 0.243750
1 0.712500 0.201042 0.153125 0.206250
1 0.459375 0.773958 0.159375 0.197917
0 0.301563 0.411458 0.281250 0.318750
1 0.810156 0.356250 0.176563 0.229167
1 0.772656 0.679167 0.170313 0.195833
1 0.064062 0.802083 0.112500 0.200000
1 0.241406 0.084375 0.151562 0.168750
1 0.410938 0.921875 0.187500 0.156250
1 0.083594 0.510417 0.142188 0.241667
1 0.068750 0.204167 0.131250 0.208333
1 0.627344 0.855208 0.179688 0.218750
2 0.546875 0.403125 0.062500 0.081250
1 0.936719 0.283333 0.126563 0.233333
2 0.189063 0.547917 0.071875 0.087500
2 0.889063 0.962500 0.068750 0.075000
1 0.628125 0.317708 0.153125 0.189583
1 0.582031 0.190625 0.151562 0.185417
1 0.950000 0.503125 0.100000 0.218750
1 0.587500 0.569792 0.171875 0.243750
1 0.712500 0.201042 0.153125 0.206250
1 0.459375 0.773958 0.159375 0.197917
0 0.301563 0.411458 0.281250 0.318750
1 0.810156 0.356250 0.176563 0.229167
1 0.772656 0.679167 0.170313 0.195833
1 0.064062 0.802083 0.112500 0.200000
1 0.241406 0.084375 0.151562 0.168750
1 0.410938 0.921875 0.187500 0.156250
1 0.083594 0.510417 0.142188 0.241667
1 0.068750 0.204167 0.131250 0.208333
1 0.627344 0.855208 0.179688 0.218750
2 0.546875 0.403125 0.062500 0.081250
1 0.936719 0.283333 0.126563 0.233333
2 0.189063 0.547917 0.071875 0.087500
2 0.889063 0.962500 0.068750 0.075000
1 0.628125 0.317708 0.153125 0.189583
1 0.582031 0.190625 0.151562 0.185417
1 0.950000 0.503125 0.100000 0.218750
1 0.587500 0.569792 0.171875 0.243750
1 0.712500 0.201042 0.153125 0.206250
1 0.459375 0.773958 0.159375 0.197917
0 0.301563 0.411458 0.281250 0.318750
1 0.810156 0.356250 0.176563 0.229167
1 0.772656 0.679167 0.170313 0.195833
1 0.064062 0.802083 0.112500 0.200000
1 0.241406 0.084375 0.151562 0.168750
1 0.410938 0.921875 0.187500 0.156250
1 0.083594 0.510417 0.142188 0.241667
1 0.068750 0.204167 0.131250 0.208333
1 0.627344 0.855208 0.179688 0.218750
2 0.546875 0.403125 0.062500 0.081250
1 0.936719 0.283333 0.126563 0.233333
2 0.189063 0.547917 0.071875 0.087500
2 0.889063 0.962500 0.068750 0.075000
1 0.628125 0.317708 0.153125 0.189583
1 0.582031 0.190625 0.151562 0.185417
1 0.950000 0.503125 0.100000 0.218750
1 0.587500 0.569792 0.171875 0.243750
1 0.712500 0.201042 0.153125 0.206250
1 0.459375 0.773958 0.159375 0.197917
0 0.301563 0.411458 0.281250 0.318750
1 0.810156 0.356250 0.176563 0.229167
1 0.772656 0.679167 0.170313 0.195833
1 0.064062 0.802083 0.112500 0.200000
1 0.241406 0.084375 0.151562 0.168750
1 0.410938 0.921875 0.187500 0.156250
1 0.083594 0.510417 0.142188 0.241667
1 0.068750 0.204167 0.131250 0.208333
1 0.627344 0.855208 0.179688 0.218750
2 0.546875 0.403125 0.062500 0.081250
1 0.936719 0.283333 0.126563 0.233333
2 0.189063 0.547917 0.071875 0.087500
2 0.889063 0.962500 0.068750 0.075000
1 0.628125 0.317708 0.153125 0.189583
1 0.582031 0.190625 0.151562 0.185417
1 0.950000 0.503125 0.100000 0.218750
1 0.587500 0.569792 0.171875 0.243750
1 0.712500 0.201042 0.153125 0.206250
1 0.459375 0.773958 0.159375 0.197917
0 0.301563 0.411458 0.281250 0.318750
1 0.810156 0.356250 0.176563 0.229167
1 0.772656 0.679167 0.170313 0.195833
1 0.064062 0.802083 0.112500 0.200000
1 0.241406 0.084375 0.151562 0.168750
1 0.410938 0.921875 0.187500 0.156250
1 0.083594 0.510417 0.142188 0.241667
1 0.068750 0.204167 0.131250 0.208333
1 0.627344 0.855208 0.179688 0.218750
2 0.546875 0.403125 0.062500 0.081250
1 0.936719 0.283333 0.126563 0.233333
2 0.189063 0.547917 0.071875 0.087500
2 0.889063 0.962500 0.068750 0.075000
1 0.628125 0.317708 0.153125 0.189583
1 0.582031 0.190625 0.151562 0.185417
1 0.950000 0.503125 0.100000 0.218750
1 0.587500 0.569792 0.171875 0.243750
1 0.712500 0.201042 0.153125 0.206250
1 0.459375 0.773958 0.159375 0.197917
0 0.301563 0.411458 0.281250 0.318750
1 0.810156 0.356250 0.176563 0.229167
1 0.772656 0.679167 0.170313 0.195833
1 0.064062 0.802083 0.112500 0.200000
1 0.241406 0.084375 0.151562 0.168750
1 0.410938 0.921875 0.187500 0.156250
1 0.083594 0.510417 0.142188 0.241667
1 0.068750 0.204167 0.131250 0.208333
1 0.627344 0.855208 0.179688 0.218750
2 0.546875 0.403125 0.062500 0.081250
1 0.936719 0.283333 0.126563 0.233333
2 0.189063 0.547917 0.071875 0.087500
2 0.889063 0.962500 0.068750 0.075000
1 0.628125 0.317708 0.153125 0.189583
1 0.582031 0.190625 0.151562 0.185417
1 0.950000 0.503125 0.100000 0.218750
1 0.587500 0.569792 0.171875 0.243750
1 0.712500 0.201042 0.153125 0.206250
1 0.459375 0.773958 0.159375 0.197917
0 0.301563 0.411458 0.281250 0.318750
1 0.810156 0.356250 0.176563 0.229167
1 0.772656 0.679167 0.170313 0.195833
1 0.064062 0.802083 0.112500 0.200000
1 0.241406 0.084375 0.151562 0.168750
1 0.410938 0.921875 0.187500 0.156250
1 0.083594 0.510417 0.142188 0.241667
1 0.068750 0.204167 0.131250 0.208333
1 0.627344 0.855208 0.179688 0.218750
2 0.546875 0.403125 0.062500 0.081250
1 0.936719 0.283333 0.126563 0.233333
2 0.189063 0.547917 0.071875 0.087500
2 0.889063 0.962500 0.068750 0.075000
1 0.628125 0.317708 0.153125 0.189583
1 0.582031 0.190625 0.151562 0.185417
1 0.950000 0.503125 0.100000 0.218750
1 0.587500 0.569792 0.171875 0.243750
1 0.712500 0.201042 0.153125 0.206250
1 0.459375 0.773958 0.159375 0.197917
0 0.301563 0.411458 0.281250 0.318750
1 0.810156 0.356250 0.176563 0.229167
1 0.772656 0.679167 0.170313 0.195833
1 0.064062 0.802083 0.112500 0.200000
1 0.241406 0.084375 0.151562 0.168750
1 0.410938 0.921875 0.187500 0.156250
1 0.083594 0.510417 0.142188 0.241667
1 0.068750 0.204167 0.131250 0.208333
1 0.627344 0.855208 0.179688 0.218750
2 0.546875 0.403125 0.062500 0.081250
1 0.936719 0.283333 0.126563 0.233333
2 0.189063 0.547917 0.071875 0.087500
2 0.889063 0.962500 0.068750 0.075000
1 0.628125 0.317708 0.153125 0.189583
1 0.582031 0.190625 0.151562 0.185417
1 0.950000 0.503125 0.100000 0.218750
1 0.587500 0.569792 0.171875 0.243750
1 0.712500 0.201042 0.153125 0.206250
1 0.459375 0.773958 0.159375 0.197917
0 0.301563 0.411458 0.281250 0.318750
1 0.810156 0.356250 0.176563 0.229167
1 0.772656 0.679167 0.170313 0.195833
1 0.064062 0.802083 0.112500 0.200000
1 0.241406 0.084375 0.151562 0.168750
1 0.410938 0.921875 0.187500 0.156250
1 0.083594 0.510417 0.142188 0.241667
1 0.068750 0.204167 0.131250 0.208333
1 0.627344 0.855208 0.179688 0.218750
2 0.546875 0.403125 0.062500 0.081250
1 0.936719 0.283333 0.126563 0.233333
2 0.189063 0.547917 0.071875 0.087500
2 0.889063 0.962500 0.068750 0.075000
1 0.628125 0.317708 0.153125 0.189583
1 0.582031 0.190625 0.151562 0.185417
1 0.950000 0.503125 0.100000 0.218750
1 0.587500 0.569792 0.171875 0.243750
1 0.712500 0.201042 0.153125 0.206250
1 0.459375 0.773958 0.159375 0.197917
0 0.301563 0.411458 0.281250 0.318750
1 0.810156 0.356250 0.176563 0.229167
1 0.772656 0.679167 0.170313 0.195833
1 0.064062 0.802083 0.112500 0.200000
1 0.241406 0.084375 0.151562 0.168750
1 0.410938 0.921875 0.187500 0.156250
1 0.083594 0.510417 0.142188 0.241667
1 0.068750 0.204167 0.131250 0.208333
1 0.627344 0.855208 0.179688 0.218750
2 0.546875 0.403125 0.062500 0.081250
1 0.936719 0.283333 0.126563 0.233333
2 0.189063 0.547917 0.071875 0.087500
2 0.889063 0.962500 0.068750 0.075000
1 0.628125 0.317708 0.153125 0.189583
1 0.582031 0.190625 0.151562 0.185417
1 0.950000 0.503125 0.100000 0.218750
1 0.587500 0.569792 0.171875 0.243750
1 0.712500 0.201042 0.153125 0.206250
1 0.459375 0.773958 0.159375 0.197917
0 0.301563 0.411458 0.281250 0.318750
1 0.810156 0.356250 0.176563 0.229167
1 0.772656 0.679167 0.170313 0.195833
1 0.064062 0.802083 0.112500 0.200000
1 0.241406 0.084375 0.151562 0.168750
1 0.410938 0.921875 0.187500 0.156250
1 0.083594 0.510417 0.142188 0.241667
1 0.068750 0.204167 0.131250 0.208333
1 0.627344 0.855208 0.179688 0.218750
2 0.546875 0.403125 0.062500 0.081250
1 0.936719 0.283333 0.126563 0.233333
2 0.189063 0.547917 0.071875 0.087500
2 0.889063 0.962500 0.068750 0.075000
1 0.628125 0.317708 0.153125 0.189583
1 0.582031 0.190625 0.151562 0.185417
1 0.950000 0.503125 0.100000 0.218750
1 0.587500 0.569792 0.171875 0.243750
1 0.712500 0.201042 0.153125 0.206250
1 0.459375 0.773958 0.159375 0.197917
0 0.301563 0.411458 0.281250 0.318750
1 0.810156 0.356250 0.176563 0.229167
1 0.772656 0.679167 0.170313 0.195833
1 0.064062 0.802083 0.112500 0.200000
1 0.241406 0.084375 0.151562 0.168750
1 0.410938 0.921875 0.187500 0.156250
1 0.083594 0.510417 0.142188 0.241667
1 0.068750 0.204167 0.131250 0.208333
1 0.627344 0.855208 0.179688 0.218750
2 0.546875 0.403125 0.062500 0.081250
1 0.936719 0.283333 0.126563 0.233333
2 0.189063 0.547917 0.071875 0.087500
2 0.889063 0.962500 0.068750 0.075000
1 0.628125 0.317708 0.153125 0.189583
1 0.582031 0.190625 0.151562 0.185417
1 0.950000 0.503125 0.100000 0.218750
1 0.587500 0.569792 0.171875 0.243750
1 0.712500 0.201042 0.153125 0.206250
1 0.459375 0.773958 0.159375 0.197917
0 0.301563 0.411458 0.281250 0.318750
1 0.810156 0.356250 0.176563 0.229167
1 0.772656 0.679167 0.170313 0.195833
