1 0.719531 0.908333 0.176563 0.183333
1 0.828125 0.912500 0.134375 0.166667
1 0.786719 0.254167 0.192188 0.283333
1 0.019531 0.487500 0.039062 0.212500
1 0.926562 0.652083 0.137500 0.266667
1 0.585938 0.879167 0.156250 0.212500
1 0.850000 0.112500 0.184375 0.208333
1 0.565625 0.490625 0.184375 0.227083
1 0.289062 0.142708 0.168750 0.231250
1 0.889844 0.413542 0.170313 0.235417
2 0.134375 0.393750 0.062500 0.079167
1 0.727344 0.616667 0.201563 0.241667
1 0.170313 0.561458 0.162500 0.214583
2 0.555469 0.113542 0.064062 0.081250
1 0.084375 0.912500 0.156250 0.175000
1 0.217969 0.715625 0.157813 0.193750
0 0.114063 0.144792 0.175000 0.289583
1 0.719531 0.908333 0.176563 0.183333
1 0.828125 0.912500 0.134375 0.166667
1 0.786719 0.254167 0.192188 0.283333
1 0.019531 0.487500 0.039062 0.212500
1 0.926562 0.652083 0.137500 0.266667
1 0.585938 0.879167 0.156250 0.212500
1 0.850000 0.112500 0.184375 0.208333
1 0.565625 0.490625 0.184375 0.227083
1 0.289062 0.142708 0.168750 0.231250
1 0.889844 0.413542 0.170313 0.235417
2 0.134375 0.393750 0.062500 0.079167
1 0.727344 0.616667 0.201563 0.241667
1 0.170313 0.561458 0.162500 0.214583
2 0.555469 0.113542 0.064062 0.081250
1 0.084375 0.912500 0.156250 0.175000
1 0.217969 0.715625 0.157813 0.193750
0 0.114063 0.144792 0.175000 0.289583
1 0.719531 0.908333 0.176563 0.183333
1 0.828125 0.912500 0.134375 0.166667
1 0.786719 0.254167 0.192188 0.283333
1 0.019531 0.487500 0.039062 0.212500
1 0.926562 0.652083 0.137500 0.266667
1 0.585938 0.879167 0.156250 0.212500
1 0.850000 0.112500 0.184375 0.208333
1 0.565625 0.490625 0.184375 0.227083
1 0.289062 0.142708 0.168750 0.231250
1 0.889844 0.413542 0.170313 0.235417
2 0.134375 0.393750 0.062500 0.079167
1 0.727344 0.616667 0.201563 0.241667
1 0.170313 0.561458 0.162500 0.214583
2 0.555469 0.113542 0.064062 0.081250
1 0.084375 0.912500 0.156250 0.175000
1 0.217969 0.715625 0.157813 0.193750
0 0.114063 0.144792 0.175000 0.289583
1 0.719531 0.908333 0.176563 0.183333
1 0.828125 0.912500 0.134375 0.166667
1 0.786719 0.254167 0.192188 0.283333
1 0.019531 0.487500 0.039062 0.212500
1 0.926562 0.652083 0.137500 0.266667
1 0.585938 0.879167 0.156250 0.212500
1 0.850000 0.112500 0.184375 0.208333
1 0.565625 0.490625 0.184375 0.227083
1 0.289062 0.142708 0.168750 0.231250
1 0.889844 0.413542 0.170313 0.235417
2 0.134375 0.393750 0.062500 0.079167
1 0.727344 0.616667 0.201563 0.241667
1 0.170313 0.561458 0.162500 0.214583
2 0.555469 0.113542 0.064062 0.081250
1 0.084375 0.912500 0.156250 0.175000
1 0.217969 0.715625 0.157813 0.193750
0 0.114063 0.144792 0.175000 0.289583
1 0.719531 0.908333 0.176563 0.183333
1 0.828125 0.912500 0.134375 0.166667
1 0.786719 0.254167 0.192188 0.283333
1 0.019531 0.487500 0.039062 0.212500
1 0.926562 0.652083 0.137500 0.266667
1 0.585938 0.879167 0.156250 0.212500
1 0.850000 0.112500 0.184375 0.208333
1 0.565625 0.490625 0.184375 0.227083
1 0.289062 0.142708 0.168750 0.231250
1 0.889844 0.413542 0.170313 0.235417
2 0.134375 0.393750 0.062500 0.079167
1 0.727344 0.616667 0.201563 0.241667
1 0.170313 0.561458 0.162500 0.214583
2 0.555469 0.113542 0.064062 0.081250
1 0.084375 0.912500 0.156250 0.175000
1 0.217969 0.715625 0.157813 0.193750
0 0.114063 0.144792 0.175000 0.289583
1 0.719531 0.908333 0.176563 0.183333
1 0.828125 0.912500 0.134375 0.166667
1 0.786719 0.254167 0.192188 0.283333
1 0.019531 0.487500 0.039062 0.212500
1 0.926562 0.652083 0.137500 0.266667
1 0.585938 0.879167 0.156250 0.212500
1 0.850000 0.112500 0.184375 0.208333
1 0.565625 0.490625 0.184375 0.227083
1 0.289062 0.142708 0.168750 0.231250
1 0.889844 0.413542 0.170313 0.235417
2 0.134375 0.393750 0.062500 0.079167
1 0.727344 0.616667 0.201563 0.241667
1 0.170313 0.561458 0.162500 0.214583
2 0.555469 0.113542 0.064062 0.081250
1 0.084375 0.912500 0.156250 0.175000
1 0.217969 0.715625 0.157813 0.193750
0 0.114063 0.144792 0.175000 0.289583
1 0.719531 0.908333 0.176563 0.183333
1 0.828125 0.912500 0.134375 0.166667
1 0.786719 0.254167 0.192188 0.283333
1 0.019531 0.487500 0.039062 0.212500
1 0.926562 0.652083 0.137500 0.266667
1 0.585938 0.879167 0.156250 0.212500
1 0.850000 0.112500 0.184375 0.208333
1 0.565625 0.490625 0.184375 0.227083
1 0.289062 0.142708 0.168750 0.231250
1 0.889844 0.413542 0.170313 0.235417
2 0.134375 0.393750 0.062500 0.079167
1 0.727344 0.616667 0.201563 0.241667
1 0.170313 0.561458 0.162500 0.214583
2 0.555469 0.113542 0.064062 0.081250
1 0.084375 0.912500 0.156250 0.175000
1 0.217969 0.715625 0.157813 0.193750
0 0.114063 0.144792 0.175000 0.289583
1 0.719531 0.908333 0.176563 0.183333
1 0.828125 0.912500 0.134375 0.166667
1 0.786719 0.254167 0.192188 0.283333
1 0.019531 0.487500 0.039062 0.212500
1 0.926562 0.652083 0.137500 0.266667
1 0.585938 0.879167 0.156250 0.212500
1 0.850000 0.112500 0.184375 0.208333
1 0.565625 0.490625 0.184375 0.227083
1 0.289062 0.142708 0.168750 0.231250
1 0.889844 0.413542 0.170313 0.235417
2 0.134375 0.393750 0.062500 0.079167
1 0.727344 0.616667 0.201563 0.241667
1 0.170313 0.561458 0.162500 0.214583
2 0.555469 0.113542 0.064062 0.081250
1 0.084375 0.912500 0.156250 0.175000
1 0.217969 0.715625 0.157813 0.193750
0 0.114063 0.144792 0.175000 0.289583
1 0.719531 0.908333 0.176563 0.183333
1 0.828125 0.912500 0.134375 0.166667
1 0.786719 0.254167 0.192188 0.283333
1 0.019531 0.487500 0.039062 0.212500
1 0.926562 0.652083 0.137500 0.266667
1 0.585938 0.879167 0.156250 0.212500
1 0.850000 0.112500 0.184375 0.208333
1 0.565625 0.490625 0.184375 0.227083
1 0.289062 0.142708 0.168750 0.231250
1 0.889844 0.413542 0.170313 0.235417
2 0.134375 0.393750 0.062500 0.079167
1 0.727344 0.616667 0.201563 0.241667
1 0.170313 0.561458 0.162500 0.214583
2 0.555469 0.113542 0.064062 0.081250
1 0.084375 0.912500 0.156250 0.175000
1 0.217969 0.715625 0.157813 0.193750
0 0.114063 0.144792 0.175000 0.289583
1 0.719531 0.908333 0.176563 0.183333
1 0.828125 0.912500 0.134375 0.166667
1 0.786719 0.254167 0.192188 0.283333
1 0.019531 0.487500 0.039062 0.212500
1 0.926562 0.652083 0.137500 0.266667
1 0.585938 0.879167 0.156250 0.212500
1 0.850000 0.112500 0.184375 0.208333
1 0.565625 0.490625 0.184375 0.227083
1 0.289062 0.142708 0.168750 0.231250
1 0.889844 0.413542 0.170313 0.235417
2 0.134375 0.393750 0.062500 0.079167
1 0.727344 0.616667 0.201563 0.241667
1 0.170313 0.561458 0.162500 0.214583
2 0.555469 0.113542 0.064062 0.081250
1 0.084375 0.912500 0.156250 0.175000
1 0.217969 0.715625 0.157813 0.193750
0 0.114063 0.144792 0.175000 0.289583
1 0.719531 0.908333 0.176563 0.183333
1 0.828125 0.912500 0.134375 0.166667
1 0.786719 0.254167 0.192188 0.283333
1 0.019531 0.487500 0.039062 0.212500
1 0.926562 0.652083 0.137500 0.266667
1 0.585938 0.879167 0.156250 0.212500
1 0.850000 0.112500 0.184375 0.208333
1 0.565625 0.490625 0.184375 0.227083
1 0.289062 0.142708 0.168750 0.231250
1 0.889844 0.413542 0.170313 0.235417
2 0.134375 0.393750 0.062500 0.079167
1 0.727344 0.616667 0.201563 0.241667
1 0.170313 0.561458 0.162500 0.214583
2 0.555469 0.113542 0.064062 0.081250
1 0.084375 0.912500 0.156250 0.175000
1 0.217969 0.715625 0.157813 0.193750
0 0.114063 0.144792 0.175000 0.289583
1 0.719531 0.908333 0.176563 0.183333
1 0.828125 0.912500 0.134375 0.166667
1 0.786719 0.254167 0.192188 0.283333
1 0.019531 0.487500 0.039062 0.212500
1 0.926562 0.652083 0.137500 0.266667
1 0.585938 0.879167 0.156250 0.212500
1 0.850000 0.112500 0.184375 0.208333
1 0.565625 0.490625 0.184375 0.227083
1 0.289062 0.142708 0.168750 0.231250
1 0.889844 0.413542 0.170313 0.235417
2 0.134375 0.393750 0.062500 0.079167
1 0.727344 0.616667 0.201563 0.241667
1 0.170313 0.561458 0.162500 0.214583
2 0.555469 0.113542 0.064062 0.081250
1 0.084375 0.912500 0.156250 0.175000
1 0.217969 0.715625 0.157813 0.193750
0 0.114063 0.144792 0.175000 0.289583
1 0.719531 0.908333 0.176563 0.183333
1 0.828125 0.912500 0.134375 0.166667
1 0.786719 0.254167 0.192188 0.283333
1 0.019531 0.487500 0.039062 0.212500
1 0.926562 0.652083 0.137500 0.266667
1 0.585938 0.879167 0.156250 0.212500
1 0.850000 0.112500 0.184375 0.208333
1 0.565625 0.490625 0.184375 0.227083
1 0.289062 0.142708 0.168750 0.231250
1 0.889844 0.413542 0.170313 0.235417
2 0.134375 0.393750 0.062500 0.079167
1 0.727344 0.616667 0.201563 0.241667
1 0.170313 0.561458 0.162500 0.214583
2 0.555469 0.113542 0.064062 0.081250
1 0.084375 0.912500 0.156250 0.175000
1 0.217969 0.715625 0.157813 0.193750
0 0.114063 0.144792 0.175000 0.289583
1 0.719531 0.908333 0.176563 0.183333
1 0.828125 0.912500 0.134375 0.166667
1 0.786719 0.254167 0.192188 0.283333
1 0.019531 0.487500 0.039062 0.212500
1 0.926562 0.652083 0.137500 0.266667
1 0.585938 0.879167 0.156250 0.212500
1 0.850000 0.112500 0.184375 0.208333
1 0.565625 0.490625 0.184375 0.227083
1 0.289062 0.142708 0.168750 0.231250
1 0.889844 0.413542 0.170313 0.235417
2 0.134375 0.393750 0.062500 0.079167
1 0.727344 0.616667 0.201563 0.241667
1 0.170313 0.561458 0.162500 0.214583
2 0.555469 0.113542 0.064062 0.081250
1 0.084375 0.912500 0.156250 0.175000
1 0.217969 0.715625 0.157813 0.193750
0 0.114063 0.144792 0.175000 0.289583
1 0.719531 0.908333 0.176563 0.183333
1 0.828125 0.912500 0.134375 0.166667
1 0.786719 0.254167 0.192188 0.283333
1 0.019531 0.487500 0.039062 0.212500
1 0.926562 0.652083 0.137500 0.266667
1 0.585938 0.879167 0.156250 0.212500
1 0.850000 0.112500 0.184375 0.208333
1 0.565625 0.490625 0.184375 0.227083
1 0.289062 0.142708 0.168750 0.231250
1 0.889844 0.413542 0.170313 0.235417
2 0.134375 0.393750 0.062500 0.079167
1 0.727344 0.616667 0.201563 0.241667
1 0.170313 0.561458 0.162500 0.214583
2 0.555469 0.113542 0.064062 0.081250
1 0.084375 0.912500 0.156250 0.175000
1 0.217969 0.715625 0.157813 0.193750
0 0.114063 0.144792 0.175000 0.289583
1 0.719531 0.908333 0.176563 0.183333
1 0.828125 0.912500 0.134375 0.166667
1 0.786719 0.254167 0.192188 0.283333
1 0.019531 0.487500 0.039062 0.212500
1 0.926562 0.652083 0.137500 0.266667
1 0.585938 0.879167 0.156250 0.212500
1 0.850000 0.112500 0.184375 0.208333
1 0.565625 0.490625 0.184375 0.227083
1 0.289062 0.142708 0.168750 0.231250
1 0.889844 0.413542 0.170313 0.235417
2 0.134375 0.393750 0.062500 0.079167
1 0.727344 0.616667 0.201563 0.241667
1 0.170313 0.561458 0.162500 0.214583
2 0.555469 0.113542 0.064062 0.081250
1 0.084375 0.912500 0.156250 0.175000
1 0.217969 0.715625 0.157813 0.193750
0 0.114063 0.144792 0.175000 0.289583
1 0.719531 0.908333 0.176563 0.183333
1 0.828125 0.912500 0.134375 0.166667
1 0.786719 0.254167 0.192188 0.283333
1 0.019531 0.487500 0.039062 0.212500
1 0.926562 0.652083 0.137500 0.266667
1 0.585938 0.879167 0.156250 0.212500
1 0.850000 0.112500 0.184375 0.208333
1 0.565625 0.490625 0.184375 0.227083
1 0.289062 0.142708 0.168750 0.231250
1 0.889844 0.413542 0.170313 0.235417
2 0.134375 0.393750 0.062500 0.079167
1 0.727344 0.616667 0.201563 0.241667
1 0.170313 0.561458 0.162500 0.214583
2 0.555469 0.113542 0.064062 0.081250
1 0.084375 0.912500 0.156250 0.175000
1 0.217969 0.715625 0.157813 0.193750
0 0.114063 0.144792 0.175000 0.289583
