1 0.955469 0.043750 0.089063 0.079167
1 0.035937 0.244792 0.071875 0.189583
1 0.028906 0.806250 0.057813 0.216667
1 0.031250 0.598958 0.059375 0.202083
2 0.903906 0.739583 0.051562 0.066667
1 0.732031 0.069792 0.201563 0.139583
1 0.773438 0.497917 0.159375 0.262500
1 0.742188 0.254167 0.168750 0.200000
1 0.048438 0.111458 0.096875 0.189583
1 0.410938 0.208333 0.150000 0.183333
1 0.282031 0.912500 0.154688 0.175000
1 0.538281 0.086458 0.170313 0.172917
1 0.905469 0.929167 0.173438 0.133333
1 0.906250 0.598958 0.165625 0.181250
1 0.610938 0.363542 0.181250 0.206250
1 0.389844 0.406250 0.157813 0.220833
1 0.305469 0.680208 0.154688 0.197917
1 0.143750 0.629167 0.162500 0.220833
1 0.166406 0.247917 0.164062 0.212500
0 0.561719 0.631250 0.329688 0.433333
1 0.788281 0.773958 0.179688 0.222917
1 0.955469 0.043750 0.089063 0.079167
1 0.035937 0.244792 0.071875 0.189583
1 0.028906 0.806250 0.057813 0.216667
1 0.031250 0.598958 0.059375 0.202083
2 0.903906 0.739583 0.051562 0.066667
1 0.732031 0.069792 0.201563 0.139583
1 0.773438 0.497917 0.159375 0.262500
1 0.742188 0.254167 0.168750 0.200000
1 0.048438 0.111458 0.096875 0.189583
1 0.410938 0.208333 0.150000 0.183333
1 0.282031 0.912500 0.154688 0.175000
1 0.538281 0.086458 0.170313 0.172917
1 0.905469 0.929167 0.173438 0.133333
1 0.906250 0.598958 0.165625 0.181250
1 0.610938 0.363542 0.181250 0.206250
1 0.389844 0.406250 0.157813 0.220833
1 0.305469 0.680208 0.154688 0.197917
1 0.143750 0.629167 0.162500 0.220833
1 0.166406 0.247917 0.164062 0.212500
0 0.561719 0.631250 0.329688 0.433333
1 0.788281 0.773958 0.179688 0.222917
1 0.955469 0.043750 0.089063 0.079167
1 0.035937 0.244792 0.071875 0.189583
1 0.028906 0.806250 0.057813 0.216667
1 0.031250 0.598958 0.059375 0.202083
2 0.903906 0.739583 0.051562 0.066667
1 0.732031 0.069792 0.201563 0.139583
1 0.773438 0.497917 0.159375 0.262500
1 0.742188 0.254167 0.168750 0.200000
1 0.048438 0.111458 0.096875 0.189583
1 0.410938 0.208333 0.150000 0.183333
1 0.282031 0.912500 0.154688 0.175000
1 0.538281 0.086458 0.170313 0.172917
1 0.905469 0.929167 0.173438 0.133333
1 0.906250 0.598958 0.165625 0.181250
1 0.610938 0.363542 0.181250 0.206250
1 0.389844 0.406250 0.157813 0.220833
1 0.305469 0.680208 0.154688 0.197917
1 0.143750 0.629167 0.162500 0.220833
1 0.166406 0.247917 0.164062 0.212500
0 0.561719 0.631250 0.329688 0.433333
1 0.788281 0.773958 0.179688 0.222917
1 0.955469 0.043750 0.089063 0.079167
1 0.035937 0.244792 0.071875 0.189583
1 0.028906 0.806250 0.057813 0.216667
1 0.031250 0.598958 0.059375 0.202083
2 0.903906 0.739583 0.051562 0.066667
1 0.732031 0.069792 0.201563 0.139583
1 0.773438 0.497917 0.159375 0.262500
1 0.742188 0.254167 0.168750 0.200000
1 0.048438 0.111458 0.096875 0.189583
1 0.410938 0.208333 0.150000 0.183333
1 0.282031 0.912500 0.154688 0.175000
1 0.538281 0.086458 0.170313 0.172917
1 0.905469 0.929167 0.173438 0.133333
1 0.906250 0.598958 0.165625 0.181250
1 0.610938 0.363542 0.181250 0.206250
1 0.389844 0.406250 0.157813 0.220833
1 0.305469 0.680208 0.154688 0.197917
1 0.143750 0.629167 0.162500 0.220833
1 0.166406 0.247917 0.164062 0.212500
0 0.561719 0.631250 0.329688 0.433333
1 0.788281 0.773958 0.179688 0.222917
1 0.955469 0.043750 0.089063 0.079167
1 0.035937 0.244792 0.071875 0.189583
1 0.028906 0.806250 0.057813 0.216667
1 0.031250 0.598958 0.059375 0.202083
2 0.903906 0.739583 0.051562 0.066667
1 0.732031 0.069792 0.201563 0.139583
1 0.773438 0.497917 0.159375 0.262500
1 0.742188 0.254167 0.168750 0.200000
1 0.048438 0.111458 0.096875 0.189583
1 0.410938 0.208333 0.150000 0.183333
1 0.282031 0.912500 0.154688 0.175000
1 0.538281 0.086458 0.170313 0.172917
1 0.905469 0.929167 0.173438 0.133333
1 0.906250 0.598958 0.165625 0.181250
1 0.610938 0.363542 0.181250 0.206250
1 0.389844 0.406250 0.157813 0.220833
1 0.305469 0.680208 0.154688 0.197917
1 0.143750 0.629167 0.162500 0.220833
1 0.166406 0.247917 0.164062 0.212500
0 0.561719 0.631250 0.329688 0.433333
1 0.788281 0.773958 0.179688 0.222917
1 0.955469 0.043750 0.089063 0.079167
1 0.035937 0.244792 0.071875 0.189583
1 0.028906 0.806250 0.057813 0.216667
1 0.031250 0.598958 0.059375 0.202083
2 0.903906 0.739583 0.051562 0.066667
1 0.732031 0.069792 0.201563 0.139583
1 0.773438 0.497917 0.159375 0.262500
1 0.742188 0.254167 0.168750 0.200000
1 0.048438 0.111458 0.096875 0.189583
1 0.410938 0.208333 0.150000 0.183333
1 0.282031 0.912500 0.154688 0.175000
1 0.538281 0.086458 0.170313 0.172917
1 0.905469 0.929167 0.173438 0.133333
1 0.906250 0.598958 0.165625 0.181250
1 0.610938 0.363542 0.181250 0.206250
1 0.389844 0.406250 0.157813 0.220833
1 0.305469 0.680208 0.154688 0.197917
1 0.143750 0.629167 0.162500 0.220833
1 0.166406 0.247917 0.164062 0.212500
0 0.561719 0.631250 0.329688 0.433333
1 0.788281 0.773958 0.179688 0.222917
1 0.955469 0.043750 0.089063 0.079167
1 0.035937 0.244792 0.071875 0.189583
1 0.028906 0.806250 0.057813 0.216667
1 0.031250 0.598958 0.059375 0.202083
2 0.903906 0.739583 0.051562 0.066667
1 0.732031 0.069792 0.201563 0.139583
1 0.773438 0.497917 0.159375 0.262500
1 0.742188 0.254167 0.168750 0.200000
1 0.048438 0.111458 0.096875 0.189583
1 0.410938 0.208333 0.150000 0.183333
1 0.282031 0.912500 0.154688 0.175000
1 0.538281 0.086458 0.170313 0.172917
1 0.905469 0.929167 0.173438 0.133333
1 0.906250 0.598958 0.165625 0.181250
1 0.610938 0.363542 0.181250 0.206250
1 0.389844 0.406250 0.157813 0.220833
1 0.305469 0.680208 0.154688 0.197917
1 0.143750 0.629167 0.162500 0.220833
1 0.166406 0.247917 0.164062 0.212500
0 0.561719 0.631250 0.329688 0.433333
1 0.788281 0.773958 0.179688 0.222917
1 0.955469 0.043750 0.089063 0.079167
1 0.035937 0.244792 0.071875 0.189583
1 0.028906 0.806250 0.057813 0.216667
1 0.031250 0.598958 0.059375 0.202083
2 0.903906 0.739583 0.051562 0.066667
1 0.732031 0.069792 0.201563 0.139583
1 0.773438 0.497917 0.159375 0.262500
1 0.742188 0.254167 0.168750 0.200000
1 0.048438 0.111458 0.096875 0.189583
1 0.410938 0.208333 0.150000 0.183333
1 0.282031 0.912500 0.154688 0.175000
1 0.538281 0.086458 0.170313 0.172917
1 0.905469 0.929167 0.173438 0.133333
1 0.906250 0.598958 0.165625 0.181250
1 0.610938 0.363542 0.181250 0.206250
1 0.389844 0.406250 0.157813 0.220833
1 0.305469 0.680208 0.154688 0.197917
1 0.143750 0.629167 0.162500 0.220833
1 0.166406 0.247917 0.164062 0.212500
0 0.561719 0.631250 0.329688 0.433333
1 0.788281 0.773958 0.179688 0.222917
1 0.955469 0.043750 0.089063 0.079167
1 0.035937 0.244792 0.071875 0.189583
1 0.028906 0.806250 0.057813 0.216667
1 0.031250 0.598958 0.059375 0.202083
2 0.903906 0.739583 0.051562 0.066667
1 0.732031 0.069792 0.201563 0.139583
1 0.773438 0.497917 0.159375 0.262500
1 0.742188 0.254167 0.168750 0.200000
1 0.048438 0.111458 0.096875 0.189583
1 0.410938 0.208333 0.150000 0.183333
1 0.282031 0.912500 0.154688 0.175000
1 0.538281 0.086458 0.170313 0.172917
1 0.905469 0.929167 0.173438 0.133333
1 0.906250 0.598958 0.165625 0.181250
1 0.610938 0.363542 0.181250 0.206250
1 0.389844 0.406250 0.157813 0.220833
1 0.305469 0.680208 0.154688 0.197917
1 0.143750 0.629167 0.162500 0.220833
1 0.166406 0.247917 0.164062 0.212500
0 0.561719 0.631250 0.329688 0.433333
1 0.788281 0.773958 0.179688 0.222917
1 0.955469 0.043750 0.089063 0.079167
1 0.035937 0.244792 0.071875 0.189583
1 0.028906 0.806250 0.057813 0.216667
1 0.031250 0.598958 0.059375 0.202083
2 0.903906 0.739583 0.051562 0.066667
1 0.732031 0.069792 0.201563 0.139583
1 0.773438 0.497917 0.159375 0.262500
1 0.742188 0.254167 0.168750 0.200000
1 0.048438 0.111458 0.096875 0.189583
1 0.410938 0.208333 0.150000 0.183333
1 0.282031 0.912500 0.154688 0.175000
1 0.538281 0.086458 0.170313 0.172917
1 0.905469 0.929167 0.173438 0.133333
1 0.906250 0.598958 0.165625 0.181250
1 0.610938 0.363542 0.181250 0.206250
1 0.389844 0.406250 0.157813 0.220833
1 0.305469 0.680208 0.154688 0.197917
1 0.143750 0.629167 0.162500 0.220833
1 0.166406 0.247917 0.164062 0.212500
0 0.561719 0.631250 0.329688 0.433333
1 0.788281 0.773958 0.179688 0.222917
1 0.955469 0.043750 0.089063 0.079167
1 0.035937 0.244792 0.071875 0.189583
1 0.028906 0.806250 0.057813 0.216667
1 0.031250 0.598958 0.059375 0.202083
2 0.903906 0.739583 0.051562 0.066667
1 0.732031 0.069792 0.201563 0.139583
1 0.773438 0.497917 0.159375 0.262500
1 0.742188 0.254167 0.168750 0.200000
1 0.048438 0.111458 0.096875 0.189583
1 0.410938 0.208333 0.150000 0.183333
1 0.282031 0.912500 0.154688 0.175000
1 0.538281 0.086458 0.170313 0.172917
1 0.905469 0.929167 0.173438 0.133333
1 0.906250 0.598958 0.165625 0.181250
1 0.610938 0.363542 0.181250 0.206250
1 0.389844 0.406250 0.157813 0.220833
1 0.305469 0.680208 0.154688 0.197917
1 0.143750 0.629167 0.162500 0.220833
1 0.166406 0.247917 0.164062 0.212500
0 0.561719 0.631250 0.329688 0.433333
1 0.788281 0.773958 0.179688 0.222917
1 0.955469 0.043750 0.089063 0.079167
1 0.035937 0.244792 0.071875 0.189583
1 0.028906 0.806250 0.057813 0.216667
1 0.031250 0.598958 0.059375 0.202083
2 0.903906 0.739583 0.051562 0.066667
1 0.732031 0.069792 0.201563 0.139583
1 0.773438 0.497917 0.159375 0.262500
1 0.742188 0.254167 0.168750 0.200000
1 0.048438 0.111458 0.096875 0.189583
1 0.410938 0.208333 0.150000 0.183333
1 0.282031 0.912500 0.154688 0.175000
1 0.538281 0.086458 0.170313 0.172917
1 0.905469 0.929167 0.173438 0.133333
1 0.906250 0.598958 0.165625 0.181250
1 0.610938 0.363542 0.181250 0.206250
1 0.389844 0.406250 0.157813 0.220833
1 0.305469 0.680208 0.154688 0.197917
1 0.143750 0.629167 0.162500 0.220833
1 0.166406 0.247917 0.164062 0.212500
0 0.561719 0.631250 0.329688 0.433333
1 0.788281 0.773958 0.179688 0.222917
1 0.955469 0.043750 0.089063 0.079167
1 0.035937 0.244792 0.071875 0.189583
1 0.028906 0.806250 0.057813 0.216667
1 0.031250 0.598958 0.059375 0.202083
2 0.903906 0.739583 0.051562 0.066667
1 0.732031 0.069792 0.201563 0.139583
1 0.773438 0.497917 0.159375 0.262500
1 0.742188 0.254167 0.168750 0.200000
1 0.048438 0.111458 0.096875 0.189583
1 0.410938 0.208333 0.150000 0.183333
1 0.282031 0.912500 0.154688 0.175000
1 0.538281 0.086458 0.170313 0.172917
1 0.905469 0.929167 0.173438 0.133333
1 0.906250 0.598958 0.165625 0.181250
1 0.610938 0.363542 0.181250 0.206250
1 0.389844 0.406250 0.157813 0.220833
1 0.305469 0.680208 0.154688 0.197917
1 0.143750 0.629167 0.162500 0.220833
1 0.166406 0.247917 0.164062 0.212500
0 0.561719 0.631250 0.329688 0.433333
1 0.788281 0.773958 0.179688 0.222917
1 0.955469 0.043750 0.089063 0.079167
1 0.035937 0.244792 0.071875 0.189583
1 0.028906 0.806250 0.057813 0.216667
1 0.031250 0.598958 0.059375 0.202083
2 0.903906 0.739583 0.051562 0.066667
1 0.732031 0.069792 0.201563 0.139583
1 0.773438 0.497917 0.159375 0.262500
1 0.742188 0.254167 0.168750 0.200000
1 0.048438 0.111458 0.096875 0.189583
1 0.410938 0.208333 0.150000 0.183333
1 0.282031 0.912500 0.154688 0.175000
1 0.538281 0.086458 0.170313 0.172917
1 0.905469 0.929167 0.173438 0.133333
1 0.906250 0.598958 0.165625 0.181250
1 0.610938 0.363542 0.181250 0.206250
1 0.389844 0.406250 0.157813 0.220833
1 0.305469 0.680208 0.154688 0.197917
1 0.143750 0.629167 0.162500 0.220833
1 0.166406 0.247917 0.164062 0.212500
0 0.561719 0.631250 0.329688 0.433333
1 0.788281 0.773958 0.179688 0.222917
1 0.955469 0.043750 0.089063 0.079167
1 0.035937 0.244792 0.071875 0.189583
1 0.028906 0.806250 0.057813 0.216667
1 0.031250 0.598958 0.059375 0.202083
2 0.903906 0.739583 0.051562 0.066667
1 0.732031 0.069792 0.201563 0.139583
1 0.773438 0.497917 0.159375 0.262500
1 0.742188 0.254167 0.168750 0.200000
1 0.048438 0.111458 0.096875 0.189583
1 0.410938 0.208333 0.150000 0.183333
1 0.282031 0.912500 0.154688 0.175000
1 0.538281 0.086458 0.170313 0.172917
1 0.905469 0.929167 0.173438 0.133333
1 0.906250 0.598958 0.165625 0.181250
1 0.610938 0.363542 0.181250 0.206250
1 0.389844 0.406250 0.157813 0.220833
1 0.305469 0.680208 0.154688 0.197917
1 0.143750 0.629167 0.162500 0.220833
1 0.166406 0.247917 0.164062 0.212500
0 0.561719 0.631250 0.329688 0.433333
1 0.788281 0.773958 0.179688 0.222917
1 0.955469 0.043750 0.089063 0.079167
1 0.035937 0.244792 0.071875 0.189583
1 0.028906 0.806250 0.057813 0.216667
1 0.031250 0.598958 0.059375 0.202083
2 0.903906 0.739583 0.051562 0.066667
1 0.732031 0.069792 0.201563 0.139583
1 0.773438 0.497917 0.159375 0.262500
1 0.742188 0.254167 0.168750 0.200000
1 0.048438 0.111458 0.096875 0.189583
1 0.410938 0.208333 0.150000 0.183333
1 0.282031 0.912500 0.154688 0.175000
1 0.538281 0.086458 0.170313 0.172917
1 0.905469 0.929167 0.173438 0.133333
1 0.906250 0.598958 0.165625 0.181250
1 0.610938 0.363542 0.181250 0.206250
1 0.389844 0.406250 0.157813 0.220833
1 0.305469 0.680208 0.154688 0.197917
1 0.143750 0.629167 0.162500 0.220833
1 0.166406 0.247917 0.164062 0.212500
0 0.561719 0.631250 0.329688 0.433333
1 0.788281 0.773958 0.179688 0.222917
1 0.955469 0.043750 0.089063 0.079167
1 0.035937 0.244792 0.071875 0.189583
1 0.028906 0.806250 0.057813 0.216667
1 0.031250 0.598958 0.059375 0.202083
2 0.903906 0.739583 0.051562 0.066667
1 0.732031 0.069792 0.201563 0.139583
1 0.773438 0.497917 0.159375 0.262500
1 0.742188 0.254167 0.168750 0.200000
1 0.048438 0.111458 0.096875 0.189583
1 0.410938 0.208333 0.150000 0.183333
1 0.282031 0.912500 0.154688 0.175000
1 0.538281 0.086458 0.170313 0.172917
1 0.905469 0.929167 0.173438 0.133333
1 0.906250 0.598958 0.165625 0.181250
1 0.610938 0.363542 0.181250 0.206250
1 0.389844 0.406250 0.157813 0.220833
1 0.305469 0.680208 0.154688 0.197917
1 0.143750 0.629167 0.162500 0.220833
1 0.166406 0.247917 0.164062 0.212500
0 0.561719 0.631250 0.329688 0.433333
1 0.788281 0.773958 0.179688 0.222917
1 0.955469 0.043750 0.089063 0.079167
1 0.035937 0.244792 0.071875 0.189583
1 0.028906 0.806250 0.057813 0.216667
1 0.031250 0.598958 0.059375 0.202083
2 0.903906 0.739583 0.051562 0.066667
1 0.732031 0.069792 0.201563 0.139583
1 0.773438 0.497917 0.159375 0.262500
1 0.742188 0.254167 0.168750 0.200000
1 0.048438 0.111458 0.096875 0.189583
1 0.410938 0.208333 0.150000 0.183333
1 0.282031 0.912500 0.154688 0.175000
1 0.538281 0.086458 0.170313 0.172917
1 0.905469 0.929167 0.173438 0.133333
1 0.906250 0.598958 0.165625 0.181250
1 0.610938 0.363542 0.181250 0.206250
1 0.389844 0.406250 0.157813 0.220833
1 0.305469 0.680208 0.154688 0.197917
1 0.143750 0.629167 0.162500 0.220833
1 0.166406 0.247917 0.164062 0.212500
0 0.561719 0.631250 0.329688 0.433333
1 0.788281 0.773958 0.179688 0.222917
1 0.955469 0.043750 0.089063 0.079167
1 0.035937 0.244792 0.071875 0.189583
1 0.028906 0.806250 0.057813 0.216667
1 0.031250 0.598958 0.059375 0.202083
2 0.903906 0.739583 0.051562 0.066667
1 0.732031 0.069792 0.201563 0.139583
1 0.773438 0.497917 0.159375 0.262500
1 0.742188 0.254167 0.168750 0.200000
1 0.048438 0.111458 0.096875 0.189583
1 0.410938 0.208333 0.150000 0.183333
1 0.282031 0.912500 0.154688 0.175000
1 0.538281 0.086458 0.170313 0.172917
1 0.905469 0.929167 0.173438 0.133333
1 0.906250 0.598958 0.165625 0.181250
1 0.610938 0.363542 0.181250 0.206250
1 0.389844 0.406250 0.157813 0.220833
1 0.305469 0.680208 0.154688 0.197917
1 0.143750 0.629167 0.162500 0.220833
1 0.166406 0.247917 0.164062 0.212500
0 0.561719 0.631250 0.329688 0.433333
1 0.788281 0.773958 0.179688 0.222917
1 0.955469 0.043750 0.089063 0.079167
1 0.035937 0.244792 0.071875 0.189583
1 0.028906 0.806250 0.057813 0.216667
1 0.031250 0.598958 0.059375 0.202083
2 0.903906 0.739583 0.051562 0.066667
1 0.732031 0.069792 0.201563 0.139583
1 0.773438 0.497917 0.159375 0.262500
1 0.742188 0.254167 0.168750 0.200000
1 0.048438 0.111458 0.096875 0.189583
1 0.410938 0.208333 0.150000 0.183333
1 0.282031 0.912500 0.154688 0.175000
1 0.538281 0.086458 0.170313 0.172917
1 0.905469 0.929167 0.173438 0.133333
1 0.906250 0.598958 0.165625 0.181250
1 0.610938 0.363542 0.181250 0.206250
1 0.389844 0.406250 0.157813 0.220833
1 0.305469 0.680208 0.154688 0.197917
1 0.143750 0.629167 0.162500 0.220833
1 0.166406 0.247917 0.164062 0.212500
0 0.561719 0.631250 0.329688 0.433333
1 0.788281 0.773958 0.179688 0.222917
1 0.955469 0.043750 0.089063 0.079167
1 0.035937 0.244792 0.071875 0.189583
1 0.028906 0.806250 0.057813 0.216667
1 0.031250 0.598958 0.059375 0.202083
2 0.903906 0.739583 0.051562 0.066667
1 0.732031 0.069792 0.201563 0.139583
1 0.773438 0.497917 0.159375 0.262500
1 0.742188 0.254167 0.168750 0.200000
1 0.048438 0.111458 0.096875 0.189583
1 0.410938 0.208333 0.150000 0.183333
1 0.282031 0.912500 0.154688 0.175000
1 0.538281 0.086458 0.170313 0.172917
1 0.905469 0.929167 0.173438 0.133333
1 0.906250 0.598958 0.165625 0.181250
1 0.610938 0.363542 0.181250 0.206250
1 0.389844 0.406250 0.157813 0.220833
1 0.305469 0.680208 0.154688 0.197917
1 0.143750 0.629167 0.162500 0.220833
1 0.166406 0.247917 0.164062 0.212500
0 0.561719 0.631250 0.329688 0.433333
1 0.788281 0.773958 0.179688 0.222917
