2 0.060938 0.522917 0.071875 0.108333
1 0.028906 0.567708 0.057813 0.164583
1 0.632031 0.414583 0.145313 0.216667
2 0.957031 0.851042 0.060938 0.081250
1 0.443750 0.794792 0.184375 0.218750
1 0.048438 0.855208 0.093750 0.189583
1 0.460938 0.527083 0.168750 0.229167
1 0.302344 0.900000 0.145313 0.183333
1 0.600781 0.935417 0.170313 0.129167
2 0.082813 0.511458 0.059375 0.072917
1 0.036719 0.445833 0.073438 0.175000
1 0.538281 0.060417 0.176563 0.120833
1 0.128125 0.935417 0.153125 0.120833
1 0.048438 0.217708 0.096875 0.227083
1 0.101562 0.656250 0.178125 0.216667
1 0.955469 0.689583 0.089063 0.254167
1 0.720313 0.884375 0.171875 0.231250
1 0.717969 0.628125 0.185938 0.243750
1 0.936719 0.333333 0.126563 0.245833
1 0.359375 0.679167 0.162500 0.225000
0 0.308594 0.223958 0.364063 0.447917
1 0.794531 0.301042 0.170313 0.222917
2 0.060938 0.522917 0.071875 0.108333
1 0.028906 0.567708 0.057813 0.164583
1 0.632031 0.414583 0.145313 0.216667
2 0.957031 0.851042 0.060938 0.081250
1 0.443750 0.794792 0.184375 0.218750
1 0.048438 0.855208 0.093750 0.189583
1 0.460938 0.527083 0.168750 0.229167
1 0.302344 0.900000 0.145313 0.183333
1 0.600781 0.935417 0.170313 0.129167
2 0.082813 0.511458 0.059375 0.072917
1 0.036719 0.445833 0.073438 0.175000
1 0.538281 0.060417 0.176563 0.120833
1 0.128125 0.935417 0.153125 0.120833
1 0.048438 0.217708 0.096875 0.227083
1 0.101562 0.656250 0.178125 0.216667
1 0.955469 0.689583 0.089063 0.254167
1 0.720313 0.884375 0.171875 0.231250
1 0.717969 0.628125 0.185938 0.243750
1 0.936719 0.333333 0.126563 0.245833
1 0.359375 0.679167 0.162500 0.225000
0 0.308594 0.223958 0.364063 0.447917
1 0.794531 0.301042 0.170313 0.222917
2 0.060938 0.522917 0.071875 0.108333
1 0.028906 0.567708 0.057813 0.164583
1 0.632031 0.414583 0.145313 0.216667
2 0.957031 0.851042 0.060938 0.081250
1 0.443750 0.794792 0.184375 0.218750
1 0.048438 0.855208 0.093750 0.189583
1 0.460938 0.527083 0.168750 0.229167
1 0.302344 0.900000 0.145313 0.183333
1 0.600781 0.935417 0.170313 0.129167
2 0.082813 0.511458 0.059375 0.072917
1 0.036719 0.445833 0.073438 0.175000
1 0.538281 0.060417 0.176563 0.120833
1 0.128125 0.935417 0.153125 0.120833
1 0.048438 0.217708 0.096875 0.227083
1 0.101562 0.656250 0.178125 0.216667
1 0.955469 0.689583 0.089063 0.254167
1 0.720313 0.884375 0.171875 0.231250
1 0.717969 0.628125 0.185938 0.243750
1 0.936719 0.333333 0.126563 0.245833
1 0.359375 0.679167 0.162500 0.225000
0 0.308594 0.223958 0.364063 0.447917
1 0.794531 0.301042 0.170313 0.222917
2 0.060938 0.522917 0.071875 0.108333
1 0.028906 0.567708 0.057813 0.164583
1 0.632031 0.414583 0.145313 0.216667
2 0.957031 0.851042 0.060938 0.081250
1 0.443750 0.794792 0.184375 0.218750
1 0.048438 0.855208 0.093750 0.189583
1 0.460938 0.527083 0.168750 0.229167
1 0.302344 0.900000 0.145313 0.183333
1 0.600781 0.935417 0.170313 0.129167
2 0.082813 0.511458 0.059375 0.072917
1 0.036719 0.445833 0.073438 0.175000
1 0.538281 0.060417 0.176563 0.120833
1 0.128125 0.935417 0.153125 0.120833
1 0.048438 0.217708 0.096875 0.227083
1 0.101562 0.656250 0.178125 0.216667
1 0.955469 0.689583 0.089063 0.254167
1 0.720313 0.884375 0.171875 0.231250
1 0.717969 0.628125 0.185938 0.243750
1 0.936719 0.333333 0.126563 0.245833
1 0.359375 0.679167 0.162500 0.225000
0 0.308594 0.223958 0.364063 0.447917
1 0.794531 0.301042 0.170313 0.222917
2 0.060938 0.522917 0.071875 0.108333
1 0.028906 0.567708 0.057813 0.164583
1 0.632031 0.414583 0.145313 0.216667
2 0.957031 0.851042 0.060938 0.081250
1 0.443750 0.794792 0.184375 0.218750
1 0.048438 0.855208 0.093750 0.189583
1 0.460938 0.527083 0.168750 0.229167
1 0.302344 0.900000 0.145313 0.183333
1 0.600781 0.935417 0.170313 0.129167
2 0.082813 0.511458 0.059375 0.072917
1 0.036719 0.445833 0.073438 0.175000
1 0.538281 0.060417 0.176563 0.120833
1 0.128125 0.935417 0.153125 0.120833
1 0.048438 0.217708 0.096875 0.227083
1 0.101562 0.656250 0.178125 0.216667
1 0.955469 0.689583 0.089063 0.254167
1 0.720313 0.884375 0.171875 0.231250
1 0.717969 0.628125 0.185938 0.243750
1 0.936719 0.333333 0.126563 0.245833
1 0.359375 0.679167 0.162500 0.225000
0 0.308594 0.223958 0.364063 0.447917
1 0.794531 0.301042 0.170313 0.222917
2 0.060938 0.522917 0.071875 0.108333
1 0.028906 0.567708 0.057813 0.164583
1 0.632031 0.414583 0.145313 0.216667
2 0.957031 0.851042 0.060938 0.081250
1 0.443750 0.794792 0.184375 0.218750
1 0.048438 0.855208 0.093750 0.189583
1 0.460938 0.527083 0.168750 0.229167
1 0.302344 0.900000 0.145313 0.183333
1 0.600781 0.935417 0.170313 0.129167
2 0.082813 0.511458 0.059375 0.072917
1 0.036719 0.445833 0.073438 0.175000
1 0.538281 0.060417 0.176563 0.120833
1 0.128125 0.935417 0.153125 0.120833
1 0.048438 0.217708 0.096875 0.227083
1 0.101562 0.656250 0.178125 0.216667
1 0.955469 0.689583 0.089063 0.254167
1 0.720313 0.884375 0.171875 0.231250
1 0.717969 0.628125 0.185938 0.243750
1 0.936719 0.333333 0.126563 0.245833
1 0.359375 0.679167 0.162500 0.225000
0 0.308594 0.223958 0.364063 0.447917
1 0.794531 0.301042 0.170313 0.222917
2 0.060938 0.522917 0.071875 0.108333
1 0.028906 0.567708 0.057813 0.164583
1 0.632031 0.414583 0.145313 0.216667
2 0.957031 0.851042 0.060938 0.081250
1 0.443750 0.794792 0.184375 0.218750
1 0.048438 0.855208 0.093750 0.189583
1 0.460938 0.527083 0.168750 0.229167
1 0.302344 0.900000 0.145313 0.183333
1 0.600781 0.935417 0.170313 0.129167
2 0.082813 0.511458 0.059375 0.072917
1 0.036719 0.445833 0.073438 0.175000
1 0.538281 0.060417 0.176563 0.120833
1 0.128125 0.935417 0.153125 0.120833
1 0.048438 0.217708 0.096875 0.227083
1 0.101562 0.656250 0.178125 0.216667
1 0.955469 0.689583 0.089063 0.254167
1 0.720313 0.884375 0.171875 0.231250
1 0.717969 0.628125 0.185938 0.243750
1 0.936719 0.333333 0.126563 0.245833
1 0.359375 0.679167 0.162500 0.225000
0 0.308594 0.223958 0.364063 0.447917
1 0.794531 0.301042 0.170313 0.222917
2 0.060938 0.522917 0.071875 0.108333
1 0.028906 0.567708 0.057813 0.164583
1 0.632031 0.414583 0.145313 0.216667
2 0.957031 0.851042 0.060938 0.081250
1 0.443750 0.794792 0.184375 0.218750
1 0.048438 0.855208 0.093750 0.189583
1 0.460938 0.527083 0.168750 0.229167
1 0.302344 0.900000 0.145313 0.183333
1 0.600781 0.935417 0.170313 0.129167
2 0.082813 0.511458 0.059375 0.072917
1 0.036719 0.445833 0.073438 0.175000
1 0.538281 0.060417 0.176563 0.120833
1 0.128125 0.935417 0.153125 0.120833
1 0.048438 0.217708 0.096875 0.227083
1 0.101562 0.656250 0.178125 0.216667
1 0.955469 0.689583 0.089063 0.254167
1 0.720313 0.884375 0.171875 0.231250
1 0.717969 0.628125 0.185938 0.243750
1 0.936719 0.333333 0.126563 0.245833
1 0.359375 0.679167 0.162500 0.225000
0 0.308594 0.223958 0.364063 0.447917
1 0.794531 0.301042 0.170313 0.222917
2 0.060938 0.522917 0.071875 0.108333
1 0.028906 0.567708 0.057813 0.164583
1 0.632031 0.414583 0.145313 0.216667
2 0.957031 0.851042 0.060938 0.081250
1 0.443750 0.794792 0.184375 0.218750
1 0.048438 0.855208 0.093750 0.189583
1 0.460938 0.527083 0.168750 0.229167
1 0.302344 0.900000 0.145313 0.183333
1 0.600781 0.935417 0.170313 0.129167
2 0.082813 0.511458 0.059375 0.072917
1 0.036719 0.445833 0.073438 0.175000
1 0.538281 0.060417 0.176563 0.120833
1 0.128125 0.935417 0.153125 0.120833
1 0.048438 0.217708 0.096875 0.227083
1 0.101562 0.656250 0.178125 0.216667
1 0.955469 0.689583 0.089063 0.254167
1 0.720313 0.884375 0.171875 0.231250
1 0.717969 0.628125 0.185938 0.243750
1 0.936719 0.333333 0.126563 0.245833
1 0.359375 0.679167 0.162500 0.225000
0 0.308594 0.223958 0.364063 0.447917
1 0.794531 0.301042 0.170313 0.222917
2 0.060938 0.522917 0.071875 0.108333
1 0.028906 0.567708 0.057813 0.164583
1 0.632031 0.414583 0.145313 0.216667
2 0.957031 0.851042 0.060938 0.081250
1 0.443750 0.794792 0.184375 0.218750
1 0.048438 0.855208 0.093750 0.189583
1 0.460938 0.527083 0.168750 0.229167
1 0.302344 0.900000 0.145313 0.183333
1 0.600781 0.935417 0.170313 0.129167
2 0.082813 0.511458 0.059375 0.072917
1 0.036719 0.445833 0.073438 0.175000
1 0.538281 0.060417 0.176563 0.120833
1 0.128125 0.935417 0.153125 0.120833
1 0.048438 0.217708 0.096875 0.227083
1 0.101562 0.656250 0.178125 0.216667
1 0.955469 0.689583 0.089063 0.254167
1 0.720313 0.884375 0.171875 0.231250
1 0.717969 0.628125 0.185938 0.243750
1 0.936719 0.333333 0.126563 0.245833
1 0.359375 0.679167 0.162500 0.225000
0 0.308594 0.223958 0.364063 0.447917
1 0.794531 0.301042 0.170313 0.222917
2 0.060938 0.522917 0.071875 0.108333
1 0.028906 0.567708 0.057813 0.164583
1 0.632031 0.414583 0.145313 0.216667
2 0.957031 0.851042 0.060938 0.081250
1 0.443750 0.794792 0.184375 0.218750
1 0.048438 0.855208 0.093750 0.189583
1 0.460938 0.527083 0.168750 0.229167
1 0.302344 0.900000 0.145313 0.183333
1 0.600781 0.935417 0.170313 0.129167
2 0.082813 0.511458 0.059375 0.072917
1 0.036719 0.445833 0.073438 0.175000
1 0.538281 0.060417 0.176563 0.120833
1 0.128125 0.935417 0.153125 0.120833
1 0.048438 0.217708 0.096875 0.227083
1 0.101562 0.656250 0.178125 0.216667
1 0.955469 0.689583 0.089063 0.254167
1 0.720313 0.884375 0.171875 0.231250
1 0.717969 0.628125 0.185938 0.243750
1 0.936719 0.333333 0.126563 0.245833
1 0.359375 0.679167 0.162500 0.225000
0 0.308594 0.223958 0.364063 0.447917
1 0.794531 0.301042 0.170313 0.222917
2 0.060938 0.522917 0.071875 0.108333
1 0.028906 0.567708 0.057813 0.164583
1 0.632031 0.414583 0.145313 0.216667
2 0.957031 0.851042 0.060938 0.081250
1 0.443750 0.794792 0.184375 0.218750
1 0.048438 0.855208 0.093750 0.189583
1 0.460938 0.527083 0.168750 0.229167
1 0.302344 0.900000 0.145313 0.183333
1 0.600781 0.935417 0.170313 0.129167
2 0.082813 0.511458 0.059375 0.072917
1 0.036719 0.445833 0.073438 0.175000
1 0.538281 0.060417 0.176563 0.120833
1 0.128125 0.935417 0.153125 0.120833
1 0.048438 0.217708 0.096875 0.227083
1 0.101562 0.656250 0.178125 0.216667
1 0.955469 0.689583 0.089063 0.254167
1 0.720313 0.884375 0.171875 0.231250
1 0.717969 0.628125 0.185938 0.243750
1 0.936719 0.333333 0.126563 0.245833
1 0.359375 0.679167 0.162500 0.225000
0 0.308594 0.223958 0.364063 0.447917
1 0.794531 0.301042 0.170313 0.222917
2 0.060938 0.522917 0.071875 0.108333
1 0.028906 0.567708 0.057813 0.164583
1 0.632031 0.414583 0.145313 0.216667
2 0.957031 0.851042 0.060938 0.081250
1 0.443750 0.794792 0.184375 0.218750
1 0.048438 0.855208 0.093750 0.189583
1 0.460938 0.527083 0.168750 0.229167
1 0.302344 0.900000 0.145313 0.183333
1 0.600781 0.935417 0.170313 0.129167
2 0.082813 0.511458 0.059375 0.072917
1 0.036719 0.445833 0.073438 0.175000
1 0.538281 0.060417 0.176563 0.120833
1 0.128125 0.935417 0.153125 0.120833
1 0.048438 0.217708 0.096875 0.227083
1 0.101562 0.656250 0.178125 0.216667
1 0.955469 0.689583 0.089063 0.254167
1 0.720313 0.884375 0.171875 0.231250
1 0.717969 0.628125 0.185938 0.243750
1 0.936719 0.333333 0.126563 0.245833
1 0.359375 0.679167 0.162500 0.225000
0 0.308594 0.223958 0.364063 0.447917
1 0.794531 0.301042 0.170313 0.222917
2 0.060938 0.522917 0.071875 0.108333
1 0.028906 0.567708 0.057813 0.164583
1 0.632031 0.414583 0.145313 0.216667
2 0.957031 0.851042 0.060938 0.081250
1 0.443750 0.794792 0.184375 0.218750
1 0.048438 0.855208 0.093750 0.189583
1 0.460938 0.527083 0.168750 0.229167
1 0.302344 0.900000 0.145313 0.183333
1 0.600781 0.935417 0.170313 0.129167
2 0.082813 0.511458 0.059375 0.072917
1 0.036719 0.445833 0.073438 0.175000
1 0.538281 0.060417 0.176563 0.120833
1 0.128125 0.935417 0.153125 0.120833
1 0.048438 0.217708 0.096875 0.227083
1 0.101562 0.656250 0.178125 0.216667
1 0.955469 0.689583 0.089063 0.254167
1 0.720313 0.884375 0.171875 0.231250
1 0.717969 0.628125 0.185938 0.243750
1 0.936719 0.333333 0.126563 0.245833
1 0.359375 0.679167 0.162500 0.225000
0 0.308594 0.223958 0.364063 0.447917
1 0.794531 0.301042 0.170313 0.222917
2 0.060938 0.522917 0.071875 0.108333
1 0.028906 0.567708 0.057813 0.164583
1 0.632031 0.414583 0.145313 0.216667
2 0.957031 0.851042 0.060938 0.081250
1 0.443750 0.794792 0.184375 0.218750
1 0.048438 0.855208 0.093750 0.189583
1 0.460938 0.527083 0.168750 0.229167
1 0.302344 0.900000 0.145313 0.183333
1 0.600781 0.935417 0.170313 0.129167
2 0.082813 0.511458 0.059375 0.072917
1 0.036719 0.445833 0.073438 0.175000
1 0.538281 0.060417 0.176563 0.120833
1 0.128125 0.935417 0.153125 0.120833
1 0.048438 0.217708 0.096875 0.227083
1 0.101562 0.656250 0.178125 0.216667
1 0.955469 0.689583 0.089063 0.254167
1 0.720313 0.884375 0.171875 0.231250
1 0.717969 0.628125 0.185938 0.243750
1 0.936719 0.333333 0.126563 0.245833
1 0.359375 0.679167 0.162500 0.225000
0 0.308594 0.223958 0.364063 0.447917
1 0.794531 0.301042 0.170313 0.222917
2 0.060938 0.522917 0.071875 0.108333
1 0.028906 0.567708 0.057813 0.164583
1 0.632031 0.414583 0.145313 0.216667
2 0.957031 0.851042 0.060938 0.081250
1 0.443750 0.794792 0.184375 0.218750
1 0.048438 0.855208 0.093750 0.189583
1 0.460938 0.527083 0.168750 0.229167
1 0.302344 0.900000 0.145313 0.183333
1 0.600781 0.935417 0.170313 0.129167
2 0.082813 0.511458 0.059375 0.072917
1 0.036719 0.445833 0.073438 0.175000
1 0.538281 0.060417 0.176563 0.120833
1 0.128125 0.935417 0.153125 0.120833
1 0.048438 0.217708 0.096875 0.227083
1 0.101562 0.656250 0.178125 0.216667
1 0.955469 0.689583 0.089063 0.254167
1 0.720313 0.884375 0.171875 0.231250
1 0.717969 0.628125 0.185938 0.243750
1 0.936719 0.333333 0.126563 0.245833
1 0.359375 0.679167 0.162500 0.225000
0 0.308594 0.223958 0.364063 0.447917
1 0.794531 0.301042 0.170313 0.222917
2 0.060938 0.522917 0.071875 0.108333
1 0.028906 0.567708 0.057813 0.164583
1 0.632031 0.414583 0.145313 0.216667
2 0.957031 0.851042 0.060938 0.081250
1 0.443750 0.794792 0.184375 0.218750
1 0.048438 0.855208 0.093750 0.189583
1 0.460938 0.527083 0.168750 0.229167
1 0.302344 0.900000 0.145313 0.183333
1 0.600781 0.935417 0.170313 0.129167
2 0.082813 0.511458 0.059375 0.072917
1 0.036719 0.445833 0.073438 0.175000
1 0.538281 0.060417 0.176563 0.120833
1 0.128125 0.935417 0.153125 0.120833
1 0.048438 0.217708 0.096875 0.227083
1 0.101562 0.656250 0.178125 0.216667
1 0.955469 0.689583 0.089063 0.254167
1 0.720313 0.884375 0.171875 0.231250
1 0.717969 0.628125 0.185938 0.243750
1 0.936719 0.333333 0.126563 0.245833
1 0.359375 0.679167 0.162500 0.225000
0 0.308594 0.223958 0.364063 0.447917
1 0.794531 0.301042 0.170313 0.222917
2 0.060938 0.522917 0.071875 0.108333
1 0.028906 0.567708 0.057813 0.164583
1 0.632031 0.414583 0.145313 0.216667
2 0.957031 0.851042 0.060938 0.081250
1 0.443750 0.794792 0.184375 0.218750
1 0.048438 0.855208 0.093750 0.189583
1 0.460938 0.527083 0.168750 0.229167
1 0.302344 0.900000 0.145313 0.183333
1 0.600781 0.935417 0.170313 0.129167
2 0.082813 0.511458 0.059375 0.072917
1 0.036719 0.445833 0.073438 0.175000
1 0.538281 0.060417 0.176563 0.120833
1 0.128125 0.935417 0.153125 0.120833
1 0.048438 0.217708 0.096875 0.227083
1 0.101562 0.656250 0.178125 0.216667
1 0.955469 0.689583 0.089063 0.254167
1 0.720313 0.884375 0.171875 0.231250
1 0.717969 0.628125 0.185938 0.243750
1 0.936719 0.333333 0.126563 0.245833
1 0.359375 0.679167 0.162500 0.225000
0 0.308594 0.223958 0.364063 0.447917
1 0.794531 0.301042 0.170313 0.222917
2 0.060938 0.522917 0.071875 0.108333
1 0.028906 0.567708 0.057813 0.164583
1 0.632031 0.414583 0.145313 0.216667
2 0.957031 0.851042 0.060938 0.081250
1 0.443750 0.794792 0.184375 0.218750
1 0.048438 0.855208 0.093750 0.189583
1 0.460938 0.527083 0.168750 0.229167
1 0.302344 0.900000 0.145313 0.183333
1 0.600781 0.935417 0.170313 0.129167
2 0.082813 0.511458 0.059375 0.072917
1 0.036719 0.445833 0.073438 0.175000
1 0.538281 0.060417 0.176563 0.120833
1 0.128125 0.935417 0.153125 0.120833
1 0.048438 0.217708 0.096875 0.227083
1 0.101562 0.656250 0.178125 0.216667
1 0.955469 0.689583 0.089063 0.254167
1 0.720313 0.884375 0.171875 0.231250
1 0.717969 0.628125 0.185938 0.243750
1 0.936719 0.333333 0.126563 0.245833
1 0.359375 0.679167 0.162500 0.225000
0 0.308594 0.223958 0.364063 0.447917
1 0.794531 0.301042 0.170313 0.222917
2 0.060938 0.522917 0.071875 0.108333
1 0.028906 0.567708 0.057813 0.164583
1 0.632031 0.414583 0.145313 0.216667
2 0.957031 0.851042 0.060938 0.081250
1 0.443750 0.794792 0.184375 0.218750
1 0.048438 0.855208 0.093750 0.189583
1 0.460938 0.527083 0.168750 0.229167
1 0.302344 0.900000 0.145313 0.183333
1 0.600781 0.935417 0.170313 0.129167
2 0.082813 0.511458 0.059375 0.072917
1 0.036719 0.445833 0.073438 0.175000
1 0.538281 0.060417 0.176563 0.120833
1 0.128125 0.935417 0.153125 0.120833
1 0.048438 0.217708 0.096875 0.227083
1 0.101562 0.656250 0.178125 0.216667
1 0.955469 0.689583 0.089063 0.254167
1 0.720313 0.884375 0.171875 0.231250
1 0.717969 0.628125 0.185938 0.243750
1 0.936719 0.333333 0.126563 0.245833
1 0.359375 0.679167 0.162500 0.225000
0 0.308594 0.223958 0.364063 0.447917
1 0.794531 0.301042 0.170313 0.222917
2 0.060938 0.522917 0.071875 0.108333
1 0.028906 0.567708 0.057813 0.164583
1 0.632031 0.414583 0.145313 0.216667
2 0.957031 0.851042 0.060938 0.081250
1 0.443750 0.794792 0.184375 0.218750
1 0.048438 0.855208 0.093750 0.189583
1 0.460938 0.527083 0.168750 0.229167
1 0.302344 0.900000 0.145313 0.183333
1 0.600781 0.935417 0.170313 0.129167
2 0.082813 0.511458 0.059375 0.072917
1 0.036719 0.445833 0.073438 0.175000
1 0.538281 0.060417 0.176563 0.120833
1 0.128125 0.935417 0.153125 0.120833
1 0.048438 0.217708 0.096875 0.227083
1 0.101562 0.656250 0.178125 0.216667
1 0.955469 0.689583 0.089063 0.254167
1 0.720313 0.884375 0.171875 0.231250
1 0.717969 0.628125 0.185938 0.243750
1 0.936719 0.333333 0.126563 0.245833
1 0.359375 0.679167 0.162500 0.225000
0 0.308594 0.223958 0.364063 0.447917
1 0.794531 0.301042 0.170313 0.222917
2 0.060938 0.522917 0.071875 0.108333
1 0.028906 0.567708 0.057813 0.164583
1 0.632031 0.414583 0.145313 0.216667
2 0.957031 0.851042 0.060938 0.081250
1 0.443750 0.794792 0.184375 0.218750
1 0.048438 0.855208 0.093750 0.189583
1 0.460938 0.527083 0.168750 0.229167
1 0.302344 0.900000 0.145313 0.183333
1 0.600781 0.935417 0.170313 0.129167
2 0.082813 0.511458 0.059375 0.072917
1 0.036719 0.445833 0.073438 0.175000
1 0.538281 0.060417 0.176563 0.120833
1 0.128125 0.935417 0.153125 0.120833
1 0.048438 0.217708 0.096875 0.227083
1 0.101562 0.656250 0.178125 0.216667
1 0.955469 0.689583 0.089063 0.254167
1 0.720313 0.884375 0.171875 0.231250
1 0.717969 0.628125 0.185938 0.243750
1 0.936719 0.333333 0.126563 0.245833
1 0.359375 0.679167 0.162500 0.225000
0 0.308594 0.223958 0.364063 0.447917
1 0.794531 0.301042 0.170313 0.222917
