1 0.914844 0.966667 0.170313 0.066667
1 0.407813 0.953125 0.206250 0.093750
1 0.756250 0.673958 0.200000 0.197917
1 0.063281 0.087500 0.126563 0.175000
1 0.058594 0.238542 0.117188 0.264583
1 0.929688 0.828125 0.137500 0.206250
1 0.083594 0.904167 0.154688 0.191667
1 0.305469 0.775000 0.226562 0.262500
1 0.115625 0.702083 0.146875 0.200000
1 0.193750 0.155208 0.171875 0.239583
1 0.159375 0.439583 0.171875 0.254167
1 0.846875 0.184375 0.190625 0.247917
0 0.489063 0.185417 0.346875 0.358333
1 0.908594 0.513542 0.182812 0.264583
1 0.714844 0.083333 0.179688 0.162500
1 0.560156 0.828125 0.195312 0.239583
1 0.914844 0.966667 0.170313 0.066667
1 0.407813 0.953125 0.206250 0.093750
1 0.756250 0.673958 0.200000 0.197917
1 0.063281 0.087500 0.126563 0.175000
1 0.058594 0.238542 0.117188 0.264583
1 0.929688 0.828125 0.137500 0.206250
1 0.083594 0.904167 0.154688 0.191667
1 0.305469 0.775000 0.226562 0.262500
1 0.115625 0.702083 0.146875 0.200000
1 0.193750 0.155208 0.171875 0.239583
1 0.159375 0.439583 0.171875 0.254167
1 0.846875 0.184375 0.190625 0.247917
0 0.489063 0.185417 0.346875 0.358333
1 0.908594 0.513542 0.182812 0.264583
1 0.714844 0.083333 0.179688 0.162500
1 0.560156 0.828125 0.195312 0.239583
1 0.914844 0.966667 0.170313 0.066667
1 0.407813 0.953125 0.206250 0.093750
1 0.756250 0.673958 0.200000 0.197917
1 0.063281 0.087500 0.126563 0.175000
1 0.058594 0.238542 0.117188 0.264583
1 0.929688 0.828125 0.137500 0.206250
1 0.083594 0.904167 0.154688 0.191667
1 0.305469 0.775000 0.226562 0.262500
1 0.115625 0.702083 0.146875 0.200000
1 0.193750 0.155208 0.171875 0.239583
1 0.159375 0.439583 0.171875 0.254167
1 0.846875 0.184375 0.190625 0.247917
0 0.489063 0.185417 0.346875 0.358333
1 0.908594 0.513542 0.182812 0.264583
1 0.714844 0.083333 0.179688 0.162500
1 0.560156 0.828125 0.195312 0.239583
1 0.914844 0.966667 0.170313 0.066667
1 0.407813 0.953125 0.206250 0.093750
1 0.756250 0.673958 0.200000 0.197917
1 0.063281 0.087500 0.126563 0.175000
1 0.058594 0.238542 0.117188 0.264583
1 0.929688 0.828125 0.137500 0.206250
1 0.083594 0.904167 0.154688 0.191667
1 0.305469 0.775000 0.226562 0.262500
1 0.115625 0.702083 0.146875 0.200000
1 0.193750 0.155208 0.171875 0.239583
1 0.159375 0.439583 0.171875 0.254167
1 0.846875 0.184375 0.190625 0.247917
0 0.489063 0.185417 0.346875 0.358333
1 0.908594 0.513542 0.182812 0.264583
1 0.714844 0.083333 0.179688 0.162500
1 0.560156 0.828125 0.195312 0.239583
1 0.914844 0.966667 0.170313 0.066667
1 0.407813 0.953125 0.206250 0.093750
1 0.756250 0.673958 0.200000 0.197917
1 0.063281 0.087500 0.126563 0.175000
1 0.058594 0.238542 0.117188 0.264583
1 0.929688 0.828125 0.137500 0.206250
1 0.083594 0.904167 0.154688 0.191667
1 0.305469 0.775000 0.226562 0.262500
1 0.115625 0.702083 0.146875 0.200000
1 0.193750 0.155208 0.171875 0.239583
1 0.159375 0.439583 0.171875 0.254167
1 0.846875 0.184375 0.190625 0.247917
0 0.489063 0.185417 0.346875 0.358333
1 0.908594 0.513542 0.182812 0.264583
1 0.714844 0.083333 0.179688 0.162500
1 0.560156 0.828125 0.195312 0.239583
1 0.914844 0.966667 0.170313 0.066667
1 0.407813 0.953125 0.206250 0.093750
1 0.756250 0.673958 0.200000 0.197917
1 0.063281 0.087500 0.126563 0.175000
1 0.058594 0.238542 0.117188 0.264583
1 0.929688 0.828125 0.137500 0.206250
1 0.083594 0.904167 0.154688 0.191667
1 0.305469 0.775000 0.226562 0.262500
1 0.115625 0.702083 0.146875 0.200000
1 0.193750 0.155208 0.171875 0.239583
1 0.159375 0.439583 0.171875 0.254167
1 0.846875 0.184375 0.190625 0.247917
0 0.489063 0.185417 0.346875 0.358333
1 0.908594 0.513542 0.182812 0.264583
1 0.714844 0.083333 0.179688 0.162500
1 0.560156 0.828125 0.195312 0.239583
1 0.914844 0.966667 0.170313 0.066667
1 0.407813 0.953125 0.206250 0.093750
1 0.756250 0.673958 0.200000 0.197917
1 0.063281 0.087500 0.126563 0.175000
1 0.058594 0.238542 0.117188 0.264583
1 0.929688 0.828125 0.137500 0.206250
1 0.083594 0.904167 0.154688 0.191667
1 0.305469 0.775000 0.226562 0.262500
1 0.115625 0.702083 0.146875 0.200000
1 0.193750 0.155208 0.171875 0.239583
1 0.159375 0.439583 0.171875 0.254167
1 0.846875 0.184375 0.190625 0.247917
0 0.489063 0.185417 0.346875 0.358333
1 0.908594 0.513542 0.182812 0.264583
1 0.714844 0.083333 0.179688 0.162500
1 0.560156 0.828125 0.195312 0.239583
1 0.914844 0.966667 0.170313 0.066667
1 0.407813 0.953125 0.206250 0.093750
1 0.756250 0.673958 0.200000 0.197917
1 0.063281 0.087500 0.126563 0.175000
1 0.058594 0.238542 0.117188 0.264583
1 0.929688 0.828125 0.137500 0.206250
1 0.083594 0.904167 0.154688 0.191667
1 0.305469 0.775000 0.226562 0.262500
1 0.115625 0.702083 0.146875 0.200000
1 0.193750 0.155208 0.171875 0.239583
1 0.159375 0.439583 0.171875 0.254167
1 0.846875 0.184375 0.190625 0.247917
0 0.489063 0.185417 0.346875 0.358333
1 0.908594 0.513542 0.182812 0.264583
1 0.714844 0.083333 0.179688 0.162500
1 0.560156 0.828125 0.195312 0.239583
1 0.914844 0.966667 0.170313 0.066667
1 0.407813 0.953125 0.206250 0.093750
1 0.756250 0.673958 0.200000 0.197917
1 0.063281 0.087500 0.126563 0.175000
1 0.058594 0.238542 0.117188 0.264583
1 0.929688 0.828125 0.137500 0.206250
1 0.083594 0.904167 0.154688 0.191667
1 0.305469 0.775000 0.226562 0.262500
1 0.115625 0.702083 0.146875 0.200000
1 0.193750 0.155208 0.171875 0.239583
1 0.159375 0.439583 0.171875 0.254167
1 0.846875 0.184375 0.190625 0.247917
0 0.489063 0.185417 0.346875 0.358333
1 0.908594 0.513542 0.182812 0.264583
1 0.714844 0.083333 0.179688 0.162500
1 0.560156 0.828125 0.195312 0.239583
1 0.914844 0.966667 0.170313 0.066667
1 0.407813 0.953125 0.206250 0.093750
1 0.756250 0.673958 0.200000 0.197917
1 0.063281 0.087500 0.126563 0.175000
1 0.058594 0.238542 0.117188 0.264583
1 0.929688 0.828125 0.137500 0.206250
1 0.083594 0.904167 0.154688 0.191667
1 0.305469 0.775000 0.226562 0.262500
1 0.115625 0.702083 0.146875 0.200000
1 0.193750 0.155208 0.171875 0.239583
1 0.159375 0.439583 0.171875 0.254167
1 0.846875 0.184375 0.190625 0.247917
0 0.489063 0.185417 0.346875 0.358333
1 0.908594 0.513542 0.182812 0.264583
1 0.714844 0.083333 0.179688 0.162500
1 0.560156 0.828125 0.195312 0.239583
1 0.914844 0.966667 0.170313 0.066667
1 0.407813 0.953125 0.206250 0.093750
1 0.756250 0.673958 0.200000 0.197917
1 0.063281 0.087500 0.126563 0.175000
1 0.058594 0.238542 0.117188 0.264583
1 0.929688 0.828125 0.137500 0.206250
1 0.083594 0.904167 0.154688 0.191667
1 0.305469 0.775000 0.226562 0.262500
1 0.115625 0.702083 0.146875 0.200000
1 0.193750 0.155208 0.171875 0.239583
1 0.159375 0.439583 0.171875 0.254167
1 0.846875 0.184375 0.190625 0.247917
0 0.489063 0.185417 0.346875 0.358333
1 0.908594 0.513542 0.182812 0.264583
1 0.714844 0.083333 0.179688 0.162500
1 0.560156 0.828125 0.195312 0.239583
1 0.914844 0.966667 0.170313 0.066667
1 0.407813 0.953125 0.206250 0.093750
1 0.756250 0.673958 0.200000 0.197917
1 0.063281 0.087500 0.126563 0.175000
1 0.058594 0.238542 0.117188 0.264583
1 0.929688 0.828125 0.137500 0.206250
1 0.083594 0.904167 0.154688 0.191667
1 0.305469 0.775000 0.226562 0.262500
1 0.115625 0.702083 0.146875 0.200000
1 0.193750 0.155208 0.171875 0.239583
1 0.159375 0.439583 0.171875 0.254167
1 0.846875 0.184375 0.190625 0.247917
0 0.489063 0.185417 0.346875 0.358333
1 0.908594 0.513542 0.182812 0.264583
1 0.714844 0.083333 0.179688 0.162500
1 0.560156 0.828125 0.195312 0.239583
1 0.914844 0.966667 0.170313 0.066667
1 0.407813 0.953125 0.206250 0.093750
1 0.756250 0.673958 0.200000 0.197917
1 0.063281 0.087500 0.126563 0.175000
1 0.058594 0.238542 0.117188 0.264583
1 0.929688 0.828125 0.137500 0.206250
1 0.083594 0.904167 0.154688 0.191667
1 0.305469 0.775000 0.226562 0.262500
1 0.115625 0.702083 0.146875 0.200000
1 0.193750 0.155208 0.171875 0.239583
1 0.159375 0.439583 0.171875 0.254167
1 0.846875 0.184375 0.190625 0.247917
0 0.489063 0.185417 0.346875 0.358333
1 0.908594 0.513542 0.182812 0.264583
1 0.714844 0.083333 0.179688 0.162500
1 0.560156 0.828125 0.195312 0.239583
1 0.914844 0.966667 0.170313 0.066667
1 0.407813 0.953125 0.206250 0.093750
1 0.756250 0.673958 0.200000 0.197917
1 0.063281 0.087500 0.126563 0.175000
1 0.058594 0.238542 0.117188 0.264583
1 0.929688 0.828125 0.137500 0.206250
1 0.083594 0.904167 0.154688 0.191667
1 0.305469 0.775000 0.226562 0.262500
1 0.115625 0.702083 0.146875 0.200000
1 0.193750 0.155208 0.171875 0.239583
1 0.159375 0.439583 0.171875 0.254167
1 0.846875 0.184375 0.190625 0.247917
0 0.489063 0.185417 0.346875 0.358333
1 0.908594 0.513542 0.182812 0.264583
1 0.714844 0.083333 0.179688 0.162500
1 0.560156 0.828125 0.195312 0.239583
1 0.914844 0.966667 0.170313 0.066667
1 0.407813 0.953125 0.206250 0.093750
1 0.756250 0.673958 0.200000 0.197917
1 0.063281 0.087500 0.126563 0.175000
1 0.058594 0.238542 0.117188 0.264583
1 0.929688 0.828125 0.137500 0.206250
1 0.083594 0.904167 0.154688 0.191667
1 0.305469 0.775000 0.226562 0.262500
1 0.115625 0.702083 0.146875 0.200000
1 0.193750 0.155208 0.171875 0.239583
1 0.159375 0.439583 0.171875 0.254167
1 0.846875 0.184375 0.190625 0.247917
0 0.489063 0.185417 0.346875 0.358333
1 0.908594 0.513542 0.182812 0.264583
1 0.714844 0.083333 0.179688 0.162500
1 0.560156 0.828125 0.195312 0.239583
1 0.914844 0.966667 0.170313 0.066667
1 0.407813 0.953125 0.206250 0.093750
1 0.756250 0.673958 0.200000 0.197917
1 0.063281 0.087500 0.126563 0.175000
1 0.058594 0.238542 0.117188 0.264583
1 0.929688 0.828125 0.137500 0.206250
1 0.083594 0.904167 0.154688 0.191667
1 0.305469 0.775000 0.226562 0.262500
1 0.115625 0.702083 0.146875 0.200000
1 0.193750 0.155208 0.171875 0.239583
1 0.159375 0.439583 0.171875 0.254167
1 0.846875 0.184375 0.190625 0.247917
0 0.489063 0.185417 0.346875 0.358333
1 0.908594 0.513542 0.182812 0.264583
1 0.714844 0.083333 0.179688 0.162500
1 0.560156 0.828125 0.195312 0.239583
