1 0.657813 0.262500 0.159375 0.241667
2 0.771875 0.493750 0.056250 0.066667
1 0.599219 0.542708 0.157813 0.214583
1 0.717969 0.056250 0.142188 0.112500
1 0.121094 0.109375 0.185938 0.218750
1 0.967188 0.086458 0.065625 0.172917
1 0.033594 0.453125 0.067188 0.222917
1 0.861719 0.204167 0.185938 0.258333
1 0.082031 0.318750 0.160938 0.212500
1 0.934375 0.625000 0.131250 0.204167
1 0.078125 0.788542 0.153125 0.218750
1 0.478906 0.504167 0.170313 0.216667
1 0.567969 0.132292 0.207813 0.252083
1 0.746875 0.935417 0.146875 0.129167
1 0.926562 0.382292 0.146875 0.218750
0 0.310156 0.846875 0.201563 0.297917
1 0.312500 0.259375 0.171875 0.210417
1 0.657813 0.262500 0.159375 0.241667
2 0.771875 0.493750 0.056250 0.066667
1 0.599219 0.542708 0.157813 0.214583
1 0.717969 0.056250 0.142188 0.112500
1 0.121094 0.109375 0.185938 0.218750
1 0.967188 0.086458 0.065625 0.172917
1 0.033594 0.453125 0.067188 0.222917
1 0.861719 0.204167 0.185938 0.258333
1 0.082031 0.318750 0.160938 0.212500
1 0.934375 0.625000 0.131250 0.204167
1 0.078125 0.788542 0.153125 0.218750
1 0.478906 0.504167 0.170313 0.216667
1 0.567969 0.132292 0.207813 0.252083
1 0.746875 0.935417 0.146875 0.129167
1 0.926562 0.382292 0.146875 0.218750
0 0.310156 0.846875 0.201563 0.297917
1 0.312500 0.259375 0.171875 0.210417
1 0.657813 0.262500 0.159375 0.241667
2 0.771875 0.493750 0.056250 0.066667
1 0.599219 0.542708 0.157813 0.214583
1 0.717969 0.056250 0.142188 0.112500
1 0.121094 0.109375 0.185938 0.218750
1 0.967188 0.086458 0.065625 0.172917
1 0.033594 0.453125 0.067188 0.222917
1 0.861719 0.204167 0.185938 0.258333
1 0.082031 0.318750 0.160938 0.212500
1 0.934375 0.625000 0.131250 0.204167
1 0.078125 0.788542 0.153125 0.218750
1 0.478906 0.504167 0.170313 0.216667
1 0.567969 0.132292 0.207813 0.252083
1 0.746875 0.935417 0.146875 0.129167
1 0.926562 0.382292 0.146875 0.218750
0 0.310156 0.846875 0.201563 0.297917
1 0.312500 0.259375 0.171875 0.210417
1 0.657813 0.262500 0.159375 0.241667
2 0.771875 0.493750 0.056250 0.066667
1 0.599219 0.542708 0.157813 0.214583
1 0.717969 0.056250 0.142188 0.112500
1 0.121094 0.109375 0.185938 0.218750
1 0.967188 0.086458 0.065625 0.172917
1 0.033594 0.453125 0.067188 0.222917
1 0.861719 0.204167 0.185938 0.258333
1 0.082031 0.318750 0.160938 0.212500
1 0.934375 0.625000 0.131250 0.204167
1 0.078125 0.788542 0.153125 0.218750
1 0.478906 0.504167 0.170313 0.216667
1 0.567969 0.132292 0.207813 0.252083
1 0.746875 0.935417 0.146875 0.129167
1 0.926562 0.382292 0.146875 0.218750
0 0.310156 0.846875 0.201563 0.297917
1 0.312500 0.259375 0.171875 0.210417
1 0.657813 0.262500 0.159375 0.241667
2 0.771875 0.493750 0.056250 0.066667
1 0.599219 0.542708 0.157813 0.214583
1 0.717969 0.056250 0.142188 0.112500
1 0.121094 0.109375 0.185938 0.218750
1 0.967188 0.086458 0.065625 0.172917
1 0.033594 0.453125 0.067188 0.222917
1 0.861719 0.204167 0.185938 0.258333
1 0.082031 0.318750 0.160938 0.212500
1 0.934375 0.625000 0.131250 0.204167
1 0.078125 0.788542 0.153125 0.218750
1 0.478906 0.504167 0.170313 0.216667
1 0.567969 0.132292 0.207813 0.252083
1 0.746875 0.935417 0.146875 0.129167
1 0.926562 0.382292 0.146875 0.218750
0 0.310156 0.846875 0.201563 0.297917
1 0.312500 0.259375 0.171875 0.210417
1 0.657813 0.262500 0.159375 0.241667
2 0.771875 0.493750 0.056250 0.066667
1 0.599219 0.542708 0.157813 0.214583
1 0.717969 0.056250 0.142188 0.112500
1 0.121094 0.109375 0.185938 0.218750
1 0.967188 0.086458 0.065625 0.172917
1 0.033594 0.453125 0.067188 0.222917
1 0.861719 0.204167 0.185938 0.258333
1 0.082031 0.318750 0.160938 0.212500
1 0.934375 0.625000 0.131250 0.204167
1 0.078125 0.788542 0.153125 0.218750
1 0.478906 0.504167 0.170313 0.216667
1 0.567969 0.132292 0.207813 0.252083
1 0.746875 0.935417 0.146875 0.129167
1 0.926562 0.382292 0.146875 0.218750
0 0.310156 0.846875 0.201563 0.297917
1 0.312500 0.259375 0.171875 0.210417
1 0.657813 0.262500 0.159375 0.241667
2 0.771875 0.493750 0.056250 0.066667
1 0.599219 0.542708 0.157813 0.214583
1 0.717969 0.056250 0.142188 0.112500
1 0.121094 0.109375 0.185938 0.218750
1 0.967188 0.086458 0.065625 0.172917
1 0.033594 0.453125 0.067188 0.222917
1 0.861719 0.204167 0.185938 0.258333
1 0.082031 0.318750 0.160938 0.212500
1 0.934375 0.625000 0.131250 0.204167
1 0.078125 0.788542 0.153125 0.218750
1 0.478906 0.504167 0.170313 0.216667
1 0.567969 0.132292 0.207813 0.252083
1 0.746875 0.935417 0.146875 0.129167
1 0.926562 0.382292 0.146875 0.218750
0 0.310156 0.846875 0.201563 0.297917
1 0.312500 0.259375 0.171875 0.210417
1 0.657813 0.262500 0.159375 0.241667
2 0.771875 0.493750 0.056250 0.066667
1 0.599219 0.542708 0.157813 0.214583
1 0.717969 0.056250 0.142188 0.112500
1 0.121094 0.109375 0.185938 0.218750
1 0.967188 0.086458 0.065625 0.172917
1 0.033594 0.453125 0.067188 0.222917
1 0.861719 0.204167 0.185938 0.258333
1 0.082031 0.318750 0.160938 0.212500
1 0.934375 0.625000 0.131250 0.204167
1 0.078125 0.788542 0.153125 0.218750
1 0.478906 0.504167 0.170313 0.216667
1 0.567969 0.132292 0.207813 0.252083
1 0.746875 0.935417 0.146875 0.129167
1 0.926562 0.382292 0.146875 0.218750
0 0.310156 0.846875 0.201563 0.297917
1 0.312500 0.259375 0.171875 0.210417
1 0.657813 0.262500 0.159375 0.241667
2 0.771875 0.493750 0.056250 0.066667
1 0.599219 0.542708 0.157813 0.214583
1 0.717969 0.056250 0.142188 0.112500
1 0.121094 0.109375 0.185938 0.218750
1 0.967188 0.086458 0.065625 0.172917
1 0.033594 0.453125 0.067188 0.222917
1 0.861719 0.204167 0.185938 0.258333
1 0.082031 0.318750 0.160938 0.212500
1 0.934375 0.625000 0.131250 0.204167
1 0.078125 0.788542 0.153125 0.218750
1 0.478906 0.504167 0.170313 0.216667
1 0.567969 0.132292 0.207813 0.252083
1 0.746875 0.935417 0.146875 0.129167
1 0.926562 0.382292 0.146875 0.218750
0 0.310156 0.846875 0.201563 0.297917
1 0.312500 0.259375 0.171875 0.210417
1 0.657813 0.262500 0.159375 0.241667
2 0.771875 0.493750 0.056250 0.066667
1 0.599219 0.542708 0.157813 0.214583
1 0.717969 0.056250 0.142188 0.112500
1 0.121094 0.109375 0.185938 0.218750
1 0.967188 0.086458 0.065625 0.172917
1 0.033594 0.453125 0.067188 0.222917
1 0.861719 0.204167 0.185938 0.258333
1 0.082031 0.318750 0.160938 0.212500
1 0.934375 0.625000 0.131250 0.204167
1 0.078125 0.788542 0.153125 0.218750
1 0.478906 0.504167 0.170313 0.216667
1 0.567969 0.132292 0.207813 0.252083
1 0.746875 0.935417 0.146875 0.129167
1 0.926562 0.382292 0.146875 0.218750
0 0.310156 0.846875 0.201563 0.297917
1 0.312500 0.259375 0.171875 0.210417
1 0.657813 0.262500 0.159375 0.241667
2 0.771875 0.493750 0.056250 0.066667
1 0.599219 0.542708 0.157813 0.214583
1 0.717969 0.056250 0.142188 0.112500
1 0.121094 0.109375 0.185938 0.218750
1 0.967188 0.086458 0.065625 0.172917
1 0.033594 0.453125 0.067188 0.222917
1 0.861719 0.204167 0.185938 0.258333
1 0.082031 0.318750 0.160938 0.212500
1 0.934375 0.625000 0.131250 0.204167
1 0.078125 0.788542 0.153125 0.218750
1 0.478906 0.504167 0.170313 0.216667
1 0.567969 0.132292 0.207813 0.252083
1 0.746875 0.935417 0.146875 0.129167
1 0.926562 0.382292 0.146875 0.218750
0 0.310156 0.846875 0.201563 0.297917
1 0.312500 0.259375 0.171875 0.210417
1 0.657813 0.262500 0.159375 0.241667
2 0.771875 0.493750 0.056250 0.066667
1 0.599219 0.542708 0.157813 0.214583
1 0.717969 0.056250 0.142188 0.112500
1 0.121094 0.109375 0.185938 0.218750
1 0.967188 0.086458 0.065625 0.172917
1 0.033594 0.453125 0.067188 0.222917
1 0.861719 0.204167 0.185938 0.258333
1 0.082031 0.318750 0.160938 0.212500
1 0.934375 0.625000 0.131250 0.204167
1 0.078125 0.788542 0.153125 0.218750
1 0.478906 0.504167 0.170313 0.216667
1 0.567969 0.132292 0.207813 0.252083
1 0.746875 0.935417 0.146875 0.129167
1 0.926562 0.382292 0.146875 0.218750
0 0.310156 0.846875 0.201563 0.297917
1 0.312500 0.259375 0.171875 0.210417
1 0.657813 0.262500 0.159375 0.241667
2 0.771875 0.493750 0.056250 0.066667
1 0.599219 0.542708 0.157813 0.214583
1 0.717969 0.056250 0.142188 0.112500
1 0.121094 0.109375 0.185938 0.218750
1 0.967188 0.086458 0.065625 0.172917
1 0.033594 0.453125 0.067188 0.222917
1 0.861719 0.204167 0.185938 0.258333
1 0.082031 0.318750 0.160938 0.212500
1 0.934375 0.625000 0.131250 0.204167
1 0.078125 0.788542 0.153125 0.218750
1 0.478906 0.504167 0.170313 0.216667
1 0.567969 0.132292 0.207813 0.252083
1 0.746875 0.935417 0.146875 0.129167
1 0.926562 0.382292 0.146875 0.218750
0 0.310156 0.846875 0.201563 0.297917
1 0.312500 0.259375 0.171875 0.210417
1 0.657813 0.262500 0.159375 0.241667
2 0.771875 0.493750 0.056250 0.066667
1 0.599219 0.542708 0.157813 0.214583
1 0.717969 0.056250 0.142188 0.112500
1 0.121094 0.109375 0.185938 0.218750
1 0.967188 0.086458 0.065625 0.172917
1 0.033594 0.453125 0.067188 0.222917
1 0.861719 0.204167 0.185938 0.258333
1 0.082031 0.318750 0.160938 0.212500
1 0.934375 0.625000 0.131250 0.204167
1 0.078125 0.788542 0.153125 0.218750
1 0.478906 0.504167 0.170313 0.216667
1 0.567969 0.132292 0.207813 0.252083
1 0.746875 0.935417 0.146875 0.129167
1 0.926562 0.382292 0.146875 0.218750
0 0.310156 0.846875 0.201563 0.297917
1 0.312500 0.259375 0.171875 0.210417
1 0.657813 0.262500 0.159375 0.241667
2 0.771875 0.493750 0.056250 0.066667
1 0.599219 0.542708 0.157813 0.214583
1 0.717969 0.056250 0.142188 0.112500
1 0.121094 0.109375 0.185938 0.218750
1 0.967188 0.086458 0.065625 0.172917
1 0.033594 0.453125 0.067188 0.222917
1 0.861719 0.204167 0.185938 0.258333
1 0.082031 0.318750 0.160938 0.212500
1 0.934375 0.625000 0.131250 0.204167
1 0.078125 0.788542 0.153125 0.218750
1 0.478906 0.504167 0.170313 0.216667
1 0.567969 0.132292 0.207813 0.252083
1 0.746875 0.935417 0.146875 0.129167
1 0.926562 0.382292 0.146875 0.218750
0 0.310156 0.846875 0.201563 0.297917
1 0.312500 0.259375 0.171875 0.210417
1 0.657813 0.262500 0.159375 0.241667
2 0.771875 0.493750 0.056250 0.066667
1 0.599219 0.542708 0.157813 0.214583
1 0.717969 0.056250 0.142188 0.112500
1 0.121094 0.109375 0.185938 0.218750
1 0.967188 0.086458 0.065625 0.172917
1 0.033594 0.453125 0.067188 0.222917
1 0.861719 0.204167 0.185938 0.258333
1 0.082031 0.318750 0.160938 0.212500
1 0.934375 0.625000 0.131250 0.204167
1 0.078125 0.788542 0.153125 0.218750
1 0.478906 0.504167 0.170313 0.216667
1 0.567969 0.132292 0.207813 0.252083
1 0.746875 0.935417 0.146875 0.129167
1 0.926562 0.382292 0.146875 0.218750
0 0.310156 0.846875 0.201563 0.297917
1 0.312500 0.259375 0.171875 0.210417
1 0.657813 0.262500 0.159375 0.241667
2 0.771875 0.493750 0.056250 0.066667
1 0.599219 0.542708 0.157813 0.214583
1 0.717969 0.056250 0.142188 0.112500
1 0.121094 0.109375 0.185938 0.218750
1 0.967188 0.086458 0.065625 0.172917
1 0.033594 0.453125 0.067188 0.222917
1 0.861719 0.204167 0.185938 0.258333
1 0.082031 0.318750 0.160938 0.212500
1 0.934375 0.625000 0.131250 0.204167
1 0.078125 0.788542 0.153125 0.218750
1 0.478906 0.504167 0.170313 0.216667
1 0.567969 0.132292 0.207813 0.252083
1 0.746875 0.935417 0.146875 0.129167
1 0.926562 0.382292 0.146875 0.218750
0 0.310156 0.846875 0.201563 0.297917
1 0.312500 0.259375 0.171875 0.210417
