1 0.693750 0.535417 0.156250 0.212500
1 0.029687 0.451042 0.059375 0.197917
1 0.946094 0.280208 0.101562 0.235417
1 0.737500 0.088542 0.200000 0.172917
1 0.621875 0.271875 0.215625 0.260417
1 0.921094 0.170833 0.151562 0.229167
1 0.390625 0.731250 0.187500 0.250000
1 0.138281 0.137500 0.201563 0.220833
1 0.468750 0.920833 0.171875 0.158333
1 0.391406 0.093750 0.154688 0.187500
1 0.546094 0.620833 0.145313 0.250000
1 0.782813 0.565625 0.175000 0.214583
1 0.946875 0.780208 0.106250 0.243750
1 0.222656 0.575000 0.157813 0.200000
0 0.333594 0.372917 0.270313 0.287500
1 0.693750 0.535417 0.156250 0.212500
1 0.029687 0.451042 0.059375 0.197917
1 0.946094 0.280208 0.101562 0.235417
1 0.737500 0.088542 0.200000 0.172917
1 0.621875 0.271875 0.215625 0.260417
1 0.921094 0.170833 0.151562 0.229167
1 0.390625 0.731250 0.187500 0.250000
1 0.138281 0.137500 0.201563 0.220833
1 0.468750 0.920833 0.171875 0.158333
1 0.391406 0.093750 0.154688 0.187500
1 0.546094 0.620833 0.145313 0.250000
1 0.782813 0.565625 0.175000 0.214583
1 0.946875 0.780208 0.106250 0.243750
1 0.222656 0.575000 0.157813 0.200000
0 0.333594 0.372917 0.270313 0.287500
1 0.693750 0.535417 0.156250 0.212500
1 0.029687 0.451042 0.059375 0.197917
1 0.946094 0.280208 0.101562 0.235417
1 0.737500 0.088542 0.200000 0.172917
1 0.621875 0.271875 0.215625 0.260417
1 0.921094 0.170833 0.151562 0.229167
1 0.390625 0.731250 0.187500 0.250000
1 0.138281 0.137500 0.201563 0.220833
1 0.468750 0.920833 0.171875 0.158333
1 0.391406 0.093750 0.154688 0.187500
1 0.546094 0.620833 0.145313 0.250000
1 0.782813 0.565625 0.175000 0.214583
1 0.946875 0.780208 0.106250 0.243750
1 0.222656 0.575000 0.157813 0.200000
0 0.333594 0.372917 0.270313 0.287500
1 0.693750 0.535417 0.156250 0.212500
1 0.029687 0.451042 0.059375 0.197917
1 0.946094 0.280208 0.101562 0.235417
1 0.737500 0.088542 0.200000 0.172917
1 0.621875 0.271875 0.215625 0.260417
1 0.921094 0.170833 0.151562 0.229167
1 0.390625 0.731250 0.187500 0.250000
1 0.138281 0.137500 0.201563 0.220833
1 0.468750 0.920833 0.171875 0.158333
1 0.391406 0.093750 0.154688 0.187500
1 0.546094 0.620833 0.145313 0.250000
1 0.782813 0.565625 0.175000 0.214583
1 0.946875 0.780208 0.106250 0.243750
1 0.222656 0.575000 0.157813 0.200000
0 0.333594 0.372917 0.270313 0.287500
1 0.693750 0.535417 0.156250 0.212500
1 0.029687 0.451042 0.059375 0.197917
1 0.946094 0.280208 0.101562 0.235417
1 0.737500 0.088542 0.200000 0.172917
1 0.621875 0.271875 0.215625 0.260417
1 0.921094 0.170833 0.151562 0.229167
1 0.390625 0.731250 0.187500 0.250000
1 0.138281 0.137500 0.201563 0.220833
1 0.468750 0.920833 0.171875 0.158333
1 0.391406 0.093750 0.154688 0.187500
1 0.546094 0.620833 0.145313 0.250000
1 0.782813 0.565625 0.175000 0.214583
1 0.946875 0.780208 0.106250 0.243750
1 0.222656 0.575000 0.157813 0.200000
0 0.333594 0.372917 0.270313 0.287500
1 0.693750 0.535417 0.156250 0.212500
1 0.029687 0.451042 0.059375 0.197917
1 0.946094 0.280208 0.101562 0.235417
1 0.737500 0.088542 0.200000 0.172917
1 0.621875 0.271875 0.215625 0.260417
1 0.921094 0.170833 0.151562 0.229167
1 0.390625 0.731250 0.187500 0.250000
1 0.138281 0.137500 0.201563 0.220833
1 0.468750 0.920833 0.171875 0.158333
1 0.391406 0.093750 0.154688 0.187500
1 0.546094 0.620833 0.145313 0.250000
1 0.782813 0.565625 0.175000 0.214583
1 0.946875 0.780208 0.106250 0.243750
1 0.222656 0.575000 0.157813 0.200000
0 0.333594 0.372917 0.270313 0.287500
1 0.693750 0.535417 0.156250 0.212500
1 0.029687 0.451042 0.059375 0.197917
1 0.946094 0.280208 0.101562 0.235417
1 0.737500 0.088542 0.200000 0.172917
1 0.621875 0.271875 0.215625 0.260417
1 0.921094 0.170833 0.151562 0.229167
1 0.390625 0.731250 0.187500 0.250000
1 0.138281 0.137500 0.201563 0.220833
1 0.468750 0.920833 0.171875 0.158333
1 0.391406 0.093750 0.154688 0.187500
1 0.546094 0.620833 0.145313 0.250000
1 0.782813 0.565625 0.175000 0.214583
1 0.946875 0.780208 0.106250 0.243750
1 0.222656 0.575000 0.157813 0.200000
0 0.333594 0.372917 0.270313 0.287500
1 0.693750 0.535417 0.156250 0.212500
1 0.029687 0.451042 0.059375 0.197917
1 0.946094 0.280208 0.101562 0.235417
1 0.737500 0.088542 0.200000 0.172917
1 0.621875 0.271875 0.215625 0.260417
1 0.921094 0.170833 0.151562 0.229167
1 0.390625 0.731250 0.187500 0.250000
1 0.138281 0.137500 0.201563 0.220833
1 0.468750 0.920833 0.171875 0.158333
1 0.391406 0.093750 0.154688 0.187500
1 0.546094 0.620833 0.145313 0.250000
1 0.782813 0.565625 0.175000 0.214583
1 0.946875 0.780208 0.106250 0.243750
1 0.222656 0.575000 0.157813 0.200000
0 0.333594 0.372917 0.270313 0.287500
1 0.693750 0.535417 0.156250 0.212500
1 0.029687 0.451042 0.059375 0.197917
1 0.946094 0.280208 0.101562 0.235417
1 0.737500 0.088542 0.200000 0.172917
1 0.621875 0.271875 0.215625 0.260417
1 0.921094 0.170833 0.151562 0.229167
1 0.390625 0.731250 0.187500 0.250000
1 0.138281 0.137500 0.201563 0.220833
1 0.468750 0.920833 0.171875 0.158333
1 0.391406 0.093750 0.154688 0.187500
1 0.546094 0.620833 0.145313 0.250000
1 0.782813 0.565625 0.175000 0.214583
1 0.946875 0.780208 0.106250 0.243750
1 0.222656 0.575000 0.157813 0.200000
0 0.333594 0.372917 0.270313 0.287500
1 0.693750 0.535417 0.156250 0.212500
1 0.029687 0.451042 0.059375 0.197917
1 0.946094 0.280208 0.101562 0.235417
1 0.737500 0.088542 0.200000 0.172917
1 0.621875 0.271875 0.215625 0.260417
1 0.921094 0.170833 0.151562 0.229167
1 0.390625 0.731250 0.187500 0.250000
1 0.138281 0.137500 0.201563 0.220833
1 0.468750 0.920833 0.171875 0.158333
1 0.391406 0.093750 0.154688 0.187500
1 0.546094 0.620833 0.145313 0.250000
1 0.782813 0.565625 0.175000 0.214583
1 0.946875 0.780208 0.106250 0.243750
1 0.222656 0.575000 0.157813 0.200000
0 0.333594 0.372917 0.270313 0.287500
1 0.693750 0.535417 0.156250 0.212500
1 0.029687 0.451042 0.059375 0.197917
1 0.946094 0.280208 0.101562 0.235417
1 0.737500 0.088542 0.200000 0.172917
1 0.621875 0.271875 0.215625 0.260417
1 0.921094 0.170833 0.151562 0.229167
1 0.390625 0.731250 0.187500 0.250000
1 0.138281 0.137500 0.201563 0.220833
1 0.468750 0.920833 0.171875 0.158333
1 0.391406 0.093750 0.154688 0.187500
1 0.546094 0.620833 0.145313 0.250000
1 0.782813 0.565625 0.175000 0.214583
1 0.946875 0.780208 0.106250 0.243750
1 0.222656 0.575000 0.157813 0.200000
0 0.333594 0.372917 0.270313 0.287500
1 0.693750 0.535417 0.156250 0.212500
1 0.029687 0.451042 0.059375 0.197917
1 0.946094 0.280208 0.101562 0.235417
1 0.737500 0.088542 0.200000 0.172917
1 0.621875 0.271875 0.215625 0.260417
1 0.921094 0.170833 0.151562 0.229167
1 0.390625 0.731250 0.187500 0.250000
1 0.138281 0.137500 0.201563 0.220833
1 0.468750 0.920833 0.171875 0.158333
1 0.391406 0.093750 0.154688 0.187500
1 0.546094 0.620833 0.145313 0.250000
1 0.782813 0.565625 0.175000 0.214583
1 0.946875 0.780208 0.106250 0.243750
1 0.222656 0.575000 0.157813 0.200000
0 0.333594 0.372917 0.270313 0.287500
1 0.693750 0.535417 0.156250 0.212500
1 0.029687 0.451042 0.059375 0.197917
1 0.946094 0.280208 0.101562 0.235417
1 0.737500 0.088542 0.200000 0.172917
1 0.621875 0.271875 0.215625 0.260417
1 0.921094 0.170833 0.151562 0.229167
1 0.390625 0.731250 0.187500 0.250000
1 0.138281 0.137500 0.201563 0.220833
1 0.468750 0.920833 0.171875 0.158333
1 0.391406 0.093750 0.154688 0.187500
1 0.546094 0.620833 0.145313 0.250000
1 0.782813 0.565625 0.175000 0.214583
1 0.946875 0.780208 0.106250 0.243750
1 0.222656 0.575000 0.157813 0.200000
0 0.333594 0.372917 0.270313 0.287500
1 0.693750 0.535417 0.156250 0.212500
1 0.029687 0.451042 0.059375 0.197917
1 0.946094 0.280208 0.101562 0.235417
1 0.737500 0.088542 0.200000 0.172917
1 0.621875 0.271875 0.215625 0.260417
1 0.921094 0.170833 0.151562 0.229167
1 0.390625 0.731250 0.187500 0.250000
1 0.138281 0.137500 0.201563 0.220833
1 0.468750 0.920833 0.171875 0.158333
1 0.391406 0.093750 0.154688 0.187500
1 0.546094 0.620833 0.145313 0.250000
1 0.782813 0.565625 0.175000 0.214583
1 0.946875 0.780208 0.106250 0.243750
1 0.222656 0.575000 0.157813 0.200000
0 0.333594 0.372917 0.270313 0.287500
1 0.693750 0.535417 0.156250 0.212500
1 0.029687 0.451042 0.059375 0.197917
1 0.946094 0.280208 0.101562 0.235417
1 0.737500 0.088542 0.200000 0.172917
1 0.621875 0.271875 0.215625 0.260417
1 0.921094 0.170833 0.151562 0.229167
1 0.390625 0.731250 0.187500 0.250000
1 0.138281 0.137500 0.201563 0.220833
1 0.468750 0.920833 0.171875 0.158333
1 0.391406 0.093750 0.154688 0.187500
1 0.546094 0.620833 0.145313 0.250000
1 0.782813 0.565625 0.175000 0.214583
1 0.946875 0.780208 0.106250 0.243750
1 0.222656 0.575000 0.157813 0.200000
0 0.333594 0.372917 0.270313 0.287500
