1 0.190625 0.456250 0.153125 0.195833
1 0.094531 0.038542 0.157813 0.077083
1 0.461719 0.523958 0.179688 0.197917
1 0.666406 0.521875 0.157813 0.227083
1 0.944531 0.398958 0.104688 0.231250
1 0.103125 0.411458 0.156250 0.222917
1 0.050781 0.256250 0.101562 0.200000
2 0.258594 0.030208 0.064062 0.060417
1 0.218750 0.698958 0.153125 0.206250
1 0.461719 0.676042 0.154688 0.177083
1 0.496875 0.921875 0.175000 0.156250
2 0.493750 0.815625 0.065625 0.085417
1 0.182812 0.237500 0.153125 0.233333
1 0.093750 0.918750 0.171875 0.162500
1 0.760156 0.070833 0.157813 0.141667
1 0.610156 0.373958 0.132812 0.181250
1 0.760156 0.297917 0.167187 0.225000
1 0.927344 0.189583 0.145313 0.208333
1 0.074219 0.680208 0.148438 0.214583
1 0.737500 0.846875 0.165625 0.189583
0 0.416406 0.231250 0.335938 0.445833
1 0.626563 0.135417 0.159375 0.212500
1 0.190625 0.456250 0.153125 0.195833
1 0.094531 0.038542 0.157813 0.077083
1 0.461719 0.523958 0.179688 0.197917
1 0.666406 0.521875 0.157813 0.227083
1 0.944531 0.398958 0.104688 0.231250
1 0.103125 0.411458 0.156250 0.222917
1 0.050781 0.256250 0.101562 0.200000
2 0.258594 0.030208 0.064062 0.060417
1 0.218750 0.698958 0.153125 0.206250
1 0.461719 0.676042 0.154688 0.177083
1 0.496875 0.921875 0.175000 0.156250
2 0.493750 0.815625 0.065625 0.085417
1 0.182812 0.237500 0.153125 0.233333
1 0.093750 0.918750 0.171875 0.162500
1 0.760156 0.070833 0.157813 0.141667
1 0.610156 0.373958 0.132812 0.181250
1 0.760156 0.297917 0.167187 0.225000
1 0.927344 0.189583 0.145313 0.208333
1 0.074219 0.680208 0.148438 0.214583
1 0.737500 0.846875 0.165625 0.189583
0 0.416406 0.231250 0.335938 0.445833
1 0.626563 0.135417 0.159375 0.212500
1 0.190625 0.456250 0.153125 0.195833
1 0.094531 0.038542 0.157813 0.077083
1 0.461719 0.523958 0.179688 0.197917
1 0.666406 0.521875 0.157813 0.227083
1 0.944531 0.398958 0.104688 0.231250
1 0.103125 0.411458 0.156250 0.222917
1 0.050781 0.256250 0.101562 0.200000
2 0.258594 0.030208 0.064062 0.060417
1 0.218750 0.698958 0.153125 0.206250
1 0.461719 0.676042 0.154688 0.177083
1 0.496875 0.921875 0.175000 0.156250
2 0.493750 0.815625 0.065625 0.085417
1 0.182812 0.237500 0.153125 0.233333
1 0.093750 0.918750 0.171875 0.162500
1 0.760156 0.070833 0.157813 0.141667
1 0.610156 0.373958 0.132812 0.181250
1 0.760156 0.297917 0.167187 0.225000
1 0.927344 0.189583 0.145313 0.208333
1 0.074219 0.680208 0.148438 0.214583
1 0.737500 0.846875 0.165625 0.189583
0 0.416406 0.231250 0.335938 0.445833
1 0.626563 0.135417 0.159375 0.212500
1 0.190625 0.456250 0.153125 0.195833
1 0.094531 0.038542 0.157813 0.077083
1 0.461719 0.523958 0.179688 0.197917
1 0.666406 0.521875 0.157813 0.227083
1 0.944531 0.398958 0.104688 0.231250
1 0.103125 0.411458 0.156250 0.222917
1 0.050781 0.256250 0.101562 0.200000
2 0.258594 0.030208 0.064062 0.060417
1 0.218750 0.698958 0.153125 0.206250
1 0.461719 0.676042 0.154688 0.177083
1 0.496875 0.921875 0.175000 0.156250
2 0.493750 0.815625 0.065625 0.085417
1 0.182812 0.237500 0.153125 0.233333
1 0.093750 0.918750 0.171875 0.162500
1 0.760156 0.070833 0.157813 0.141667
1 0.610156 0.373958 0.132812 0.181250
1 0.760156 0.297917 0.167187 0.225000
1 0.927344 0.189583 0.145313 0.208333
1 0.074219 0.680208 0.148438 0.214583
1 0.737500 0.846875 0.165625 0.189583
0 0.416406 0.231250 0.335938 0.445833
1 0.626563 0.135417 0.159375 0.212500
1 0.190625 0.456250 0.153125 0.195833
1 0.094531 0.038542 0.157813 0.077083
1 0.461719 0.523958 0.179688 0.197917
1 0.666406 0.521875 0.157813 0.227083
1 0.944531 0.398958 0.104688 0.231250
1 0.103125 0.411458 0.156250 0.222917
1 0.050781 0.256250 0.101562 0.200000
2 0.258594 0.030208 0.064062 0.060417
1 0.218750 0.698958 0.153125 0.206250
1 0.461719 0.676042 0.154688 0.177083
1 0.496875 0.921875 0.175000 0.156250
2 0.493750 0.815625 0.065625 0.085417
1 0.182812 0.237500 0.153125 0.233333
1 0.093750 0.918750 0.171875 0.162500
1 0.760156 0.070833 0.157813 0.141667
1 0.610156 0.373958 0.132812 0.181250
1 0.760156 0.297917 0.167187 0.225000
1 0.927344 0.189583 0.145313 0.208333
1 0.074219 0.680208 0.148438 0.214583
1 0.737500 0.846875 0.165625 0.189583
0 0.416406 0.231250 0.335938 0.445833
1 0.626563 0.135417 0.159375 0.212500
1 0.190625 0.456250 0.153125 0.195833
1 0.094531 0.038542 0.157813 0.077083
1 0.461719 0.523958 0.179688 0.197917
1 0.666406 0.521875 0.157813 0.227083
1 0.944531 0.398958 0.104688 0.231250
1 0.103125 0.411458 0.156250 0.222917
1 0.050781 0.256250 0.101562 0.200000
2 0.258594 0.030208 0.064062 0.060417
1 0.218750 0.698958 0.153125 0.206250
1 0.461719 0.676042 0.154688 0.177083
1 0.496875 0.921875 0.175000 0.156250
2 0.493750 0.815625 0.065625 0.085417
1 0.182812 0.237500 0.153125 0.233333
1 0.093750 0.918750 0.171875 0.162500
1 0.760156 0.070833 0.157813 0.141667
1 0.610156 0.373958 0.132812 0.181250
1 0.760156 0.297917 0.167187 0.225000
1 0.927344 0.189583 0.145313 0.208333
1 0.074219 0.680208 0.148438 0.214583
1 0.737500 0.846875 0.165625 0.189583
0 0.416406 0.231250 0.335938 0.445833
1 0.626563 0.135417 0.159375 0.212500
1 0.190625 0.456250 0.153125 0.195833
1 0.094531 0.038542 0.157813 0.077083
1 0.461719 0.523958 0.179688 0.197917
1 0.666406 0.521875 0.157813 0.227083
1 0.944531 0.398958 0.104688 0.231250
1 0.103125 0.411458 0.156250 0.222917
1 0.050781 0.256250 0.101562 0.200000
2 0.258594 0.030208 0.064062 0.060417
1 0.218750 0.698958 0.153125 0.206250
1 0.461719 0.676042 0.154688 0.177083
1 0.496875 0.921875 0.175000 0.156250
2 0.493750 0.815625 0.065625 0.085417
1 0.182812 0.237500 0.153125 0.233333
1 0.093750 0.918750 0.171875 0.162500
1 0.760156 0.070833 0.157813 0.141667
1 0.610156 0.373958 0.132812 0.181250
1 0.760156 0.297917 0.167187 0.225000
1 0.927344 0.189583 0.145313 0.208333
1 0.074219 0.680208 0.148438 0.214583
1 0.737500 0.846875 0.165625 0.189583
0 0.416406 0.231250 0.335938 0.445833
1 0.626563 0.135417 0.159375 0.212500
1 0.190625 0.456250 0.153125 0.195833
1 0.094531 0.038542 0.157813 0.077083
1 0.461719 0.523958 0.179688 0.197917
1 0.666406 0.521875 0.157813 0.227083
1 0.944531 0.398958 0.104688 0.231250
1 0.103125 0.411458 0.156250 0.222917
1 0.050781 0.256250 0.101562 0.200000
2 0.258594 0.030208 0.064062 0.060417
1 0.218750 0.698958 0.153125 0.206250
1 0.461719 0.676042 0.154688 0.177083
1 0.496875 0.921875 0.175000 0.156250
2 0.493750 0.815625 0.065625 0.085417
1 0.182812 0.237500 0.153125 0.233333
1 0.093750 0.918750 0.171875 0.162500
1 0.760156 0.070833 0.157813 0.141667
1 0.610156 0.373958 0.132812 0.181250
1 0.760156 0.297917 0.167187 0.225000
1 0.927344 0.189583 0.145313 0.208333
1 0.074219 0.680208 0.148438 0.214583
1 0.737500 0.846875 0.165625 0.189583
0 0.416406 0.231250 0.335938 0.445833
1 0.626563 0.135417 0.159375 0.212500
1 0.190625 0.456250 0.153125 0.195833
1 0.094531 0.038542 0.157813 0.077083
1 0.461719 0.523958 0.179688 0.197917
1 0.666406 0.521875 0.157813 0.227083
1 0.944531 0.398958 0.104688 0.231250
1 0.103125 0.411458 0.156250 0.222917
1 0.050781 0.256250 0.101562 0.200000
2 0.258594 0.030208 0.064062 0.060417
1 0.218750 0.698958 0.153125 0.206250
1 0.461719 0.676042 0.154688 0.177083
1 0.496875 0.921875 0.175000 0.156250
2 0.493750 0.815625 0.065625 0.085417
1 0.182812 0.237500 0.153125 0.233333
1 0.093750 0.918750 0.171875 0.162500
1 0.760156 0.070833 0.157813 0.141667
1 0.610156 0.373958 0.132812 0.181250
1 0.760156 0.297917 0.167187 0.225000
1 0.927344 0.189583 0.145313 0.208333
1 0.074219 0.680208 0.148438 0.214583
1 0.737500 0.846875 0.165625 0.189583
0 0.416406 0.231250 0.335938 0.445833
1 0.626563 0.135417 0.159375 0.212500
1 0.190625 0.456250 0.153125 0.195833
1 0.094531 0.038542 0.157813 0.077083
1 0.461719 0.523958 0.179688 0.197917
1 0.666406 0.521875 0.157813 0.227083
1 0.944531 0.398958 0.104688 0.231250
1 0.103125 0.411458 0.156250 0.222917
1 0.050781 0.256250 0.101562 0.200000
2 0.258594 0.030208 0.064062 0.060417
1 0.218750 0.698958 0.153125 0.206250
1 0.461719 0.676042 0.154688 0.177083
1 0.496875 0.921875 0.175000 0.156250
2 0.493750 0.815625 0.065625 0.085417
1 0.182812 0.237500 0.153125 0.233333
1 0.093750 0.918750 0.171875 0.162500
1 0.760156 0.070833 0.157813 0.141667
1 0.610156 0.373958 0.132812 0.181250
1 0.760156 0.297917 0.167187 0.225000
1 0.927344 0.189583 0.145313 0.208333
1 0.074219 0.680208 0.148438 0.214583
1 0.737500 0.846875 0.165625 0.189583
0 0.416406 0.231250 0.335938 0.445833
1 0.626563 0.135417 0.159375 0.212500
1 0.190625 0.456250 0.153125 0.195833
1 0.094531 0.038542 0.157813 0.077083
1 0.461719 0.523958 0.179688 0.197917
1 0.666406 0.521875 0.157813 0.227083
1 0.944531 0.398958 0.104688 0.231250
1 0.103125 0.411458 0.156250 0.222917
1 0.050781 0.256250 0.101562 0.200000
2 0.258594 0.030208 0.064062 0.060417
1 0.218750 0.698958 0.153125 0.206250
1 0.461719 0.676042 0.154688 0.177083
1 0.496875 0.921875 0.175000 0.156250
2 0.493750 0.815625 0.065625 0.085417
1 0.182812 0.237500 0.153125 0.233333
1 0.093750 0.918750 0.171875 0.162500
1 0.760156 0.070833 0.157813 0.141667
1 0.610156 0.373958 0.132812 0.181250
1 0.760156 0.297917 0.167187 0.225000
1 0.927344 0.189583 0.145313 0.208333
1 0.074219 0.680208 0.148438 0.214583
1 0.737500 0.846875 0.165625 0.189583
0 0.416406 0.231250 0.335938 0.445833
1 0.626563 0.135417 0.159375 0.212500
1 0.190625 0.456250 0.153125 0.195833
1 0.094531 0.038542 0.157813 0.077083
1 0.461719 0.523958 0.179688 0.197917
1 0.666406 0.521875 0.157813 0.227083
1 0.944531 0.398958 0.104688 0.231250
1 0.103125 0.411458 0.156250 0.222917
1 0.050781 0.256250 0.101562 0.200000
2 0.258594 0.030208 0.064062 0.060417
1 0.218750 0.698958 0.153125 0.206250
1 0.461719 0.676042 0.154688 0.177083
1 0.496875 0.921875 0.175000 0.156250
2 0.493750 0.815625 0.065625 0.085417
1 0.182812 0.237500 0.153125 0.233333
1 0.093750 0.918750 0.171875 0.162500
1 0.760156 0.070833 0.157813 0.141667
1 0.610156 0.373958 0.132812 0.181250
1 0.760156 0.297917 0.167187 0.225000
1 0.927344 0.189583 0.145313 0.208333
1 0.074219 0.680208 0.148438 0.214583
1 0.737500 0.846875 0.165625 0.189583
0 0.416406 0.231250 0.335938 0.445833
1 0.626563 0.135417 0.159375 0.212500
1 0.190625 0.456250 0.153125 0.195833
1 0.094531 0.038542 0.157813 0.077083
1 0.461719 0.523958 0.179688 0.197917
1 0.666406 0.521875 0.157813 0.227083
1 0.944531 0.398958 0.104688 0.231250
1 0.103125 0.411458 0.156250 0.222917
1 0.050781 0.256250 0.101562 0.200000
2 0.258594 0.030208 0.064062 0.060417
1 0.218750 0.698958 0.153125 0.206250
1 0.461719 0.676042 0.154688 0.177083
1 0.496875 0.921875 0.175000 0.156250
2 0.493750 0.815625 0.065625 0.085417
1 0.182812 0.237500 0.153125 0.233333
1 0.093750 0.918750 0.171875 0.162500
1 0.760156 0.070833 0.157813 0.141667
1 0.610156 0.373958 0.132812 0.181250
1 0.760156 0.297917 0.167187 0.225000
1 0.927344 0.189583 0.145313 0.208333
1 0.074219 0.680208 0.148438 0.214583
1 0.737500 0.846875 0.165625 0.189583
0 0.416406 0.231250 0.335938 0.445833
1 0.626563 0.135417 0.159375 0.212500
1 0.190625 0.456250 0.153125 0.195833
1 0.094531 0.038542 0.157813 0.077083
1 0.461719 0.523958 0.179688 0.197917
1 0.666406 0.521875 0.157813 0.227083
1 0.944531 0.398958 0.104688 0.231250
1 0.103125 0.411458 0.156250 0.222917
1 0.050781 0.256250 0.101562 0.200000
2 0.258594 0.030208 0.064062 0.060417
1 0.218750 0.698958 0.153125 0.206250
1 0.461719 0.676042 0.154688 0.177083
1 0.496875 0.921875 0.175000 0.156250
2 0.493750 0.815625 0.065625 0.085417
1 0.182812 0.237500 0.153125 0.233333
1 0.093750 0.918750 0.171875 0.162500
1 0.760156 0.070833 0.157813 0.141667
1 0.610156 0.373958 0.132812 0.181250
1 0.760156 0.297917 0.167187 0.225000
1 0.927344 0.189583 0.145313 0.208333
1 0.074219 0.680208 0.148438 0.214583
1 0.737500 0.846875 0.165625 0.189583
0 0.416406 0.231250 0.335938 0.445833
1 0.626563 0.135417 0.159375 0.212500
1 0.190625 0.456250 0.153125 0.195833
1 0.094531 0.038542 0.157813 0.077083
1 0.461719 0.523958 0.179688 0.197917
1 0.666406 0.521875 0.157813 0.227083
1 0.944531 0.398958 0.104688 0.231250
1 0.103125 0.411458 0.156250 0.222917
1 0.050781 0.256250 0.101562 0.200000
2 0.258594 0.030208 0.064062 0.060417
1 0.218750 0.698958 0.153125 0.206250
1 0.461719 0.676042 0.154688 0.177083
1 0.496875 0.921875 0.175000 0.156250
2 0.493750 0.815625 0.065625 0.085417
1 0.182812 0.237500 0.153125 0.233333
1 0.093750 0.918750 0.171875 0.162500
1 0.760156 0.070833 0.157813 0.141667
1 0.610156 0.373958 0.132812 0.181250
1 0.760156 0.297917 0.167187 0.225000
1 0.927344 0.189583 0.145313 0.208333
1 0.074219 0.680208 0.148438 0.214583
1 0.737500 0.846875 0.165625 0.189583
0 0.416406 0.231250 0.335938 0.445833
1 0.626563 0.135417 0.159375 0.212500
1 0.190625 0.456250 0.153125 0.195833
1 0.094531 0.038542 0.157813 0.077083
1 0.461719 0.523958 0.179688 0.197917
1 0.666406 0.521875 0.157813 0.227083
1 0.944531 0.398958 0.104688 0.231250
1 0.103125 0.411458 0.156250 0.222917
1 0.050781 0.256250 0.101562 0.200000
2 0.258594 0.030208 0.064062 0.060417
1 0.218750 0.698958 0.153125 0.206250
1 0.461719 0.676042 0.154688 0.177083
1 0.496875 0.921875 0.175000 0.156250
2 0.493750 0.815625 0.065625 0.085417
1 0.182812 0.237500 0.153125 0.233333
1 0.093750 0.918750 0.171875 0.162500
1 0.760156 0.070833 0.157813 0.141667
1 0.610156 0.373958 0.132812 0.181250
1 0.760156 0.297917 0.167187 0.225000
1 0.927344 0.189583 0.145313 0.208333
1 0.074219 0.680208 0.148438 0.214583
1 0.737500 0.846875 0.165625 0.189583
0 0.416406 0.231250 0.335938 0.445833
1 0.626563 0.135417 0.159375 0.212500
1 0.190625 0.456250 0.153125 0.195833
1 0.094531 0.038542 0.157813 0.077083
1 0.461719 0.523958 0.179688 0.197917
1 0.666406 0.521875 0.157813 0.227083
1 0.944531 0.398958 0.104688 0.231250
1 0.103125 0.411458 0.156250 0.222917
1 0.050781 0.256250 0.101562 0.200000
2 0.258594 0.030208 0.064062 0.060417
1 0.218750 0.698958 0.153125 0.206250
1 0.461719 0.676042 0.154688 0.177083
1 0.496875 0.921875 0.175000 0.156250
2 0.493750 0.815625 0.065625 0.085417
1 0.182812 0.237500 0.153125 0.233333
1 0.093750 0.918750 0.171875 0.162500
1 0.760156 0.070833 0.157813 0.141667
1 0.610156 0.373958 0.132812 0.181250
1 0.760156 0.297917 0.167187 0.225000
1 0.927344 0.189583 0.145313 0.208333
1 0.074219 0.680208 0.148438 0.214583
1 0.737500 0.846875 0.165625 0.189583
0 0.416406 0.231250 0.335938 0.445833
1 0.626563 0.135417 0.159375 0.212500
1 0.190625 0.456250 0.153125 0.195833
1 0.094531 0.038542 0.157813 0.077083
1 0.461719 0.523958 0.179688 0.197917
1 0.666406 0.521875 0.157813 0.227083
1 0.944531 0.398958 0.104688 0.231250
1 0.103125 0.411458 0.156250 0.222917
1 0.050781 0.256250 0.101562 0.200000
2 0.258594 0.030208 0.064062 0.060417
1 0.218750 0.698958 0.153125 0.206250
1 0.461719 0.676042 0.154688 0.177083
1 0.496875 0.921875 0.175000 0.156250
2 0.493750 0.815625 0.065625 0.085417
1 0.182812 0.237500 0.153125 0.233333
1 0.093750 0.918750 0.171875 0.162500
1 0.760156 0.070833 0.157813 0.141667
1 0.610156 0.373958 0.132812 0.181250
1 0.760156 0.297917 0.167187 0.225000
1 0.927344 0.189583 0.145313 0.208333
1 0.074219 0.680208 0.148438 0.214583
1 0.737500 0.846875 0.165625 0.189583
0 0.416406 0.231250 0.335938 0.445833
1 0.626563 0.135417 0.159375 0.212500
1 0.190625 0.456250 0.153125 0.195833
1 0.094531 0.038542 0.157813 0.077083
1 0.461719 0.523958 0.179688 0.197917
1 0.666406 0.521875 0.157813 0.227083
1 0.944531 0.398958 0.104688 0.231250
1 0.103125 0.411458 0.156250 0.222917
1 0.050781 0.256250 0.101562 0.200000
2 0.258594 0.030208 0.064062 0.060417
1 0.218750 0.698958 0.153125 0.206250
1 0.461719 0.676042 0.154688 0.177083
1 0.496875 0.921875 0.175000 0.156250
2 0.493750 0.815625 0.065625 0.085417
1 0.182812 0.237500 0.153125 0.233333
1 0.093750 0.918750 0.171875 0.162500
1 0.760156 0.070833 0.157813 0.141667
1 0.610156 0.373958 0.132812 0.181250
1 0.760156 0.297917 0.167187 0.225000
1 0.927344 0.189583 0.145313 0.208333
1 0.074219 0.680208 0.148438 0.214583
1 0.737500 0.846875 0.165625 0.189583
0 0.416406 0.231250 0.335938 0.445833
1 0.626563 0.135417 0.159375 0.212500
1 0.190625 0.456250 0.153125 0.195833
1 0.094531 0.038542 0.157813 0.077083
1 0.461719 0.523958 0.179688 0.197917
1 0.666406 0.521875 0.157813 0.227083
1 0.944531 0.398958 0.104688 0.231250
1 0.103125 0.411458 0.156250 0.222917
1 0.050781 0.256250 0.101562 0.200000
2 0.258594 0.030208 0.064062 0.060417
1 0.218750 0.698958 0.153125 0.206250
1 0.461719 0.676042 0.154688 0.177083
1 0.496875 0.921875 0.175000 0.156250
2 0.493750 0.815625 0.065625 0.085417
1 0.182812 0.237500 0.153125 0.233333
1 0.093750 0.918750 0.171875 0.162500
1 0.760156 0.070833 0.157813 0.141667
1 0.610156 0.373958 0.132812 0.181250
1 0.760156 0.297917 0.167187 0.225000
1 0.927344 0.189583 0.145313 0.208333
1 0.074219 0.680208 0.148438 0.214583
1 0.737500 0.846875 0.165625 0.189583
0 0.416406 0.231250 0.335938 0.445833
1 0.626563 0.135417 0.159375 0.212500
1 0.190625 0.456250 0.153125 0.195833
1 0.094531 0.038542 0.157813 0.077083
1 0.461719 0.523958 0.179688 0.197917
1 0.666406 0.521875 0.157813 0.227083
1 0.944531 0.398958 0.104688 0.231250
1 0.103125 0.411458 0.156250 0.222917
1 0.050781 0.256250 0.101562 0.200000
2 0.258594 0.030208 0.064062 0.060417
1 0.218750 0.698958 0.153125 0.206250
1 0.461719 0.676042 0.154688 0.177083
1 0.496875 0.921875 0.175000 0.156250
2 0.493750 0.815625 0.065625 0.085417
1 0.182812 0.237500 0.153125 0.233333
1 0.093750 0.918750 0.171875 0.162500
1 0.760156 0.070833 0.157813 0.141667
1 0.610156 0.373958 0.132812 0.181250
1 0.760156 0.297917 0.167187 0.225000
1 0.927344 0.189583 0.145313 0.208333
1 0.074219 0.680208 0.148438 0.214583
1 0.737500 0.846875 0.165625 0.189583
0 0.416406 0.231250 0.335938 0.445833
1 0.626563 0.135417 0.159375 0.212500
1 0.190625 0.456250 0.153125 0.195833
1 0.094531 0.038542 0.157813 0.077083
1 0.461719 0.523958 0.179688 0.197917
1 0.666406 0.521875 0.157813 0.227083
1 0.944531 0.398958 0.104688 0.231250
1 0.103125 0.411458 0.156250 0.222917
1 0.050781 0.256250 0.101562 0.200000
2 0.258594 0.030208 0.064062 0.060417
1 0.218750 0.698958 0.153125 0.206250
1 0.461719 0.676042 0.154688 0.177083
1 0.496875 0.921875 0.175000 0.156250
2 0.493750 0.815625 0.065625 0.085417
1 0.182812 0.237500 0.153125 0.233333
1 0.093750 0.918750 0.171875 0.162500
1 0.760156 0.070833 0.157813 0.141667
1 0.610156 0.373958 0.132812 0.181250
1 0.760156 0.297917 0.167187 0.225000
1 0.927344 0.189583 0.145313 0.208333
1 0.074219 0.680208 0.148438 0.214583
1 0.737500 0.846875 0.165625 0.189583
0 0.416406 0.231250 0.335938 0.445833
1 0.626563 0.135417 0.159375 0.212500
