1 0.904688 0.220833 0.171875 0.195833
1 0.490625 0.051042 0.168750 0.102083
1 0.981250 0.490625 0.037500 0.189583
1 0.664844 0.383333 0.189063 0.229167
1 0.022656 0.063542 0.045313 0.127083
1 0.970313 0.936458 0.053125 0.127083
1 0.960938 0.154167 0.075000 0.195833
2 0.406250 0.116667 0.056250 0.083333
1 0.379688 0.116667 0.184375 0.208333
1 0.760938 0.356250 0.165625 0.216667
1 0.233594 0.268750 0.139063 0.200000
1 0.924219 0.342708 0.151562 0.214583
1 0.407813 0.946875 0.175000 0.106250
1 0.697656 0.538542 0.157813 0.206250
1 0.182031 0.119792 0.220313 0.139583
1 0.662500 0.058333 0.162500 0.116667
1 0.173438 0.926042 0.168750 0.147917
1 0.855469 0.066667 0.148438 0.133333
1 0.947656 0.704167 0.104688 0.225000
0 0.164062 0.536458 0.315625 0.431250
1 0.060156 0.273958 0.117188 0.227083
1 0.549219 0.886458 0.142188 0.202083
1 0.671094 0.755208 0.167187 0.214583
1 0.390625 0.725000 0.178125 0.229167
1 0.376563 0.358333 0.184375 0.250000
1 0.070312 0.836458 0.137500 0.222917
1 0.832031 0.851042 0.170313 0.231250
1 0.564844 0.201042 0.173438 0.218750
1 0.904688 0.220833 0.171875 0.195833
1 0.490625 0.051042 0.168750 0.102083
1 0.981250 0.490625 0.037500 0.189583
1 0.664844 0.383333 0.189063 0.229167
1 0.022656 0.063542 0.045313 0.127083
1 0.970313 0.936458 0.053125 0.127083
1 0.960938 0.154167 0.075000 0.195833
2 0.406250 0.116667 0.056250 0.083333
1 0.379688 0.116667 0.184375 0.208333
1 0.760938 0.356250 0.165625 0.216667
1 0.233594 0.268750 0.139063 0.200000
1 0.924219 0.342708 0.151562 0.214583
1 0.407813 0.946875 0.175000 0.106250
1 0.697656 0.538542 0.157813 0.206250
1 0.182031 0.119792 0.220313 0.139583
1 0.662500 0.058333 0.162500 0.116667
1 0.173438 0.926042 0.168750 0.147917
1 0.855469 0.066667 0.148438 0.133333
1 0.947656 0.704167 0.104688 0.225000
0 0.164062 0.536458 0.315625 0.431250
1 0.060156 0.273958 0.117188 0.227083
1 0.549219 0.886458 0.142188 0.202083
1 0.671094 0.755208 0.167187 0.214583
1 0.390625 0.725000 0.178125 0.229167
1 0.376563 0.358333 0.184375 0.250000
1 0.070312 0.836458 0.137500 0.222917
1 0.832031 0.851042 0.170313 0.231250
1 0.564844 0.201042 0.173438 0.218750
1 0.904688 0.220833 0.171875 0.195833
1 0.490625 0.051042 0.168750 0.102083
1 0.981250 0.490625 0.037500 0.189583
1 0.664844 0.383333 0.189063 0.229167
1 0.022656 0.063542 0.045313 0.127083
1 0.970313 0.936458 0.053125 0.127083
1 0.960938 0.154167 0.075000 0.195833
2 0.406250 0.116667 0.056250 0.083333
1 0.379688 0.116667 0.184375 0.208333
1 0.760938 0.356250 0.165625 0.216667
1 0.233594 0.268750 0.139063 0.200000
1 0.924219 0.342708 0.151562 0.214583
1 0.407813 0.946875 0.175000 0.106250
1 0.697656 0.538542 0.157813 0.206250
1 0.182031 0.119792 0.220313 0.139583
1 0.662500 0.058333 0.162500 0.116667
1 0.173438 0.926042 0.168750 0.147917
1 0.855469 0.066667 0.148438 0.133333
1 0.947656 0.704167 0.104688 0.225000
0 0.164062 0.536458 0.315625 0.431250
1 0.060156 0.273958 0.117188 0.227083
1 0.549219 0.886458 0.142188 0.202083
1 0.671094 0.755208 0.167187 0.214583
1 0.390625 0.725000 0.178125 0.229167
1 0.376563 0.358333 0.184375 0.250000
1 0.070312 0.836458 0.137500 0.222917
1 0.832031 0.851042 0.170313 0.231250
1 0.564844 0.201042 0.173438 0.218750
1 0.904688 0.220833 0.171875 0.195833
1 0.490625 0.051042 0.168750 0.102083
1 0.981250 0.490625 0.037500 0.189583
1 0.664844 0.383333 0.189063 0.229167
1 0.022656 0.063542 0.045313 0.127083
1 0.970313 0.936458 0.053125 0.127083
1 0.960938 0.154167 0.075000 0.195833
2 0.406250 0.116667 0.056250 0.083333
1 0.379688 0.116667 0.184375 0.208333
1 0.760938 0.356250 0.165625 0.216667
1 0.233594 0.268750 0.139063 0.200000
1 0.924219 0.342708 0.151562 0.214583
1 0.407813 0.946875 0.175000 0.106250
1 0.697656 0.538542 0.157813 0.206250
1 0.182031 0.119792 0.220313 0.139583
1 0.662500 0.058333 0.162500 0.116667
1 0.173438 0.926042 0.168750 0.147917
1 0.855469 0.066667 0.148438 0.133333
1 0.947656 0.704167 0.104688 0.225000
0 0.164062 0.536458 0.315625 0.431250
1 0.060156 0.273958 0.117188 0.227083
1 0.549219 0.886458 0.142188 0.202083
1 0.671094 0.755208 0.167187 0.214583
1 0.390625 0.725000 0.178125 0.229167
1 0.376563 0.358333 0.184375 0.250000
1 0.070312 0.836458 0.137500 0.222917
1 0.832031 0.851042 0.170313 0.231250
1 0.564844 0.201042 0.173438 0.218750
1 0.904688 0.220833 0.171875 0.195833
1 0.490625 0.051042 0.168750 0.102083
1 0.981250 0.490625 0.037500 0.189583
1 0.664844 0.383333 0.189063 0.229167
1 0.022656 0.063542 0.045313 0.127083
1 0.970313 0.936458 0.053125 0.127083
1 0.960938 0.154167 0.075000 0.195833
2 0.406250 0.116667 0.056250 0.083333
1 0.379688 0.116667 0.184375 0.208333
1 0.760938 0.356250 0.165625 0.216667
1 0.233594 0.268750 0.139063 0.200000
1 0.924219 0.342708 0.151562 0.214583
1 0.407813 0.946875 0.175000 0.106250
1 0.697656 0.538542 0.157813 0.206250
1 0.182031 0.119792 0.220313 0.139583
1 0.662500 0.058333 0.162500 0.116667
1 0.173438 0.926042 0.168750 0.147917
1 0.855469 0.066667 0.148438 0.133333
1 0.947656 0.704167 0.104688 0.225000
0 0.164062 0.536458 0.315625 0.431250
1 0.060156 0.273958 0.117188 0.227083
1 0.549219 0.886458 0.142188 0.202083
1 0.671094 0.755208 0.167187 0.214583
1 0.390625 0.725000 0.178125 0.229167
1 0.376563 0.358333 0.184375 0.250000
1 0.070312 0.836458 0.137500 0.222917
1 0.832031 0.851042 0.170313 0.231250
1 0.564844 0.201042 0.173438 0.218750
1 0.904688 0.220833 0.171875 0.195833
1 0.490625 0.051042 0.168750 0.102083
1 0.981250 0.490625 0.037500 0.189583
1 0.664844 0.383333 0.189063 0.229167
1 0.022656 0.063542 0.045313 0.127083
1 0.970313 0.936458 0.053125 0.127083
1 0.960938 0.154167 0.075000 0.195833
2 0.406250 0.116667 0.056250 0.083333
1 0.379688 0.116667 0.184375 0.208333
1 0.760938 0.356250 0.165625 0.216667
1 0.233594 0.268750 0.139063 0.200000
1 0.924219 0.342708 0.151562 0.214583
1 0.407813 0.946875 0.175000 0.106250
1 0.697656 0.538542 0.157813 0.206250
1 0.182031 0.119792 0.220313 0.139583
1 0.662500 0.058333 0.162500 0.116667
1 0.173438 0.926042 0.168750 0.147917
1 0.855469 0.066667 0.148438 0.133333
1 0.947656 0.704167 0.104688 0.225000
0 0.164062 0.536458 0.315625 0.431250
1 0.060156 0.273958 0.117188 0.227083
1 0.549219 0.886458 0.142188 0.202083
1 0.671094 0.755208 0.167187 0.214583
1 0.390625 0.725000 0.178125 0.229167
1 0.376563 0.358333 0.184375 0.250000
1 0.070312 0.836458 0.137500 0.222917
1 0.832031 0.851042 0.170313 0.231250
1 0.564844 0.201042 0.173438 0.218750
1 0.904688 0.220833 0.171875 0.195833
1 0.490625 0.051042 0.168750 0.102083
1 0.981250 0.490625 0.037500 0.189583
1 0.664844 0.383333 0.189063 0.229167
1 0.022656 0.063542 0.045313 0.127083
1 0.970313 0.936458 0.053125 0.127083
1 0.960938 0.154167 0.075000 0.195833
2 0.406250 0.116667 0.056250 0.083333
1 0.379688 0.116667 0.184375 0.208333
1 0.760938 0.356250 0.165625 0.216667
1 0.233594 0.268750 0.139063 0.200000
1 0.924219 0.342708 0.151562 0.214583
1 0.407813 0.946875 0.175000 0.106250
1 0.697656 0.538542 0.157813 0.206250
1 0.182031 0.119792 0.220313 0.139583
1 0.662500 0.058333 0.162500 0.116667
1 0.173438 0.926042 0.168750 0.147917
1 0.855469 0.066667 0.148438 0.133333
1 0.947656 0.704167 0.104688 0.225000
0 0.164062 0.536458 0.315625 0.431250
1 0.060156 0.273958 0.117188 0.227083
1 0.549219 0.886458 0.142188 0.202083
1 0.671094 0.755208 0.167187 0.214583
1 0.390625 0.725000 0.178125 0.229167
1 0.376563 0.358333 0.184375 0.250000
1 0.070312 0.836458 0.137500 0.222917
1 0.832031 0.851042 0.170313 0.231250
1 0.564844 0.201042 0.173438 0.218750
1 0.904688 0.220833 0.171875 0.195833
1 0.490625 0.051042 0.168750 0.102083
1 0.981250 0.490625 0.037500 0.189583
1 0.664844 0.383333 0.189063 0.229167
1 0.022656 0.063542 0.045313 0.127083
1 0.970313 0.936458 0.053125 0.127083
1 0.960938 0.154167 0.075000 0.195833
2 0.406250 0.116667 0.056250 0.083333
1 0.379688 0.116667 0.184375 0.208333
1 0.760938 0.356250 0.165625 0.216667
1 0.233594 0.268750 0.139063 0.200000
1 0.924219 0.342708 0.151562 0.214583
1 0.407813 0.946875 0.175000 0.106250
1 0.697656 0.538542 0.157813 0.206250
1 0.182031 0.119792 0.220313 0.139583
1 0.662500 0.058333 0.162500 0.116667
1 0.173438 0.926042 0.168750 0.147917
1 0.855469 0.066667 0.148438 0.133333
1 0.947656 0.704167 0.104688 0.225000
0 0.164062 0.536458 0.315625 0.431250
1 0.060156 0.273958 0.117188 0.227083
1 0.549219 0.886458 0.142188 0.202083
1 0.671094 0.755208 0.167187 0.214583
1 0.390625 0.725000 0.178125 0.229167
1 0.376563 0.358333 0.184375 0.250000
1 0.070312 0.836458 0.137500 0.222917
1 0.832031 0.851042 0.170313 0.231250
1 0.564844 0.201042 0.173438 0.218750
1 0.904688 0.220833 0.171875 0.195833
1 0.490625 0.051042 0.168750 0.102083
1 0.981250 0.490625 0.037500 0.189583
1 0.664844 0.383333 0.189063 0.229167
1 0.022656 0.063542 0.045313 0.127083
1 0.970313 0.936458 0.053125 0.127083
1 0.960938 0.154167 0.075000 0.195833
2 0.406250 0.116667 0.056250 0.083333
1 0.379688 0.116667 0.184375 0.208333
1 0.760938 0.356250 0.165625 0.216667
1 0.233594 0.268750 0.139063 0.200000
1 0.924219 0.342708 0.151562 0.214583
1 0.407813 0.946875 0.175000 0.106250
1 0.697656 0.538542 0.157813 0.206250
1 0.182031 0.119792 0.220313 0.139583
1 0.662500 0.058333 0.162500 0.116667
1 0.173438 0.926042 0.168750 0.147917
1 0.855469 0.066667 0.148438 0.133333
1 0.947656 0.704167 0.104688 0.225000
0 0.164062 0.536458 0.315625 0.431250
1 0.060156 0.273958 0.117188 0.227083
1 0.549219 0.886458 0.142188 0.202083
1 0.671094 0.755208 0.167187 0.214583
1 0.390625 0.725000 0.178125 0.229167
1 0.376563 0.358333 0.184375 0.250000
1 0.070312 0.836458 0.137500 0.222917
1 0.832031 0.851042 0.170313 0.231250
1 0.564844 0.201042 0.173438 0.218750
1 0.904688 0.220833 0.171875 0.195833
1 0.490625 0.051042 0.168750 0.102083
1 0.981250 0.490625 0.037500 0.189583
1 0.664844 0.383333 0.189063 0.229167
1 0.022656 0.063542 0.045313 0.127083
1 0.970313 0.936458 0.053125 0.127083
1 0.960938 0.154167 0.075000 0.195833
2 0.406250 0.116667 0.056250 0.083333
1 0.379688 0.116667 0.184375 0.208333
1 0.760938 0.356250 0.165625 0.216667
1 0.233594 0.268750 0.139063 0.200000
1 0.924219 0.342708 0.151562 0.214583
1 0.407813 0.946875 0.175000 0.106250
1 0.697656 0.538542 0.157813 0.206250
1 0.182031 0.119792 0.220313 0.139583
1 0.662500 0.058333 0.162500 0.116667
1 0.173438 0.926042 0.168750 0.147917
1 0.855469 0.066667 0.148438 0.133333
1 0.947656 0.704167 0.104688 0.225000
0 0.164062 0.536458 0.315625 0.431250
1 0.060156 0.273958 0.117188 0.227083
1 0.549219 0.886458 0.142188 0.202083
1 0.671094 0.755208 0.167187 0.214583
1 0.390625 0.725000 0.178125 0.229167
1 0.376563 0.358333 0.184375 0.250000
1 0.070312 0.836458 0.137500 0.222917
1 0.832031 0.851042 0.170313 0.231250
1 0.564844 0.201042 0.173438 0.218750
1 0.904688 0.220833 0.171875 0.195833
1 0.490625 0.051042 0.168750 0.102083
1 0.981250 0.490625 0.037500 0.189583
1 0.664844 0.383333 0.189063 0.229167
1 0.022656 0.063542 0.045313 0.127083
1 0.970313 0.936458 0.053125 0.127083
1 0.960938 0.154167 0.075000 0.195833
2 0.406250 0.116667 0.056250 0.083333
1 0.379688 0.116667 0.184375 0.208333
1 0.760938 0.356250 0.165625 0.216667
1 0.233594 0.268750 0.139063 0.200000
1 0.924219 0.342708 0.151562 0.214583
1 0.407813 0.946875 0.175000 0.106250
1 0.697656 0.538542 0.157813 0.206250
1 0.182031 0.119792 0.220313 0.139583
1 0.662500 0.058333 0.162500 0.116667
1 0.173438 0.926042 0.168750 0.147917
1 0.855469 0.066667 0.148438 0.133333
1 0.947656 0.704167 0.104688 0.225000
0 0.164062 0.536458 0.315625 0.431250
1 0.060156 0.273958 0.117188 0.227083
1 0.549219 0.886458 0.142188 0.202083
1 0.671094 0.755208 0.167187 0.214583
1 0.390625 0.725000 0.178125 0.229167
1 0.376563 0.358333 0.184375 0.250000
1 0.070312 0.836458 0.137500 0.222917
1 0.832031 0.851042 0.170313 0.231250
1 0.564844 0.201042 0.173438 0.218750
1 0.904688 0.220833 0.171875 0.195833
1 0.490625 0.051042 0.168750 0.102083
1 0.981250 0.490625 0.037500 0.189583
1 0.664844 0.383333 0.189063 0.229167
1 0.022656 0.063542 0.045313 0.127083
1 0.970313 0.936458 0.053125 0.127083
1 0.960938 0.154167 0.075000 0.195833
2 0.406250 0.116667 0.056250 0.083333
1 0.379688 0.116667 0.184375 0.208333
1 0.760938 0.356250 0.165625 0.216667
1 0.233594 0.268750 0.139063 0.200000
1 0.924219 0.342708 0.151562 0.214583
1 0.407813 0.946875 0.175000 0.106250
1 0.697656 0.538542 0.157813 0.206250
1 0.182031 0.119792 0.220313 0.139583
1 0.662500 0.058333 0.162500 0.116667
1 0.173438 0.926042 0.168750 0.147917
1 0.855469 0.066667 0.148438 0.133333
1 0.947656 0.704167 0.104688 0.225000
0 0.164062 0.536458 0.315625 0.431250
1 0.060156 0.273958 0.117188 0.227083
1 0.549219 0.886458 0.142188 0.202083
1 0.671094 0.755208 0.167187 0.214583
1 0.390625 0.725000 0.178125 0.229167
1 0.376563 0.358333 0.184375 0.250000
1 0.070312 0.836458 0.137500 0.222917
1 0.832031 0.851042 0.170313 0.231250
1 0.564844 0.201042 0.173438 0.218750
1 0.904688 0.220833 0.171875 0.195833
1 0.490625 0.051042 0.168750 0.102083
1 0.981250 0.490625 0.037500 0.189583
1 0.664844 0.383333 0.189063 0.229167
1 0.022656 0.063542 0.045313 0.127083
1 0.970313 0.936458 0.053125 0.127083
1 0.960938 0.154167 0.075000 0.195833
2 0.406250 0.116667 0.056250 0.083333
1 0.379688 0.116667 0.184375 0.208333
1 0.760938 0.356250 0.165625 0.216667
1 0.233594 0.268750 0.139063 0.200000
1 0.924219 0.342708 0.151562 0.214583
1 0.407813 0.946875 0.175000 0.106250
1 0.697656 0.538542 0.157813 0.206250
1 0.182031 0.119792 0.220313 0.139583
1 0.662500 0.058333 0.162500 0.116667
1 0.173438 0.926042 0.168750 0.147917
1 0.855469 0.066667 0.148438 0.133333
1 0.947656 0.704167 0.104688 0.225000
0 0.164062 0.536458 0.315625 0.431250
1 0.060156 0.273958 0.117188 0.227083
1 0.549219 0.886458 0.142188 0.202083
1 0.671094 0.755208 0.167187 0.214583
1 0.390625 0.725000 0.178125 0.229167
1 0.376563 0.358333 0.184375 0.250000
1 0.070312 0.836458 0.137500 0.222917
1 0.832031 0.851042 0.170313 0.231250
1 0.564844 0.201042 0.173438 0.218750
1 0.904688 0.220833 0.171875 0.195833
1 0.490625 0.051042 0.168750 0.102083
1 0.981250 0.490625 0.037500 0.189583
1 0.664844 0.383333 0.189063 0.229167
1 0.022656 0.063542 0.045313 0.127083
1 0.970313 0.936458 0.053125 0.127083
1 0.960938 0.154167 0.075000 0.195833
2 0.406250 0.116667 0.056250 0.083333
1 0.379688 0.116667 0.184375 0.208333
1 0.760938 0.356250 0.165625 0.216667
1 0.233594 0.268750 0.139063 0.200000
1 0.924219 0.342708 0.151562 0.214583
1 0.407813 0.946875 0.175000 0.106250
1 0.697656 0.538542 0.157813 0.206250
1 0.182031 0.119792 0.220313 0.139583
1 0.662500 0.058333 0.162500 0.116667
1 0.173438 0.926042 0.168750 0.147917
1 0.855469 0.066667 0.148438 0.133333
1 0.947656 0.704167 0.104688 0.225000
0 0.164062 0.536458 0.315625 0.431250
1 0.060156 0.273958 0.117188 0.227083
1 0.549219 0.886458 0.142188 0.202083
1 0.671094 0.755208 0.167187 0.214583
1 0.390625 0.725000 0.178125 0.229167
1 0.376563 0.358333 0.184375 0.250000
1 0.070312 0.836458 0.137500 0.222917
1 0.832031 0.851042 0.170313 0.231250
1 0.564844 0.201042 0.173438 0.218750
1 0.904688 0.220833 0.171875 0.195833
1 0.490625 0.051042 0.168750 0.102083
1 0.981250 0.490625 0.037500 0.189583
1 0.664844 0.383333 0.189063 0.229167
1 0.022656 0.063542 0.045313 0.127083
1 0.970313 0.936458 0.053125 0.127083
1 0.960938 0.154167 0.075000 0.195833
2 0.406250 0.116667 0.056250 0.083333
1 0.379688 0.116667 0.184375 0.208333
1 0.760938 0.356250 0.165625 0.216667
1 0.233594 0.268750 0.139063 0.200000
1 0.924219 0.342708 0.151562 0.214583
1 0.407813 0.946875 0.175000 0.106250
1 0.697656 0.538542 0.157813 0.206250
1 0.182031 0.119792 0.220313 0.139583
1 0.662500 0.058333 0.162500 0.116667
1 0.173438 0.926042 0.168750 0.147917
1 0.855469 0.066667 0.148438 0.133333
1 0.947656 0.704167 0.104688 0.225000
0 0.164062 0.536458 0.315625 0.431250
1 0.060156 0.273958 0.117188 0.227083
1 0.549219 0.886458 0.142188 0.202083
1 0.671094 0.755208 0.167187 0.214583
1 0.390625 0.725000 0.178125 0.229167
1 0.376563 0.358333 0.184375 0.250000
1 0.070312 0.836458 0.137500 0.222917
1 0.832031 0.851042 0.170313 0.231250
1 0.564844 0.201042 0.173438 0.218750
1 0.904688 0.220833 0.171875 0.195833
1 0.490625 0.051042 0.168750 0.102083
1 0.981250 0.490625 0.037500 0.189583
1 0.664844 0.383333 0.189063 0.229167
1 0.022656 0.063542 0.045313 0.127083
1 0.970313 0.936458 0.053125 0.127083
1 0.960938 0.154167 0.075000 0.195833
2 0.406250 0.116667 0.056250 0.083333
1 0.379688 0.116667 0.184375 0.208333
1 0.760938 0.356250 0.165625 0.216667
1 0.233594 0.268750 0.139063 0.200000
1 0.924219 0.342708 0.151562 0.214583
1 0.407813 0.946875 0.175000 0.106250
1 0.697656 0.538542 0.157813 0.206250
1 0.182031 0.119792 0.220313 0.139583
1 0.662500 0.058333 0.162500 0.116667
1 0.173438 0.926042 0.168750 0.147917
1 0.855469 0.066667 0.148438 0.133333
1 0.947656 0.704167 0.104688 0.225000
0 0.164062 0.536458 0.315625 0.431250
1 0.060156 0.273958 0.117188 0.227083
1 0.549219 0.886458 0.142188 0.202083
1 0.671094 0.755208 0.167187 0.214583
1 0.390625 0.725000 0.178125 0.229167
1 0.376563 0.358333 0.184375 0.250000
1 0.070312 0.836458 0.137500 0.222917
1 0.832031 0.851042 0.170313 0.231250
1 0.564844 0.201042 0.173438 0.218750
1 0.904688 0.220833 0.171875 0.195833
1 0.490625 0.051042 0.168750 0.102083
1 0.981250 0.490625 0.037500 0.189583
1 0.664844 0.383333 0.189063 0.229167
1 0.022656 0.063542 0.045313 0.127083
1 0.970313 0.936458 0.053125 0.127083
1 0.960938 0.154167 0.075000 0.195833
2 0.406250 0.116667 0.056250 0.083333
1 0.379688 0.116667 0.184375 0.208333
1 0.760938 0.356250 0.165625 0.216667
1 0.233594 0.268750 0.139063 0.200000
1 0.924219 0.342708 0.151562 0.214583
1 0.407813 0.946875 0.175000 0.106250
1 0.697656 0.538542 0.157813 0.206250
1 0.182031 0.119792 0.220313 0.139583
1 0.662500 0.058333 0.162500 0.116667
1 0.173438 0.926042 0.168750 0.147917
1 0.855469 0.066667 0.148438 0.133333
1 0.947656 0.704167 0.104688 0.225000
0 0.164062 0.536458 0.315625 0.431250
1 0.060156 0.273958 0.117188 0.227083
1 0.549219 0.886458 0.142188 0.202083
1 0.671094 0.755208 0.167187 0.214583
1 0.390625 0.725000 0.178125 0.229167
1 0.376563 0.358333 0.184375 0.250000
1 0.070312 0.836458 0.137500 0.222917
1 0.832031 0.851042 0.170313 0.231250
1 0.564844 0.201042 0.173438 0.218750
1 0.904688 0.220833 0.171875 0.195833
1 0.490625 0.051042 0.168750 0.102083
1 0.981250 0.490625 0.037500 0.189583
1 0.664844 0.383333 0.189063 0.229167
1 0.022656 0.063542 0.045313 0.127083
1 0.970313 0.936458 0.053125 0.127083
1 0.960938 0.154167 0.075000 0.195833
2 0.406250 0.116667 0.056250 0.083333
1 0.379688 0.116667 0.184375 0.208333
1 0.760938 0.356250 0.165625 0.216667
1 0.233594 0.268750 0.139063 0.200000
1 0.924219 0.342708 0.151562 0.214583
1 0.407813 0.946875 0.175000 0.106250
1 0.697656 0.538542 0.157813 0.206250
1 0.182031 0.119792 0.220313 0.139583
1 0.662500 0.058333 0.162500 0.116667
1 0.173438 0.926042 0.168750 0.147917
1 0.855469 0.066667 0.148438 0.133333
1 0.947656 0.704167 0.104688 0.225000
0 0.164062 0.536458 0.315625 0.431250
1 0.060156 0.273958 0.117188 0.227083
1 0.549219 0.886458 0.142188 0.202083
1 0.671094 0.755208 0.167187 0.214583
1 0.390625 0.725000 0.178125 0.229167
1 0.376563 0.358333 0.184375 0.250000
1 0.070312 0.836458 0.137500 0.222917
1 0.832031 0.851042 0.170313 0.231250
1 0.564844 0.201042 0.173438 0.218750
1 0.904688 0.220833 0.171875 0.195833
1 0.490625 0.051042 0.168750 0.102083
1 0.981250 0.490625 0.037500 0.189583
1 0.664844 0.383333 0.189063 0.229167
1 0.022656 0.063542 0.045313 0.127083
1 0.970313 0.936458 0.053125 0.127083
1 0.960938 0.154167 0.075000 0.195833
2 0.406250 0.116667 0.056250 0.083333
1 0.379688 0.116667 0.184375 0.208333
1 0.760938 0.356250 0.165625 0.216667
1 0.233594 0.268750 0.139063 0.200000
1 0.924219 0.342708 0.151562 0.214583
1 0.407813 0.946875 0.175000 0.106250
1 0.697656 0.538542 0.157813 0.206250
1 0.182031 0.119792 0.220313 0.139583
1 0.662500 0.058333 0.162500 0.116667
1 0.173438 0.926042 0.168750 0.147917
1 0.855469 0.066667 0.148438 0.133333
1 0.947656 0.704167 0.104688 0.225000
0 0.164062 0.536458 0.315625 0.431250
1 0.060156 0.273958 0.117188 0.227083
1 0.549219 0.886458 0.142188 0.202083
1 0.671094 0.755208 0.167187 0.214583
1 0.390625 0.725000 0.178125 0.229167
1 0.376563 0.358333 0.184375 0.250000
1 0.070312 0.836458 0.137500 0.222917
1 0.832031 0.851042 0.170313 0.231250
1 0.564844 0.201042 0.173438 0.218750
1 0.904688 0.220833 0.171875 0.195833
1 0.490625 0.051042 0.168750 0.102083
1 0.981250 0.490625 0.037500 0.189583
1 0.664844 0.383333 0.189063 0.229167
1 0.022656 0.063542 0.045313 0.127083
1 0.970313 0.936458 0.053125 0.127083
1 0.960938 0.154167 0.075000 0.195833
2 0.406250 0.116667 0.056250 0.083333
1 0.379688 0.116667 0.184375 0.208333
1 0.760938 0.356250 0.165625 0.216667
1 0.233594 0.268750 0.139063 0.200000
1 0.924219 0.342708 0.151562 0.214583
1 0.407813 0.946875 0.175000 0.106250
1 0.697656 0.538542 0.157813 0.206250
1 0.182031 0.119792 0.220313 0.139583
1 0.662500 0.058333 0.162500 0.116667
1 0.173438 0.926042 0.168750 0.147917
1 0.855469 0.066667 0.148438 0.133333
1 0.947656 0.704167 0.104688 0.225000
0 0.164062 0.536458 0.315625 0.431250
1 0.060156 0.273958 0.117188 0.227083
1 0.549219 0.886458 0.142188 0.202083
1 0.671094 0.755208 0.167187 0.214583
1 0.390625 0.725000 0.178125 0.229167
1 0.376563 0.358333 0.184375 0.250000
1 0.070312 0.836458 0.137500 0.222917
1 0.832031 0.851042 0.170313 0.231250
1 0.564844 0.201042 0.173438 0.218750
1 0.904688 0.220833 0.171875 0.195833
1 0.490625 0.051042 0.168750 0.102083
1 0.981250 0.490625 0.037500 0.189583
1 0.664844 0.383333 0.189063 0.229167
1 0.022656 0.063542 0.045313 0.127083
1 0.970313 0.936458 0.053125 0.127083
1 0.960938 0.154167 0.075000 0.195833
2 0.406250 0.116667 0.056250 0.083333
1 0.379688 0.116667 0.184375 0.208333
1 0.760938 0.356250 0.165625 0.216667
1 0.233594 0.268750 0.139063 0.200000
1 0.924219 0.342708 0.151562 0.214583
1 0.407813 0.946875 0.175000 0.106250
1 0.697656 0.538542 0.157813 0.206250
1 0.182031 0.119792 0.220313 0.139583
1 0.662500 0.058333 0.162500 0.116667
1 0.173438 0.926042 0.168750 0.147917
1 0.855469 0.066667 0.148438 0.133333
1 0.947656 0.704167 0.104688 0.225000
0 0.164062 0.536458 0.315625 0.431250
1 0.060156 0.273958 0.117188 0.227083
1 0.549219 0.886458 0.142188 0.202083
1 0.671094 0.755208 0.167187 0.214583
1 0.390625 0.725000 0.178125 0.229167
1 0.376563 0.358333 0.184375 0.250000
1 0.070312 0.836458 0.137500 0.222917
1 0.832031 0.851042 0.170313 0.231250
1 0.564844 0.201042 0.173438 0.218750
1 0.904688 0.220833 0.171875 0.195833
1 0.490625 0.051042 0.168750 0.102083
1 0.981250 0.490625 0.037500 0.189583
1 0.664844 0.383333 0.189063 0.229167
1 0.022656 0.063542 0.045313 0.127083
1 0.970313 0.936458 0.053125 0.127083
1 0.960938 0.154167 0.075000 0.195833
2 0.406250 0.116667 0.056250 0.083333
1 0.379688 0.116667 0.184375 0.208333
1 0.760938 0.356250 0.165625 0.216667
1 0.233594 0.268750 0.139063 0.200000
1 0.924219 0.342708 0.151562 0.214583
1 0.407813 0.946875 0.175000 0.106250
1 0.697656 0.538542 0.157813 0.206250
1 0.182031 0.119792 0.220313 0.139583
1 0.662500 0.058333 0.162500 0.116667
1 0.173438 0.926042 0.168750 0.147917
1 0.855469 0.066667 0.148438 0.133333
1 0.947656 0.704167 0.104688 0.225000
0 0.164062 0.536458 0.315625 0.431250
1 0.060156 0.273958 0.117188 0.227083
1 0.549219 0.886458 0.142188 0.202083
1 0.671094 0.755208 0.167187 0.214583
1 0.390625 0.725000 0.178125 0.229167
1 0.376563 0.358333 0.184375 0.250000
1 0.070312 0.836458 0.137500 0.222917
1 0.832031 0.851042 0.170313 0.231250
1 0.564844 0.201042 0.173438 0.218750
1 0.904688 0.220833 0.171875 0.195833
1 0.490625 0.051042 0.168750 0.102083
1 0.981250 0.490625 0.037500 0.189583
1 0.664844 0.383333 0.189063 0.229167
1 0.022656 0.063542 0.045313 0.127083
1 0.970313 0.936458 0.053125 0.127083
1 0.960938 0.154167 0.075000 0.195833
2 0.406250 0.116667 0.056250 0.083333
1 0.379688 0.116667 0.184375 0.208333
1 0.760938 0.356250 0.165625 0.216667
1 0.233594 0.268750 0.139063 0.200000
1 0.924219 0.342708 0.151562 0.214583
1 0.407813 0.946875 0.175000 0.106250
1 0.697656 0.538542 0.157813 0.206250
1 0.182031 0.119792 0.220313 0.139583
1 0.662500 0.058333 0.162500 0.116667
1 0.173438 0.926042 0.168750 0.147917
1 0.855469 0.066667 0.148438 0.133333
1 0.947656 0.704167 0.104688 0.225000
0 0.164062 0.536458 0.315625 0.431250
1 0.060156 0.273958 0.117188 0.227083
1 0.549219 0.886458 0.142188 0.202083
1 0.671094 0.755208 0.167187 0.214583
1 0.390625 0.725000 0.178125 0.229167
1 0.376563 0.358333 0.184375 0.250000
1 0.070312 0.836458 0.137500 0.222917
1 0.832031 0.851042 0.170313 0.231250
1 0.564844 0.201042 0.173438 0.218750
1 0.904688 0.220833 0.171875 0.195833
1 0.490625 0.051042 0.168750 0.102083
1 0.981250 0.490625 0.037500 0.189583
1 0.664844 0.383333 0.189063 0.229167
1 0.022656 0.063542 0.045313 0.127083
1 0.970313 0.936458 0.053125 0.127083
1 0.960938 0.154167 0.075000 0.195833
2 0.406250 0.116667 0.056250 0.083333
1 0.379688 0.116667 0.184375 0.208333
1 0.760938 0.356250 0.165625 0.216667
1 0.233594 0.268750 0.139063 0.200000
1 0.924219 0.342708 0.151562 0.214583
1 0.407813 0.946875 0.175000 0.106250
1 0.697656 0.538542 0.157813 0.206250
1 0.182031 0.119792 0.220313 0.139583
1 0.662500 0.058333 0.162500 0.116667
1 0.173438 0.926042 0.168750 0.147917
1 0.855469 0.066667 0.148438 0.133333
1 0.947656 0.704167 0.104688 0.225000
0 0.164062 0.536458 0.315625 0.431250
1 0.060156 0.273958 0.117188 0.227083
1 0.549219 0.886458 0.142188 0.202083
1 0.671094 0.755208 0.167187 0.214583
1 0.390625 0.725000 0.178125 0.229167
1 0.376563 0.358333 0.184375 0.250000
1 0.070312 0.836458 0.137500 0.222917
1 0.832031 0.851042 0.170313 0.231250
1 0.564844 0.201042 0.173438 0.218750
1 0.904688 0.220833 0.171875 0.195833
1 0.490625 0.051042 0.168750 0.102083
1 0.981250 0.490625 0.037500 0.189583
1 0.664844 0.383333 0.189063 0.229167
1 0.022656 0.063542 0.045313 0.127083
1 0.970313 0.936458 0.053125 0.127083
1 0.960938 0.154167 0.075000 0.195833
2 0.406250 0.116667 0.056250 0.083333
1 0.379688 0.116667 0.184375 0.208333
1 0.760938 0.356250 0.165625 0.216667
1 0.233594 0.268750 0.139063 0.200000
1 0.924219 0.342708 0.151562 0.214583
1 0.407813 0.946875 0.175000 0.106250
1 0.697656 0.538542 0.157813 0.206250
1 0.182031 0.119792 0.220313 0.139583
1 0.662500 0.058333 0.162500 0.116667
1 0.173438 0.926042 0.168750 0.147917
1 0.855469 0.066667 0.148438 0.133333
1 0.947656 0.704167 0.104688 0.225000
0 0.164062 0.536458 0.315625 0.431250
1 0.060156 0.273958 0.117188 0.227083
1 0.549219 0.886458 0.142188 0.202083
1 0.671094 0.755208 0.167187 0.214583
1 0.390625 0.725000 0.178125 0.229167
1 0.376563 0.358333 0.184375 0.250000
1 0.070312 0.836458 0.137500 0.222917
1 0.832031 0.851042 0.170313 0.231250
1 0.564844 0.201042 0.173438 0.218750
1 0.904688 0.220833 0.171875 0.195833
1 0.490625 0.051042 0.168750 0.102083
1 0.981250 0.490625 0.037500 0.189583
1 0.664844 0.383333 0.189063 0.229167
1 0.022656 0.063542 0.045313 0.127083
1 0.970313 0.936458 0.053125 0.127083
1 0.960938 0.154167 0.075000 0.195833
2 0.406250 0.116667 0.056250 0.083333
1 0.379688 0.116667 0.184375 0.208333
1 0.760938 0.356250 0.165625 0.216667
1 0.233594 0.268750 0.139063 0.200000
1 0.924219 0.342708 0.151562 0.214583
1 0.407813 0.946875 0.175000 0.106250
1 0.697656 0.538542 0.157813 0.206250
1 0.182031 0.119792 0.220313 0.139583
1 0.662500 0.058333 0.162500 0.116667
1 0.173438 0.926042 0.168750 0.147917
1 0.855469 0.066667 0.148438 0.133333
1 0.947656 0.704167 0.104688 0.225000
0 0.164062 0.536458 0.315625 0.431250
1 0.060156 0.273958 0.117188 0.227083
1 0.549219 0.886458 0.142188 0.202083
1 0.671094 0.755208 0.167187 0.214583
1 0.390625 0.725000 0.178125 0.229167
1 0.376563 0.358333 0.184375 0.250000
1 0.070312 0.836458 0.137500 0.222917
1 0.832031 0.851042 0.170313 0.231250
1 0.564844 0.201042 0.173438 0.218750
1 0.904688 0.220833 0.171875 0.195833
1 0.490625 0.051042 0.168750 0.102083
1 0.981250 0.490625 0.037500 0.189583
1 0.664844 0.383333 0.189063 0.229167
1 0.022656 0.063542 0.045313 0.127083
1 0.970313 0.936458 0.053125 0.127083
1 0.960938 0.154167 0.075000 0.195833
2 0.406250 0.116667 0.056250 0.083333
1 0.379688 0.116667 0.184375 0.208333
1 0.760938 0.356250 0.165625 0.216667
1 0.233594 0.268750 0.139063 0.200000
1 0.924219 0.342708 0.151562 0.214583
1 0.407813 0.946875 0.175000 0.106250
1 0.697656 0.538542 0.157813 0.206250
1 0.182031 0.119792 0.220313 0.139583
1 0.662500 0.058333 0.162500 0.116667
1 0.173438 0.926042 0.168750 0.147917
1 0.855469 0.066667 0.148438 0.133333
1 0.947656 0.704167 0.104688 0.225000
0 0.164062 0.536458 0.315625 0.431250
1 0.060156 0.273958 0.117188 0.227083
1 0.549219 0.886458 0.142188 0.202083
1 0.671094 0.755208 0.167187 0.214583
1 0.390625 0.725000 0.178125 0.229167
1 0.376563 0.358333 0.184375 0.250000
1 0.070312 0.836458 0.137500 0.222917
1 0.832031 0.851042 0.170313 0.231250
1 0.564844 0.201042 0.173438 0.218750
1 0.904688 0.220833 0.171875 0.195833
1 0.490625 0.051042 0.168750 0.102083
1 0.981250 0.490625 0.037500 0.189583
1 0.664844 0.383333 0.189063 0.229167
1 0.022656 0.063542 0.045313 0.127083
1 0.970313 0.936458 0.053125 0.127083
1 0.960938 0.154167 0.075000 0.195833
2 0.406250 0.116667 0.056250 0.083333
1 0.379688 0.116667 0.184375 0.208333
1 0.760938 0.356250 0.165625 0.216667
1 0.233594 0.268750 0.139063 0.200000
1 0.924219 0.342708 0.151562 0.214583
1 0.407813 0.946875 0.175000 0.106250
1 0.697656 0.538542 0.157813 0.206250
1 0.182031 0.119792 0.220313 0.139583
1 0.662500 0.058333 0.162500 0.116667
1 0.173438 0.926042 0.168750 0.147917
1 0.855469 0.066667 0.148438 0.133333
1 0.947656 0.704167 0.104688 0.225000
0 0.164062 0.536458 0.315625 0.431250
1 0.060156 0.273958 0.117188 0.227083
1 0.549219 0.886458 0.142188 0.202083
1 0.671094 0.755208 0.167187 0.214583
1 0.390625 0.725000 0.178125 0.229167
1 0.376563 0.358333 0.184375 0.250000
1 0.070312 0.836458 0.137500 0.222917
1 0.832031 0.851042 0.170313 0.231250
1 0.564844 0.201042 0.173438 0.218750
