1 0.116406 0.539583 0.179688 0.245833
1 0.478906 0.950000 0.192188 0.100000
1 0.053125 0.312500 0.106250 0.229167
1 0.948438 0.415625 0.103125 0.222917
1 0.862500 0.427083 0.159375 0.195833
1 0.913281 0.867708 0.173438 0.227083
1 0.111719 0.089583 0.173438 0.179167
1 0.773438 0.434375 0.184375 0.227083
1 0.252344 0.611458 0.176563 0.239583
2 0.666406 0.860417 0.067188 0.087500
1 0.892969 0.143750 0.173438 0.225000
0 0.209375 0.276042 0.228125 0.310417
1 0.595313 0.475000 0.159375 0.220833
1 0.116406 0.539583 0.179688 0.245833
1 0.478906 0.950000 0.192188 0.100000
1 0.053125 0.312500 0.106250 0.229167
1 0.948438 0.415625 0.103125 0.222917
1 0.862500 0.427083 0.159375 0.195833
1 0.913281 0.867708 0.173438 0.227083
1 0.111719 0.089583 0.173438 0.179167
1 0.773438 0.434375 0.184375 0.227083
1 0.252344 0.611458 0.176563 0.239583
2 0.666406 0.860417 0.067188 0.087500
1 0.892969 0.143750 0.173438 0.225000
0 0.209375 0.276042 0.228125 0.310417
1 0.595313 0.475000 0.159375 0.220833
1 0.116406 0.539583 0.179688 0.245833
1 0.478906 0.950000 0.192188 0.100000
1 0.053125 0.312500 0.106250 0.229167
1 0.948438 0.415625 0.103125 0.222917
1 0.862500 0.427083 0.159375 0.195833
1 0.913281 0.867708 0.173438 0.227083
1 0.111719 0.089583 0.173438 0.179167
1 0.773438 0.434375 0.184375 0.227083
1 0.252344 0.611458 0.176563 0.239583
2 0.666406 0.860417 0.067188 0.087500
1 0.892969 0.143750 0.173438 0.225000
0 0.209375 0.276042 0.228125 0.310417
1 0.595313 0.475000 0.159375 0.220833
1 0.116406 0.539583 0.179688 0.245833
1 0.478906 0.950000 0.192188 0.100000
1 0.053125 0.312500 0.106250 0.229167
1 0.948438 0.415625 0.103125 0.222917
1 0.862500 0.427083 0.159375 0.195833
1 0.913281 0.867708 0.173438 0.227083
1 0.111719 0.089583 0.173438 0.179167
1 0.773438 0.434375 0.184375 0.227083
1 0.252344 0.611458 0.176563 0.239583
2 0.666406 0.860417 0.067188 0.087500
1 0.892969 0.143750 0.173438 0.225000
0 0.209375 0.276042 0.228125 0.310417
1 0.595313 0.475000 0.159375 0.220833
1 0.116406 0.539583 0.179688 0.245833
1 0.478906 0.950000 0.192188 0.100000
1 0.053125 0.312500 0.106250 0.229167
1 0.948438 0.415625 0.103125 0.222917
1 0.862500 0.427083 0.159375 0.195833
1 0.913281 0.867708 0.173438 0.227083
1 0.111719 0.089583 0.173438 0.179167
1 0.773438 0.434375 0.184375 0.227083
1 0.252344 0.611458 0.176563 0.239583
2 0.666406 0.860417 0.067188 0.087500
1 0.892969 0.143750 0.173438 0.225000
0 0.209375 0.276042 0.228125 0.310417
1 0.595313 0.475000 0.159375 0.220833
1 0.116406 0.539583 0.179688 0.245833
1 0.478906 0.950000 0.192188 0.100000
1 0.053125 0.312500 0.106250 0.229167
1 0.948438 0.415625 0.103125 0.222917
1 0.862500 0.427083 0.159375 0.195833
1 0.913281 0.867708 0.173438 0.227083
1 0.111719 0.089583 0.173438 0.179167
1 0.773438 0.434375 0.184375 0.227083
1 0.252344 0.611458 0.176563 0.239583
2 0.666406 0.860417 0.067188 0.087500
1 0.892969 0.143750 0.173438 0.225000
0 0.209375 0.276042 0.228125 0.310417
1 0.595313 0.475000 0.159375 0.220833
1 0.116406 0.539583 0.179688 0.245833
1 0.478906 0.950000 0.192188 0.100000
1 0.053125 0.312500 0.106250 0.229167
1 0.948438 0.415625 0.103125 0.222917
1 0.862500 0.427083 0.159375 0.195833
1 0.913281 0.867708 0.173438 0.227083
1 0.111719 0.089583 0.173438 0.179167
1 0.773438 0.434375 0.184375 0.227083
1 0.252344 0.611458 0.176563 0.239583
2 0.666406 0.860417 0.067188 0.087500
1 0.892969 0.143750 0.173438 0.225000
0 0.209375 0.276042 0.228125 0.310417
1 0.595313 0.475000 0.159375 0.220833
1 0.116406 0.539583 0.179688 0.245833
1 0.478906 0.950000 0.192188 0.100000
1 0.053125 0.312500 0.106250 0.229167
1 0.948438 0.415625 0.103125 0.222917
1 0.862500 0.427083 0.159375 0.195833
1 0.913281 0.867708 0.173438 0.227083
1 0.111719 0.089583 0.173438 0.179167
1 0.773438 0.434375 0.184375 0.227083
1 0.252344 0.611458 0.176563 0.239583
2 0.666406 0.860417 0.067188 0.087500
1 0.892969 0.143750 0.173438 0.225000
0 0.209375 0.276042 0.228125 0.310417
1 0.595313 0.475000 0.159375 0.220833
1 0.116406 0.539583 0.179688 0.245833
1 0.478906 0.950000 0.192188 0.100000
1 0.053125 0.312500 0.106250 0.229167
1 0.948438 0.415625 0.103125 0.222917
1 0.862500 0.427083 0.159375 0.195833
1 0.913281 0.867708 0.173438 0.227083
1 0.111719 0.089583 0.173438 0.179167
1 0.773438 0.434375 0.184375 0.227083
1 0.252344 0.611458 0.176563 0.239583
2 0.666406 0.860417 0.067188 0.087500
1 0.892969 0.143750 0.173438 0.225000
0 0.209375 0.276042 0.228125 0.310417
1 0.595313 0.475000 0.159375 0.220833
1 0.116406 0.539583 0.179688 0.245833
1 0.478906 0.950000 0.192188 0.100000
1 0.053125 0.312500 0.106250 0.229167
1 0.948438 0.415625 0.103125 0.222917
1 0.862500 0.427083 0.159375 0.195833
1 0.913281 0.867708 0.173438 0.227083
1 0.111719 0.089583 0.173438 0.179167
1 0.773438 0.434375 0.184375 0.227083
1 0.252344 0.611458 0.176563 0.239583
2 0.666406 0.860417 0.067188 0.087500
1 0.892969 0.143750 0.173438 0.225000
0 0.209375 0.276042 0.228125 0.310417
1 0.595313 0.475000 0.159375 0.220833
1 0.116406 0.539583 0.179688 0.245833
1 0.478906 0.950000 0.192188 0.100000
1 0.053125 0.312500 0.106250 0.229167
1 0.948438 0.415625 0.103125 0.222917
1 0.862500 0.427083 0.159375 0.195833
1 0.913281 0.867708 0.173438 0.227083
1 0.111719 0.089583 0.173438 0.179167
1 0.773438 0.434375 0.184375 0.227083
1 0.252344 0.611458 0.176563 0.239583
2 0.666406 0.860417 0.067188 0.087500
1 0.892969 0.143750 0.173438 0.225000
0 0.209375 0.276042 0.228125 0.310417
1 0.595313 0.475000 0.159375 0.220833
1 0.116406 0.539583 0.179688 0.245833
1 0.478906 0.950000 0.192188 0.100000
1 0.053125 0.312500 0.106250 0.229167
1 0.948438 0.415625 0.103125 0.222917
1 0.862500 0.427083 0.159375 0.195833
1 0.913281 0.867708 0.173438 0.227083
1 0.111719 0.089583 0.173438 0.179167
1 0.773438 0.434375 0.184375 0.227083
1 0.252344 0.611458 0.176563 0.239583
2 0.666406 0.860417 0.067188 0.087500
1 0.892969 0.143750 0.173438 0.225000
0 0.209375 0.276042 0.228125 0.310417
1 0.595313 0.475000 0.159375 0.220833
1 0.116406 0.539583 0.179688 0.245833
1 0.478906 0.950000 0.192188 0.100000
1 0.053125 0.312500 0.106250 0.229167
1 0.948438 0.415625 0.103125 0.222917
1 0.862500 0.427083 0.159375 0.195833
1 0.913281 0.867708 0.173438 0.227083
1 0.111719 0.089583 0.173438 0.179167
1 0.773438 0.434375 0.184375 0.227083
1 0.252344 0.611458 0.176563 0.239583
2 0.666406 0.860417 0.067188 0.087500
1 0.892969 0.143750 0.173438 0.225000
0 0.209375 0.276042 0.228125 0.310417
1 0.595313 0.475000 0.159375 0.220833
