1 0.112500 0.919792 0.159375 0.160417
1 0.036719 0.923958 0.073438 0.152083
1 0.025000 0.300000 0.050000 0.191667
1 0.619531 0.960417 0.167187 0.075000
1 0.345313 0.055208 0.150000 0.106250
1 0.027344 0.118750 0.051562 0.191667
1 0.850781 0.068750 0.160938 0.133333
1 0.859375 0.962500 0.175000 0.075000
1 0.792969 0.253125 0.176563 0.231250
1 0.942187 0.234375 0.115625 0.185417
1 0.253125 0.090625 0.181250 0.168750
1 0.123438 0.236458 0.162500 0.218750
1 0.778125 0.880208 0.156250 0.197917
1 0.570312 0.070833 0.150000 0.137500
1 0.671094 0.387500 0.170313 0.229167
1 0.717969 0.594792 0.157813 0.206250
1 0.071094 0.563542 0.135937 0.197917
1 0.634375 0.826042 0.156250 0.197917
1 0.212500 0.919792 0.153125 0.160417
1 0.183594 0.734375 0.151562 0.231250
1 0.736719 0.084375 0.170313 0.164583
1 0.511719 0.372917 0.167187 0.233333
0 0.383594 0.679167 0.304688 0.391667
1 0.619531 0.596875 0.154688 0.210417
1 0.318750 0.402083 0.159375 0.225000
1 0.112500 0.919792 0.159375 0.160417
1 0.036719 0.923958 0.073438 0.152083
1 0.025000 0.300000 0.050000 0.191667
1 0.619531 0.960417 0.167187 0.075000
1 0.345313 0.055208 0.150000 0.106250
1 0.027344 0.118750 0.051562 0.191667
1 0.850781 0.068750 0.160938 0.133333
1 0.859375 0.962500 0.175000 0.075000
1 0.792969 0.253125 0.176563 0.231250
1 0.942187 0.234375 0.115625 0.185417
1 0.253125 0.090625 0.181250 0.168750
1 0.123438 0.236458 0.162500 0.218750
1 0.778125 0.880208 0.156250 0.197917
1 0.570312 0.070833 0.150000 0.137500
1 0.671094 0.387500 0.170313 0.229167
1 0.717969 0.594792 0.157813 0.206250
1 0.071094 0.563542 0.135937 0.197917
1 0.634375 0.826042 0.156250 0.197917
1 0.212500 0.919792 0.153125 0.160417
1 0.183594 0.734375 0.151562 0.231250
1 0.736719 0.084375 0.170313 0.164583
1 0.511719 0.372917 0.167187 0.233333
0 0.383594 0.679167 0.304688 0.391667
1 0.619531 0.596875 0.154688 0.210417
1 0.318750 0.402083 0.159375 0.225000
1 0.112500 0.919792 0.159375 0.160417
1 0.036719 0.923958 0.073438 0.152083
1 0.025000 0.300000 0.050000 0.191667
1 0.619531 0.960417 0.167187 0.075000
1 0.345313 0.055208 0.150000 0.106250
1 0.027344 0.118750 0.051562 0.191667
1 0.850781 0.068750 0.160938 0.133333
1 0.859375 0.962500 0.175000 0.075000
1 0.792969 0.253125 0.176563 0.231250
1 0.942187 0.234375 0.115625 0.185417
1 0.253125 0.090625 0.181250 0.168750
1 0.123438 0.236458 0.162500 0.218750
1 0.778125 0.880208 0.156250 0.197917
1 0.570312 0.070833 0.150000 0.137500
1 0.671094 0.387500 0.170313 0.229167
1 0.717969 0.594792 0.157813 0.206250
1 0.071094 0.563542 0.135937 0.197917
1 0.634375 0.826042 0.156250 0.197917
1 0.212500 0.919792 0.153125 0.160417
1 0.183594 0.734375 0.151562 0.231250
1 0.736719 0.084375 0.170313 0.164583
1 0.511719 0.372917 0.167187 0.233333
0 0.383594 0.679167 0.304688 0.391667
1 0.619531 0.596875 0.154688 0.210417
1 0.318750 0.402083 0.159375 0.225000
1 0.112500 0.919792 0.159375 0.160417
1 0.036719 0.923958 0.073438 0.152083
1 0.025000 0.300000 0.050000 0.191667
1 0.619531 0.960417 0.167187 0.075000
1 0.345313 0.055208 0.150000 0.106250
1 0.027344 0.118750 0.051562 0.191667
1 0.850781 0.068750 0.160938 0.133333
1 0.859375 0.962500 0.175000 0.075000
1 0.792969 0.253125 0.176563 0.231250
1 0.942187 0.234375 0.115625 0.185417
1 0.253125 0.090625 0.181250 0.168750
1 0.123438 0.236458 0.162500 0.218750
1 0.778125 0.880208 0.156250 0.197917
1 0.570312 0.070833 0.150000 0.137500
1 0.671094 0.387500 0.170313 0.229167
1 0.717969 0.594792 0.157813 0.206250
1 0.071094 0.563542 0.135937 0.197917
1 0.634375 0.826042 0.156250 0.197917
1 0.212500 0.919792 0.153125 0.160417
1 0.183594 0.734375 0.151562 0.231250
1 0.736719 0.084375 0.170313 0.164583
1 0.511719 0.372917 0.167187 0.233333
0 0.383594 0.679167 0.304688 0.391667
1 0.619531 0.596875 0.154688 0.210417
1 0.318750 0.402083 0.159375 0.225000
1 0.112500 0.919792 0.159375 0.160417
1 0.036719 0.923958 0.073438 0.152083
1 0.025000 0.300000 0.050000 0.191667
1 0.619531 0.960417 0.167187 0.075000
1 0.345313 0.055208 0.150000 0.106250
1 0.027344 0.118750 0.051562 0.191667
1 0.850781 0.068750 0.160938 0.133333
1 0.859375 0.962500 0.175000 0.075000
1 0.792969 0.253125 0.176563 0.231250
1 0.942187 0.234375 0.115625 0.185417
1 0.253125 0.090625 0.181250 0.168750
1 0.123438 0.236458 0.162500 0.218750
1 0.778125 0.880208 0.156250 0.197917
1 0.570312 0.070833 0.150000 0.137500
1 0.671094 0.387500 0.170313 0.229167
1 0.717969 0.594792 0.157813 0.206250
1 0.071094 0.563542 0.135937 0.197917
1 0.634375 0.826042 0.156250 0.197917
1 0.212500 0.919792 0.153125 0.160417
1 0.183594 0.734375 0.151562 0.231250
1 0.736719 0.084375 0.170313 0.164583
1 0.511719 0.372917 0.167187 0.233333
0 0.383594 0.679167 0.304688 0.391667
1 0.619531 0.596875 0.154688 0.210417
1 0.318750 0.402083 0.159375 0.225000
1 0.112500 0.919792 0.159375 0.160417
1 0.036719 0.923958 0.073438 0.152083
1 0.025000 0.300000 0.050000 0.191667
1 0.619531 0.960417 0.167187 0.075000
1 0.345313 0.055208 0.150000 0.106250
1 0.027344 0.118750 0.051562 0.191667
1 0.850781 0.068750 0.160938 0.133333
1 0.859375 0.962500 0.175000 0.075000
1 0.792969 0.253125 0.176563 0.231250
1 0.942187 0.234375 0.115625 0.185417
1 0.253125 0.090625 0.181250 0.168750
1 0.123438 0.236458 0.162500 0.218750
1 0.778125 0.880208 0.156250 0.197917
1 0.570312 0.070833 0.150000 0.137500
1 0.671094 0.387500 0.170313 0.229167
1 0.717969 0.594792 0.157813 0.206250
1 0.071094 0.563542 0.135937 0.197917
1 0.634375 0.826042 0.156250 0.197917
1 0.212500 0.919792 0.153125 0.160417
1 0.183594 0.734375 0.151562 0.231250
1 0.736719 0.084375 0.170313 0.164583
1 0.511719 0.372917 0.167187 0.233333
0 0.383594 0.679167 0.304688 0.391667
1 0.619531 0.596875 0.154688 0.210417
1 0.318750 0.402083 0.159375 0.225000
1 0.112500 0.919792 0.159375 0.160417
1 0.036719 0.923958 0.073438 0.152083
1 0.025000 0.300000 0.050000 0.191667
1 0.619531 0.960417 0.167187 0.075000
1 0.345313 0.055208 0.150000 0.106250
1 0.027344 0.118750 0.051562 0.191667
1 0.850781 0.068750 0.160938 0.133333
1 0.859375 0.962500 0.175000 0.075000
1 0.792969 0.253125 0.176563 0.231250
1 0.942187 0.234375 0.115625 0.185417
1 0.253125 0.090625 0.181250 0.168750
1 0.123438 0.236458 0.162500 0.218750
1 0.778125 0.880208 0.156250 0.197917
1 0.570312 0.070833 0.150000 0.137500
1 0.671094 0.387500 0.170313 0.229167
1 0.717969 0.594792 0.157813 0.206250
1 0.071094 0.563542 0.135937 0.197917
1 0.634375 0.826042 0.156250 0.197917
1 0.212500 0.919792 0.153125 0.160417
1 0.183594 0.734375 0.151562 0.231250
1 0.736719 0.084375 0.170313 0.164583
1 0.511719 0.372917 0.167187 0.233333
0 0.383594 0.679167 0.304688 0.391667
1 0.619531 0.596875 0.154688 0.210417
1 0.318750 0.402083 0.159375 0.225000
1 0.112500 0.919792 0.159375 0.160417
1 0.036719 0.923958 0.073438 0.152083
1 0.025000 0.300000 0.050000 0.191667
1 0.619531 0.960417 0.167187 0.075000
1 0.345313 0.055208 0.150000 0.106250
1 0.027344 0.118750 0.051562 0.191667
1 0.850781 0.068750 0.160938 0.133333
1 0.859375 0.962500 0.175000 0.075000
1 0.792969 0.253125 0.176563 0.231250
1 0.942187 0.234375 0.115625 0.185417
1 0.253125 0.090625 0.181250 0.168750
1 0.123438 0.236458 0.162500 0.218750
1 0.778125 0.880208 0.156250 0.197917
1 0.570312 0.070833 0.150000 0.137500
1 0.671094 0.387500 0.170313 0.229167
1 0.717969 0.594792 0.157813 0.206250
1 0.071094 0.563542 0.135937 0.197917
1 0.634375 0.826042 0.156250 0.197917
1 0.212500 0.919792 0.153125 0.160417
1 0.183594 0.734375 0.151562 0.231250
1 0.736719 0.084375 0.170313 0.164583
1 0.511719 0.372917 0.167187 0.233333
0 0.383594 0.679167 0.304688 0.391667
1 0.619531 0.596875 0.154688 0.210417
1 0.318750 0.402083 0.159375 0.225000
1 0.112500 0.919792 0.159375 0.160417
1 0.036719 0.923958 0.073438 0.152083
1 0.025000 0.300000 0.050000 0.191667
1 0.619531 0.960417 0.167187 0.075000
1 0.345313 0.055208 0.150000 0.106250
1 0.027344 0.118750 0.051562 0.191667
1 0.850781 0.068750 0.160938 0.133333
1 0.859375 0.962500 0.175000 0.075000
1 0.792969 0.253125 0.176563 0.231250
1 0.942187 0.234375 0.115625 0.185417
1 0.253125 0.090625 0.181250 0.168750
1 0.123438 0.236458 0.162500 0.218750
1 0.778125 0.880208 0.156250 0.197917
1 0.570312 0.070833 0.150000 0.137500
1 0.671094 0.387500 0.170313 0.229167
1 0.717969 0.594792 0.157813 0.206250
1 0.071094 0.563542 0.135937 0.197917
1 0.634375 0.826042 0.156250 0.197917
1 0.212500 0.919792 0.153125 0.160417
1 0.183594 0.734375 0.151562 0.231250
1 0.736719 0.084375 0.170313 0.164583
1 0.511719 0.372917 0.167187 0.233333
0 0.383594 0.679167 0.304688 0.391667
1 0.619531 0.596875 0.154688 0.210417
1 0.318750 0.402083 0.159375 0.225000
1 0.112500 0.919792 0.159375 0.160417
1 0.036719 0.923958 0.073438 0.152083
1 0.025000 0.300000 0.050000 0.191667
1 0.619531 0.960417 0.167187 0.075000
1 0.345313 0.055208 0.150000 0.106250
1 0.027344 0.118750 0.051562 0.191667
1 0.850781 0.068750 0.160938 0.133333
1 0.859375 0.962500 0.175000 0.075000
1 0.792969 0.253125 0.176563 0.231250
1 0.942187 0.234375 0.115625 0.185417
1 0.253125 0.090625 0.181250 0.168750
1 0.123438 0.236458 0.162500 0.218750
1 0.778125 0.880208 0.156250 0.197917
1 0.570312 0.070833 0.150000 0.137500
1 0.671094 0.387500 0.170313 0.229167
1 0.717969 0.594792 0.157813 0.206250
1 0.071094 0.563542 0.135937 0.197917
1 0.634375 0.826042 0.156250 0.197917
1 0.212500 0.919792 0.153125 0.160417
1 0.183594 0.734375 0.151562 0.231250
1 0.736719 0.084375 0.170313 0.164583
1 0.511719 0.372917 0.167187 0.233333
0 0.383594 0.679167 0.304688 0.391667
1 0.619531 0.596875 0.154688 0.210417
1 0.318750 0.402083 0.159375 0.225000
1 0.112500 0.919792 0.159375 0.160417
1 0.036719 0.923958 0.073438 0.152083
1 0.025000 0.300000 0.050000 0.191667
1 0.619531 0.960417 0.167187 0.075000
1 0.345313 0.055208 0.150000 0.106250
1 0.027344 0.118750 0.051562 0.191667
1 0.850781 0.068750 0.160938 0.133333
1 0.859375 0.962500 0.175000 0.075000
1 0.792969 0.253125 0.176563 0.231250
1 0.942187 0.234375 0.115625 0.185417
1 0.253125 0.090625 0.181250 0.168750
1 0.123438 0.236458 0.162500 0.218750
1 0.778125 0.880208 0.156250 0.197917
1 0.570312 0.070833 0.150000 0.137500
1 0.671094 0.387500 0.170313 0.229167
1 0.717969 0.594792 0.157813 0.206250
1 0.071094 0.563542 0.135937 0.197917
1 0.634375 0.826042 0.156250 0.197917
1 0.212500 0.919792 0.153125 0.160417
1 0.183594 0.734375 0.151562 0.231250
1 0.736719 0.084375 0.170313 0.164583
1 0.511719 0.372917 0.167187 0.233333
0 0.383594 0.679167 0.304688 0.391667
1 0.619531 0.596875 0.154688 0.210417
1 0.318750 0.402083 0.159375 0.225000
1 0.112500 0.919792 0.159375 0.160417
1 0.036719 0.923958 0.073438 0.152083
1 0.025000 0.300000 0.050000 0.191667
1 0.619531 0.960417 0.167187 0.075000
1 0.345313 0.055208 0.150000 0.106250
1 0.027344 0.118750 0.051562 0.191667
1 0.850781 0.068750 0.160938 0.133333
1 0.859375 0.962500 0.175000 0.075000
1 0.792969 0.253125 0.176563 0.231250
1 0.942187 0.234375 0.115625 0.185417
1 0.253125 0.090625 0.181250 0.168750
1 0.123438 0.236458 0.162500 0.218750
1 0.778125 0.880208 0.156250 0.197917
1 0.570312 0.070833 0.150000 0.137500
1 0.671094 0.387500 0.170313 0.229167
1 0.717969 0.594792 0.157813 0.206250
1 0.071094 0.563542 0.135937 0.197917
1 0.634375 0.826042 0.156250 0.197917
1 0.212500 0.919792 0.153125 0.160417
1 0.183594 0.734375 0.151562 0.231250
1 0.736719 0.084375 0.170313 0.164583
1 0.511719 0.372917 0.167187 0.233333
0 0.383594 0.679167 0.304688 0.391667
1 0.619531 0.596875 0.154688 0.210417
1 0.318750 0.402083 0.159375 0.225000
1 0.112500 0.919792 0.159375 0.160417
1 0.036719 0.923958 0.073438 0.152083
1 0.025000 0.300000 0.050000 0.191667
1 0.619531 0.960417 0.167187 0.075000
1 0.345313 0.055208 0.150000 0.106250
1 0.027344 0.118750 0.051562 0.191667
1 0.850781 0.068750 0.160938 0.133333
1 0.859375 0.962500 0.175000 0.075000
1 0.792969 0.253125 0.176563 0.231250
1 0.942187 0.234375 0.115625 0.185417
1 0.253125 0.090625 0.181250 0.168750
1 0.123438 0.236458 0.162500 0.218750
1 0.778125 0.880208 0.156250 0.197917
1 0.570312 0.070833 0.150000 0.137500
1 0.671094 0.387500 0.170313 0.229167
1 0.717969 0.594792 0.157813 0.206250
1 0.071094 0.563542 0.135937 0.197917
1 0.634375 0.826042 0.156250 0.197917
1 0.212500 0.919792 0.153125 0.160417
1 0.183594 0.734375 0.151562 0.231250
1 0.736719 0.084375 0.170313 0.164583
1 0.511719 0.372917 0.167187 0.233333
0 0.383594 0.679167 0.304688 0.391667
1 0.619531 0.596875 0.154688 0.210417
1 0.318750 0.402083 0.159375 0.225000
1 0.112500 0.919792 0.159375 0.160417
1 0.036719 0.923958 0.073438 0.152083
1 0.025000 0.300000 0.050000 0.191667
1 0.619531 0.960417 0.167187 0.075000
1 0.345313 0.055208 0.150000 0.106250
1 0.027344 0.118750 0.051562 0.191667
1 0.850781 0.068750 0.160938 0.133333
1 0.859375 0.962500 0.175000 0.075000
1 0.792969 0.253125 0.176563 0.231250
1 0.942187 0.234375 0.115625 0.185417
1 0.253125 0.090625 0.181250 0.168750
1 0.123438 0.236458 0.162500 0.218750
1 0.778125 0.880208 0.156250 0.197917
1 0.570312 0.070833 0.150000 0.137500
1 0.671094 0.387500 0.170313 0.229167
1 0.717969 0.594792 0.157813 0.206250
1 0.071094 0.563542 0.135937 0.197917
1 0.634375 0.826042 0.156250 0.197917
1 0.212500 0.919792 0.153125 0.160417
1 0.183594 0.734375 0.151562 0.231250
1 0.736719 0.084375 0.170313 0.164583
1 0.511719 0.372917 0.167187 0.233333
0 0.383594 0.679167 0.304688 0.391667
1 0.619531 0.596875 0.154688 0.210417
1 0.318750 0.402083 0.159375 0.225000
1 0.112500 0.919792 0.159375 0.160417
1 0.036719 0.923958 0.073438 0.152083
1 0.025000 0.300000 0.050000 0.191667
1 0.619531 0.960417 0.167187 0.075000
1 0.345313 0.055208 0.150000 0.106250
1 0.027344 0.118750 0.051562 0.191667
1 0.850781 0.068750 0.160938 0.133333
1 0.859375 0.962500 0.175000 0.075000
1 0.792969 0.253125 0.176563 0.231250
1 0.942187 0.234375 0.115625 0.185417
1 0.253125 0.090625 0.181250 0.168750
1 0.123438 0.236458 0.162500 0.218750
1 0.778125 0.880208 0.156250 0.197917
1 0.570312 0.070833 0.150000 0.137500
1 0.671094 0.387500 0.170313 0.229167
1 0.717969 0.594792 0.157813 0.206250
1 0.071094 0.563542 0.135937 0.197917
1 0.634375 0.826042 0.156250 0.197917
1 0.212500 0.919792 0.153125 0.160417
1 0.183594 0.734375 0.151562 0.231250
1 0.736719 0.084375 0.170313 0.164583
1 0.511719 0.372917 0.167187 0.233333
0 0.383594 0.679167 0.304688 0.391667
1 0.619531 0.596875 0.154688 0.210417
1 0.318750 0.402083 0.159375 0.225000
1 0.112500 0.919792 0.159375 0.160417
1 0.036719 0.923958 0.073438 0.152083
1 0.025000 0.300000 0.050000 0.191667
1 0.619531 0.960417 0.167187 0.075000
1 0.345313 0.055208 0.150000 0.106250
1 0.027344 0.118750 0.051562 0.191667
1 0.850781 0.068750 0.160938 0.133333
1 0.859375 0.962500 0.175000 0.075000
1 0.792969 0.253125 0.176563 0.231250
1 0.942187 0.234375 0.115625 0.185417
1 0.253125 0.090625 0.181250 0.168750
1 0.123438 0.236458 0.162500 0.218750
1 0.778125 0.880208 0.156250 0.197917
1 0.570312 0.070833 0.150000 0.137500
1 0.671094 0.387500 0.170313 0.229167
1 0.717969 0.594792 0.157813 0.206250
1 0.071094 0.563542 0.135937 0.197917
1 0.634375 0.826042 0.156250 0.197917
1 0.212500 0.919792 0.153125 0.160417
1 0.183594 0.734375 0.151562 0.231250
1 0.736719 0.084375 0.170313 0.164583
1 0.511719 0.372917 0.167187 0.233333
0 0.383594 0.679167 0.304688 0.391667
1 0.619531 0.596875 0.154688 0.210417
1 0.318750 0.402083 0.159375 0.225000
1 0.112500 0.919792 0.159375 0.160417
1 0.036719 0.923958 0.073438 0.152083
1 0.025000 0.300000 0.050000 0.191667
1 0.619531 0.960417 0.167187 0.075000
1 0.345313 0.055208 0.150000 0.106250
1 0.027344 0.118750 0.051562 0.191667
1 0.850781 0.068750 0.160938 0.133333
1 0.859375 0.962500 0.175000 0.075000
1 0.792969 0.253125 0.176563 0.231250
1 0.942187 0.234375 0.115625 0.185417
1 0.253125 0.090625 0.181250 0.168750
1 0.123438 0.236458 0.162500 0.218750
1 0.778125 0.880208 0.156250 0.197917
1 0.570312 0.070833 0.150000 0.137500
1 0.671094 0.387500 0.170313 0.229167
1 0.717969 0.594792 0.157813 0.206250
1 0.071094 0.563542 0.135937 0.197917
1 0.634375 0.826042 0.156250 0.197917
1 0.212500 0.919792 0.153125 0.160417
1 0.183594 0.734375 0.151562 0.231250
1 0.736719 0.084375 0.170313 0.164583
1 0.511719 0.372917 0.167187 0.233333
0 0.383594 0.679167 0.304688 0.391667
1 0.619531 0.596875 0.154688 0.210417
1 0.318750 0.402083 0.159375 0.225000
1 0.112500 0.919792 0.159375 0.160417
1 0.036719 0.923958 0.073438 0.152083
1 0.025000 0.300000 0.050000 0.191667
1 0.619531 0.960417 0.167187 0.075000
1 0.345313 0.055208 0.150000 0.106250
1 0.027344 0.118750 0.051562 0.191667
1 0.850781 0.068750 0.160938 0.133333
1 0.859375 0.962500 0.175000 0.075000
1 0.792969 0.253125 0.176563 0.231250
1 0.942187 0.234375 0.115625 0.185417
1 0.253125 0.090625 0.181250 0.168750
1 0.123438 0.236458 0.162500 0.218750
1 0.778125 0.880208 0.156250 0.197917
1 0.570312 0.070833 0.150000 0.137500
1 0.671094 0.387500 0.170313 0.229167
1 0.717969 0.594792 0.157813 0.206250
1 0.071094 0.563542 0.135937 0.197917
1 0.634375 0.826042 0.156250 0.197917
1 0.212500 0.919792 0.153125 0.160417
1 0.183594 0.734375 0.151562 0.231250
1 0.736719 0.084375 0.170313 0.164583
1 0.511719 0.372917 0.167187 0.233333
0 0.383594 0.679167 0.304688 0.391667
1 0.619531 0.596875 0.154688 0.210417
1 0.318750 0.402083 0.159375 0.225000
1 0.112500 0.919792 0.159375 0.160417
1 0.036719 0.923958 0.073438 0.152083
1 0.025000 0.300000 0.050000 0.191667
1 0.619531 0.960417 0.167187 0.075000
1 0.345313 0.055208 0.150000 0.106250
1 0.027344 0.118750 0.051562 0.191667
1 0.850781 0.068750 0.160938 0.133333
1 0.859375 0.962500 0.175000 0.075000
1 0.792969 0.253125 0.176563 0.231250
1 0.942187 0.234375 0.115625 0.185417
1 0.253125 0.090625 0.181250 0.168750
1 0.123438 0.236458 0.162500 0.218750
1 0.778125 0.880208 0.156250 0.197917
1 0.570312 0.070833 0.150000 0.137500
1 0.671094 0.387500 0.170313 0.229167
1 0.717969 0.594792 0.157813 0.206250
1 0.071094 0.563542 0.135937 0.197917
1 0.634375 0.826042 0.156250 0.197917
1 0.212500 0.919792 0.153125 0.160417
1 0.183594 0.734375 0.151562 0.231250
1 0.736719 0.084375 0.170313 0.164583
1 0.511719 0.372917 0.167187 0.233333
0 0.383594 0.679167 0.304688 0.391667
1 0.619531 0.596875 0.154688 0.210417
1 0.318750 0.402083 0.159375 0.225000
1 0.112500 0.919792 0.159375 0.160417
1 0.036719 0.923958 0.073438 0.152083
1 0.025000 0.300000 0.050000 0.191667
1 0.619531 0.960417 0.167187 0.075000
1 0.345313 0.055208 0.150000 0.106250
1 0.027344 0.118750 0.051562 0.191667
1 0.850781 0.068750 0.160938 0.133333
1 0.859375 0.962500 0.175000 0.075000
1 0.792969 0.253125 0.176563 0.231250
1 0.942187 0.234375 0.115625 0.185417
1 0.253125 0.090625 0.181250 0.168750
1 0.123438 0.236458 0.162500 0.218750
1 0.778125 0.880208 0.156250 0.197917
1 0.570312 0.070833 0.150000 0.137500
1 0.671094 0.387500 0.170313 0.229167
1 0.717969 0.594792 0.157813 0.206250
1 0.071094 0.563542 0.135937 0.197917
1 0.634375 0.826042 0.156250 0.197917
1 0.212500 0.919792 0.153125 0.160417
1 0.183594 0.734375 0.151562 0.231250
1 0.736719 0.084375 0.170313 0.164583
1 0.511719 0.372917 0.167187 0.233333
0 0.383594 0.679167 0.304688 0.391667
1 0.619531 0.596875 0.154688 0.210417
1 0.318750 0.402083 0.159375 0.225000
1 0.112500 0.919792 0.159375 0.160417
1 0.036719 0.923958 0.073438 0.152083
1 0.025000 0.300000 0.050000 0.191667
1 0.619531 0.960417 0.167187 0.075000
1 0.345313 0.055208 0.150000 0.106250
1 0.027344 0.118750 0.051562 0.191667
1 0.850781 0.068750 0.160938 0.133333
1 0.859375 0.962500 0.175000 0.075000
1 0.792969 0.253125 0.176563 0.231250
1 0.942187 0.234375 0.115625 0.185417
1 0.253125 0.090625 0.181250 0.168750
1 0.123438 0.236458 0.162500 0.218750
1 0.778125 0.880208 0.156250 0.197917
1 0.570312 0.070833 0.150000 0.137500
1 0.671094 0.387500 0.170313 0.229167
1 0.717969 0.594792 0.157813 0.206250
1 0.071094 0.563542 0.135937 0.197917
1 0.634375 0.826042 0.156250 0.197917
1 0.212500 0.919792 0.153125 0.160417
1 0.183594 0.734375 0.151562 0.231250
1 0.736719 0.084375 0.170313 0.164583
1 0.511719 0.372917 0.167187 0.233333
0 0.383594 0.679167 0.304688 0.391667
1 0.619531 0.596875 0.154688 0.210417
1 0.318750 0.402083 0.159375 0.225000
1 0.112500 0.919792 0.159375 0.160417
1 0.036719 0.923958 0.073438 0.152083
1 0.025000 0.300000 0.050000 0.191667
1 0.619531 0.960417 0.167187 0.075000
1 0.345313 0.055208 0.150000 0.106250
1 0.027344 0.118750 0.051562 0.191667
1 0.850781 0.068750 0.160938 0.133333
1 0.859375 0.962500 0.175000 0.075000
1 0.792969 0.253125 0.176563 0.231250
1 0.942187 0.234375 0.115625 0.185417
1 0.253125 0.090625 0.181250 0.168750
1 0.123438 0.236458 0.162500 0.218750
1 0.778125 0.880208 0.156250 0.197917
1 0.570312 0.070833 0.150000 0.137500
1 0.671094 0.387500 0.170313 0.229167
1 0.717969 0.594792 0.157813 0.206250
1 0.071094 0.563542 0.135937 0.197917
1 0.634375 0.826042 0.156250 0.197917
1 0.212500 0.919792 0.153125 0.160417
1 0.183594 0.734375 0.151562 0.231250
1 0.736719 0.084375 0.170313 0.164583
1 0.511719 0.372917 0.167187 0.233333
0 0.383594 0.679167 0.304688 0.391667
1 0.619531 0.596875 0.154688 0.210417
1 0.318750 0.402083 0.159375 0.225000
1 0.112500 0.919792 0.159375 0.160417
1 0.036719 0.923958 0.073438 0.152083
1 0.025000 0.300000 0.050000 0.191667
1 0.619531 0.960417 0.167187 0.075000
1 0.345313 0.055208 0.150000 0.106250
1 0.027344 0.118750 0.051562 0.191667
1 0.850781 0.068750 0.160938 0.133333
1 0.859375 0.962500 0.175000 0.075000
1 0.792969 0.253125 0.176563 0.231250
1 0.942187 0.234375 0.115625 0.185417
1 0.253125 0.090625 0.181250 0.168750
1 0.123438 0.236458 0.162500 0.218750
1 0.778125 0.880208 0.156250 0.197917
1 0.570312 0.070833 0.150000 0.137500
1 0.671094 0.387500 0.170313 0.229167
1 0.717969 0.594792 0.157813 0.206250
1 0.071094 0.563542 0.135937 0.197917
1 0.634375 0.826042 0.156250 0.197917
1 0.212500 0.919792 0.153125 0.160417
1 0.183594 0.734375 0.151562 0.231250
1 0.736719 0.084375 0.170313 0.164583
1 0.511719 0.372917 0.167187 0.233333
0 0.383594 0.679167 0.304688 0.391667
1 0.619531 0.596875 0.154688 0.210417
1 0.318750 0.402083 0.159375 0.225000
1 0.112500 0.919792 0.159375 0.160417
1 0.036719 0.923958 0.073438 0.152083
1 0.025000 0.300000 0.050000 0.191667
1 0.619531 0.960417 0.167187 0.075000
1 0.345313 0.055208 0.150000 0.106250
1 0.027344 0.118750 0.051562 0.191667
1 0.850781 0.068750 0.160938 0.133333
1 0.859375 0.962500 0.175000 0.075000
1 0.792969 0.253125 0.176563 0.231250
1 0.942187 0.234375 0.115625 0.185417
1 0.253125 0.090625 0.181250 0.168750
1 0.123438 0.236458 0.162500 0.218750
1 0.778125 0.880208 0.156250 0.197917
1 0.570312 0.070833 0.150000 0.137500
1 0.671094 0.387500 0.170313 0.229167
1 0.717969 0.594792 0.157813 0.206250
1 0.071094 0.563542 0.135937 0.197917
1 0.634375 0.826042 0.156250 0.197917
1 0.212500 0.919792 0.153125 0.160417
1 0.183594 0.734375 0.151562 0.231250
1 0.736719 0.084375 0.170313 0.164583
1 0.511719 0.372917 0.167187 0.233333
0 0.383594 0.679167 0.304688 0.391667
1 0.619531 0.596875 0.154688 0.210417
1 0.318750 0.402083 0.159375 0.225000
1 0.112500 0.919792 0.159375 0.160417
1 0.036719 0.923958 0.073438 0.152083
1 0.025000 0.300000 0.050000 0.191667
1 0.619531 0.960417 0.167187 0.075000
1 0.345313 0.055208 0.150000 0.106250
1 0.027344 0.118750 0.051562 0.191667
1 0.850781 0.068750 0.160938 0.133333
1 0.859375 0.962500 0.175000 0.075000
1 0.792969 0.253125 0.176563 0.231250
1 0.942187 0.234375 0.115625 0.185417
1 0.253125 0.090625 0.181250 0.168750
1 0.123438 0.236458 0.162500 0.218750
1 0.778125 0.880208 0.156250 0.197917
1 0.570312 0.070833 0.150000 0.137500
1 0.671094 0.387500 0.170313 0.229167
1 0.717969 0.594792 0.157813 0.206250
1 0.071094 0.563542 0.135937 0.197917
1 0.634375 0.826042 0.156250 0.197917
1 0.212500 0.919792 0.153125 0.160417
1 0.183594 0.734375 0.151562 0.231250
1 0.736719 0.084375 0.170313 0.164583
1 0.511719 0.372917 0.167187 0.233333
0 0.383594 0.679167 0.304688 0.391667
1 0.619531 0.596875 0.154688 0.210417
1 0.318750 0.402083 0.159375 0.225000
