1 0.470313 0.953125 0.162500 0.093750
1 0.846875 0.961458 0.162500 0.072917
1 0.042188 0.293750 0.084375 0.229167
1 0.498437 0.173958 0.206250 0.210417
1 0.031250 0.857292 0.062500 0.177083
1 0.545313 0.848958 0.146875 0.197917
1 0.914844 0.450000 0.160938 0.208333
1 0.175000 0.646875 0.131250 0.172917
1 0.365625 0.045833 0.175000 0.091667
1 0.171875 0.201042 0.146875 0.214583
1 0.872656 0.091667 0.189063 0.183333
1 0.719531 0.927083 0.176563 0.137500
1 0.113281 0.403125 0.139063 0.193750
1 0.663281 0.429167 0.160938 0.208333
1 0.682031 0.055208 0.167187 0.110417
1 0.734375 0.237500 0.165625 0.212500
1 0.060156 0.653125 0.120313 0.206250
1 0.069531 0.073958 0.139063 0.147917
1 0.419531 0.809375 0.139063 0.189583
1 0.858594 0.227083 0.173438 0.225000
0 0.420312 0.466667 0.300000 0.379167
1 0.665625 0.690625 0.175000 0.210417
1 0.236719 0.561458 0.145313 0.206250
1 0.470313 0.953125 0.162500 0.093750
1 0.846875 0.961458 0.162500 0.072917
1 0.042188 0.293750 0.084375 0.229167
1 0.498437 0.173958 0.206250 0.210417
1 0.031250 0.857292 0.062500 0.177083
1 0.545313 0.848958 0.146875 0.197917
1 0.914844 0.450000 0.160938 0.208333
1 0.175000 0.646875 0.131250 0.172917
1 0.365625 0.045833 0.175000 0.091667
1 0.171875 0.201042 0.146875 0.214583
1 0.872656 0.091667 0.189063 0.183333
1 0.719531 0.927083 0.176563 0.137500
1 0.113281 0.403125 0.139063 0.193750
1 0.663281 0.429167 0.160938 0.208333
1 0.682031 0.055208 0.167187 0.110417
1 0.734375 0.237500 0.165625 0.212500
1 0.060156 0.653125 0.120313 0.206250
1 0.069531 0.073958 0.139063 0.147917
1 0.419531 0.809375 0.139063 0.189583
1 0.858594 0.227083 0.173438 0.225000
0 0.420312 0.466667 0.300000 0.379167
1 0.665625 0.690625 0.175000 0.210417
1 0.236719 0.561458 0.145313 0.206250
1 0.470313 0.953125 0.162500 0.093750
1 0.846875 0.961458 0.162500 0.072917
1 0.042188 0.293750 0.084375 0.229167
1 0.498437 0.173958 0.206250 0.210417
1 0.031250 0.857292 0.062500 0.177083
1 0.545313 0.848958 0.146875 0.197917
1 0.914844 0.450000 0.160938 0.208333
1 0.175000 0.646875 0.131250 0.172917
1 0.365625 0.045833 0.175000 0.091667
1 0.171875 0.201042 0.146875 0.214583
1 0.872656 0.091667 0.189063 0.183333
1 0.719531 0.927083 0.176563 0.137500
1 0.113281 0.403125 0.139063 0.193750
1 0.663281 0.429167 0.160938 0.208333
1 0.682031 0.055208 0.167187 0.110417
1 0.734375 0.237500 0.165625 0.212500
1 0.060156 0.653125 0.120313 0.206250
1 0.069531 0.073958 0.139063 0.147917
1 0.419531 0.809375 0.139063 0.189583
1 0.858594 0.227083 0.173438 0.225000
0 0.420312 0.466667 0.300000 0.379167
1 0.665625 0.690625 0.175000 0.210417
1 0.236719 0.561458 0.145313 0.206250
1 0.470313 0.953125 0.162500 0.093750
1 0.846875 0.961458 0.162500 0.072917
1 0.042188 0.293750 0.084375 0.229167
1 0.498437 0.173958 0.206250 0.210417
1 0.031250 0.857292 0.062500 0.177083
1 0.545313 0.848958 0.146875 0.197917
1 0.914844 0.450000 0.160938 0.208333
1 0.175000 0.646875 0.131250 0.172917
1 0.365625 0.045833 0.175000 0.091667
1 0.171875 0.201042 0.146875 0.214583
1 0.872656 0.091667 0.189063 0.183333
1 0.719531 0.927083 0.176563 0.137500
1 0.113281 0.403125 0.139063 0.193750
1 0.663281 0.429167 0.160938 0.208333
1 0.682031 0.055208 0.167187 0.110417
1 0.734375 0.237500 0.165625 0.212500
1 0.060156 0.653125 0.120313 0.206250
1 0.069531 0.073958 0.139063 0.147917
1 0.419531 0.809375 0.139063 0.189583
1 0.858594 0.227083 0.173438 0.225000
0 0.420312 0.466667 0.300000 0.379167
1 0.665625 0.690625 0.175000 0.210417
1 0.236719 0.561458 0.145313 0.206250
1 0.470313 0.953125 0.162500 0.093750
1 0.846875 0.961458 0.162500 0.072917
1 0.042188 0.293750 0.084375 0.229167
1 0.498437 0.173958 0.206250 0.210417
1 0.031250 0.857292 0.062500 0.177083
1 0.545313 0.848958 0.146875 0.197917
1 0.914844 0.450000 0.160938 0.208333
1 0.175000 0.646875 0.131250 0.172917
1 0.365625 0.045833 0.175000 0.091667
1 0.171875 0.201042 0.146875 0.214583
1 0.872656 0.091667 0.189063 0.183333
1 0.719531 0.927083 0.176563 0.137500
1 0.113281 0.403125 0.139063 0.193750
1 0.663281 0.429167 0.160938 0.208333
1 0.682031 0.055208 0.167187 0.110417
1 0.734375 0.237500 0.165625 0.212500
1 0.060156 0.653125 0.120313 0.206250
1 0.069531 0.073958 0.139063 0.147917
1 0.419531 0.809375 0.139063 0.189583
1 0.858594 0.227083 0.173438 0.225000
0 0.420312 0.466667 0.300000 0.379167
1 0.665625 0.690625 0.175000 0.210417
1 0.236719 0.561458 0.145313 0.206250
1 0.470313 0.953125 0.162500 0.093750
1 0.846875 0.961458 0.162500 0.072917
1 0.042188 0.293750 0.084375 0.229167
1 0.498437 0.173958 0.206250 0.210417
1 0.031250 0.857292 0.062500 0.177083
1 0.545313 0.848958 0.146875 0.197917
1 0.914844 0.450000 0.160938 0.208333
1 0.175000 0.646875 0.131250 0.172917
1 0.365625 0.045833 0.175000 0.091667
1 0.171875 0.201042 0.146875 0.214583
1 0.872656 0.091667 0.189063 0.183333
1 0.719531 0.927083 0.176563 0.137500
1 0.113281 0.403125 0.139063 0.193750
1 0.663281 0.429167 0.160938 0.208333
1 0.682031 0.055208 0.167187 0.110417
1 0.734375 0.237500 0.165625 0.212500
1 0.060156 0.653125 0.120313 0.206250
1 0.069531 0.073958 0.139063 0.147917
1 0.419531 0.809375 0.139063 0.189583
1 0.858594 0.227083 0.173438 0.225000
0 0.420312 0.466667 0.300000 0.379167
1 0.665625 0.690625 0.175000 0.210417
1 0.236719 0.561458 0.145313 0.206250
1 0.470313 0.953125 0.162500 0.093750
1 0.846875 0.961458 0.162500 0.072917
1 0.042188 0.293750 0.084375 0.229167
1 0.498437 0.173958 0.206250 0.210417
1 0.031250 0.857292 0.062500 0.177083
1 0.545313 0.848958 0.146875 0.197917
1 0.914844 0.450000 0.160938 0.208333
1 0.175000 0.646875 0.131250 0.172917
1 0.365625 0.045833 0.175000 0.091667
1 0.171875 0.201042 0.146875 0.214583
1 0.872656 0.091667 0.189063 0.183333
1 0.719531 0.927083 0.176563 0.137500
1 0.113281 0.403125 0.139063 0.193750
1 0.663281 0.429167 0.160938 0.208333
1 0.682031 0.055208 0.167187 0.110417
1 0.734375 0.237500 0.165625 0.212500
1 0.060156 0.653125 0.120313 0.206250
1 0.069531 0.073958 0.139063 0.147917
1 0.419531 0.809375 0.139063 0.189583
1 0.858594 0.227083 0.173438 0.225000
0 0.420312 0.466667 0.300000 0.379167
1 0.665625 0.690625 0.175000 0.210417
1 0.236719 0.561458 0.145313 0.206250
1 0.470313 0.953125 0.162500 0.093750
1 0.846875 0.961458 0.162500 0.072917
1 0.042188 0.293750 0.084375 0.229167
1 0.498437 0.173958 0.206250 0.210417
1 0.031250 0.857292 0.062500 0.177083
1 0.545313 0.848958 0.146875 0.197917
1 0.914844 0.450000 0.160938 0.208333
1 0.175000 0.646875 0.131250 0.172917
1 0.365625 0.045833 0.175000 0.091667
1 0.171875 0.201042 0.146875 0.214583
1 0.872656 0.091667 0.189063 0.183333
1 0.719531 0.927083 0.176563 0.137500
1 0.113281 0.403125 0.139063 0.193750
1 0.663281 0.429167 0.160938 0.208333
1 0.682031 0.055208 0.167187 0.110417
1 0.734375 0.237500 0.165625 0.212500
1 0.060156 0.653125 0.120313 0.206250
1 0.069531 0.073958 0.139063 0.147917
1 0.419531 0.809375 0.139063 0.189583
1 0.858594 0.227083 0.173438 0.225000
0 0.420312 0.466667 0.300000 0.379167
1 0.665625 0.690625 0.175000 0.210417
1 0.236719 0.561458 0.145313 0.206250
1 0.470313 0.953125 0.162500 0.093750
1 0.846875 0.961458 0.162500 0.072917
1 0.042188 0.293750 0.084375 0.229167
1 0.498437 0.173958 0.206250 0.210417
1 0.031250 0.857292 0.062500 0.177083
1 0.545313 0.848958 0.146875 0.197917
1 0.914844 0.450000 0.160938 0.208333
1 0.175000 0.646875 0.131250 0.172917
1 0.365625 0.045833 0.175000 0.091667
1 0.171875 0.201042 0.146875 0.214583
1 0.872656 0.091667 0.189063 0.183333
1 0.719531 0.927083 0.176563 0.137500
1 0.113281 0.403125 0.139063 0.193750
1 0.663281 0.429167 0.160938 0.208333
1 0.682031 0.055208 0.167187 0.110417
1 0.734375 0.237500 0.165625 0.212500
1 0.060156 0.653125 0.120313 0.206250
1 0.069531 0.073958 0.139063 0.147917
1 0.419531 0.809375 0.139063 0.189583
1 0.858594 0.227083 0.173438 0.225000
0 0.420312 0.466667 0.300000 0.379167
1 0.665625 0.690625 0.175000 0.210417
1 0.236719 0.561458 0.145313 0.206250
1 0.470313 0.953125 0.162500 0.093750
1 0.846875 0.961458 0.162500 0.072917
1 0.042188 0.293750 0.084375 0.229167
1 0.498437 0.173958 0.206250 0.210417
1 0.031250 0.857292 0.062500 0.177083
1 0.545313 0.848958 0.146875 0.197917
1 0.914844 0.450000 0.160938 0.208333
1 0.175000 0.646875 0.131250 0.172917
1 0.365625 0.045833 0.175000 0.091667
1 0.171875 0.201042 0.146875 0.214583
1 0.872656 0.091667 0.189063 0.183333
1 0.719531 0.927083 0.176563 0.137500
1 0.113281 0.403125 0.139063 0.193750
1 0.663281 0.429167 0.160938 0.208333
1 0.682031 0.055208 0.167187 0.110417
1 0.734375 0.237500 0.165625 0.212500
1 0.060156 0.653125 0.120313 0.206250
1 0.069531 0.073958 0.139063 0.147917
1 0.419531 0.809375 0.139063 0.189583
1 0.858594 0.227083 0.173438 0.225000
0 0.420312 0.466667 0.300000 0.379167
1 0.665625 0.690625 0.175000 0.210417
1 0.236719 0.561458 0.145313 0.206250
1 0.470313 0.953125 0.162500 0.093750
1 0.846875 0.961458 0.162500 0.072917
1 0.042188 0.293750 0.084375 0.229167
1 0.498437 0.173958 0.206250 0.210417
1 0.031250 0.857292 0.062500 0.177083
1 0.545313 0.848958 0.146875 0.197917
1 0.914844 0.450000 0.160938 0.208333
1 0.175000 0.646875 0.131250 0.172917
1 0.365625 0.045833 0.175000 0.091667
1 0.171875 0.201042 0.146875 0.214583
1 0.872656 0.091667 0.189063 0.183333
1 0.719531 0.927083 0.176563 0.137500
1 0.113281 0.403125 0.139063 0.193750
1 0.663281 0.429167 0.160938 0.208333
1 0.682031 0.055208 0.167187 0.110417
1 0.734375 0.237500 0.165625 0.212500
1 0.060156 0.653125 0.120313 0.206250
1 0.069531 0.073958 0.139063 0.147917
1 0.419531 0.809375 0.139063 0.189583
1 0.858594 0.227083 0.173438 0.225000
0 0.420312 0.466667 0.300000 0.379167
1 0.665625 0.690625 0.175000 0.210417
1 0.236719 0.561458 0.145313 0.206250
1 0.470313 0.953125 0.162500 0.093750
1 0.846875 0.961458 0.162500 0.072917
1 0.042188 0.293750 0.084375 0.229167
1 0.498437 0.173958 0.206250 0.210417
1 0.031250 0.857292 0.062500 0.177083
1 0.545313 0.848958 0.146875 0.197917
1 0.914844 0.450000 0.160938 0.208333
1 0.175000 0.646875 0.131250 0.172917
1 0.365625 0.045833 0.175000 0.091667
1 0.171875 0.201042 0.146875 0.214583
1 0.872656 0.091667 0.189063 0.183333
1 0.719531 0.927083 0.176563 0.137500
1 0.113281 0.403125 0.139063 0.193750
1 0.663281 0.429167 0.160938 0.208333
1 0.682031 0.055208 0.167187 0.110417
1 0.734375 0.237500 0.165625 0.212500
1 0.060156 0.653125 0.120313 0.206250
1 0.069531 0.073958 0.139063 0.147917
1 0.419531 0.809375 0.139063 0.189583
1 0.858594 0.227083 0.173438 0.225000
0 0.420312 0.466667 0.300000 0.379167
1 0.665625 0.690625 0.175000 0.210417
1 0.236719 0.561458 0.145313 0.206250
1 0.470313 0.953125 0.162500 0.093750
1 0.846875 0.961458 0.162500 0.072917
1 0.042188 0.293750 0.084375 0.229167
1 0.498437 0.173958 0.206250 0.210417
1 0.031250 0.857292 0.062500 0.177083
1 0.545313 0.848958 0.146875 0.197917
1 0.914844 0.450000 0.160938 0.208333
1 0.175000 0.646875 0.131250 0.172917
1 0.365625 0.045833 0.175000 0.091667
1 0.171875 0.201042 0.146875 0.214583
1 0.872656 0.091667 0.189063 0.183333
1 0.719531 0.927083 0.176563 0.137500
1 0.113281 0.403125 0.139063 0.193750
1 0.663281 0.429167 0.160938 0.208333
1 0.682031 0.055208 0.167187 0.110417
1 0.734375 0.237500 0.165625 0.212500
1 0.060156 0.653125 0.120313 0.206250
1 0.069531 0.073958 0.139063 0.147917
1 0.419531 0.809375 0.139063 0.189583
1 0.858594 0.227083 0.173438 0.225000
0 0.420312 0.466667 0.300000 0.379167
1 0.665625 0.690625 0.175000 0.210417
1 0.236719 0.561458 0.145313 0.206250
1 0.470313 0.953125 0.162500 0.093750
1 0.846875 0.961458 0.162500 0.072917
1 0.042188 0.293750 0.084375 0.229167
1 0.498437 0.173958 0.206250 0.210417
1 0.031250 0.857292 0.062500 0.177083
1 0.545313 0.848958 0.146875 0.197917
1 0.914844 0.450000 0.160938 0.208333
1 0.175000 0.646875 0.131250 0.172917
1 0.365625 0.045833 0.175000 0.091667
1 0.171875 0.201042 0.146875 0.214583
1 0.872656 0.091667 0.189063 0.183333
1 0.719531 0.927083 0.176563 0.137500
1 0.113281 0.403125 0.139063 0.193750
1 0.663281 0.429167 0.160938 0.208333
1 0.682031 0.055208 0.167187 0.110417
1 0.734375 0.237500 0.165625 0.212500
1 0.060156 0.653125 0.120313 0.206250
1 0.069531 0.073958 0.139063 0.147917
1 0.419531 0.809375 0.139063 0.189583
1 0.858594 0.227083 0.173438 0.225000
0 0.420312 0.466667 0.300000 0.379167
1 0.665625 0.690625 0.175000 0.210417
1 0.236719 0.561458 0.145313 0.206250
1 0.470313 0.953125 0.162500 0.093750
1 0.846875 0.961458 0.162500 0.072917
1 0.042188 0.293750 0.084375 0.229167
1 0.498437 0.173958 0.206250 0.210417
1 0.031250 0.857292 0.062500 0.177083
1 0.545313 0.848958 0.146875 0.197917
1 0.914844 0.450000 0.160938 0.208333
1 0.175000 0.646875 0.131250 0.172917
1 0.365625 0.045833 0.175000 0.091667
1 0.171875 0.201042 0.146875 0.214583
1 0.872656 0.091667 0.189063 0.183333
1 0.719531 0.927083 0.176563 0.137500
1 0.113281 0.403125 0.139063 0.193750
1 0.663281 0.429167 0.160938 0.208333
1 0.682031 0.055208 0.167187 0.110417
1 0.734375 0.237500 0.165625 0.212500
1 0.060156 0.653125 0.120313 0.206250
1 0.069531 0.073958 0.139063 0.147917
1 0.419531 0.809375 0.139063 0.189583
1 0.858594 0.227083 0.173438 0.225000
0 0.420312 0.466667 0.300000 0.379167
1 0.665625 0.690625 0.175000 0.210417
1 0.236719 0.561458 0.145313 0.206250
1 0.470313 0.953125 0.162500 0.093750
1 0.846875 0.961458 0.162500 0.072917
1 0.042188 0.293750 0.084375 0.229167
1 0.498437 0.173958 0.206250 0.210417
1 0.031250 0.857292 0.062500 0.177083
1 0.545313 0.848958 0.146875 0.197917
1 0.914844 0.450000 0.160938 0.208333
1 0.175000 0.646875 0.131250 0.172917
1 0.365625 0.045833 0.175000 0.091667
1 0.171875 0.201042 0.146875 0.214583
1 0.872656 0.091667 0.189063 0.183333
1 0.719531 0.927083 0.176563 0.137500
1 0.113281 0.403125 0.139063 0.193750
1 0.663281 0.429167 0.160938 0.208333
1 0.682031 0.055208 0.167187 0.110417
1 0.734375 0.237500 0.165625 0.212500
1 0.060156 0.653125 0.120313 0.206250
1 0.069531 0.073958 0.139063 0.147917
1 0.419531 0.809375 0.139063 0.189583
1 0.858594 0.227083 0.173438 0.225000
0 0.420312 0.466667 0.300000 0.379167
1 0.665625 0.690625 0.175000 0.210417
1 0.236719 0.561458 0.145313 0.206250
1 0.470313 0.953125 0.162500 0.093750
1 0.846875 0.961458 0.162500 0.072917
1 0.042188 0.293750 0.084375 0.229167
1 0.498437 0.173958 0.206250 0.210417
1 0.031250 0.857292 0.062500 0.177083
1 0.545313 0.848958 0.146875 0.197917
1 0.914844 0.450000 0.160938 0.208333
1 0.175000 0.646875 0.131250 0.172917
1 0.365625 0.045833 0.175000 0.091667
1 0.171875 0.201042 0.146875 0.214583
1 0.872656 0.091667 0.189063 0.183333
1 0.719531 0.927083 0.176563 0.137500
1 0.113281 0.403125 0.139063 0.193750
1 0.663281 0.429167 0.160938 0.208333
1 0.682031 0.055208 0.167187 0.110417
1 0.734375 0.237500 0.165625 0.212500
1 0.060156 0.653125 0.120313 0.206250
1 0.069531 0.073958 0.139063 0.147917
1 0.419531 0.809375 0.139063 0.189583
1 0.858594 0.227083 0.173438 0.225000
0 0.420312 0.466667 0.300000 0.379167
1 0.665625 0.690625 0.175000 0.210417
1 0.236719 0.561458 0.145313 0.206250
1 0.470313 0.953125 0.162500 0.093750
1 0.846875 0.961458 0.162500 0.072917
1 0.042188 0.293750 0.084375 0.229167
1 0.498437 0.173958 0.206250 0.210417
1 0.031250 0.857292 0.062500 0.177083
1 0.545313 0.848958 0.146875 0.197917
1 0.914844 0.450000 0.160938 0.208333
1 0.175000 0.646875 0.131250 0.172917
1 0.365625 0.045833 0.175000 0.091667
1 0.171875 0.201042 0.146875 0.214583
1 0.872656 0.091667 0.189063 0.183333
1 0.719531 0.927083 0.176563 0.137500
1 0.113281 0.403125 0.139063 0.193750
1 0.663281 0.429167 0.160938 0.208333
1 0.682031 0.055208 0.167187 0.110417
1 0.734375 0.237500 0.165625 0.212500
1 0.060156 0.653125 0.120313 0.206250
1 0.069531 0.073958 0.139063 0.147917
1 0.419531 0.809375 0.139063 0.189583
1 0.858594 0.227083 0.173438 0.225000
0 0.420312 0.466667 0.300000 0.379167
1 0.665625 0.690625 0.175000 0.210417
1 0.236719 0.561458 0.145313 0.206250
1 0.470313 0.953125 0.162500 0.093750
1 0.846875 0.961458 0.162500 0.072917
1 0.042188 0.293750 0.084375 0.229167
1 0.498437 0.173958 0.206250 0.210417
1 0.031250 0.857292 0.062500 0.177083
1 0.545313 0.848958 0.146875 0.197917
1 0.914844 0.450000 0.160938 0.208333
1 0.175000 0.646875 0.131250 0.172917
1 0.365625 0.045833 0.175000 0.091667
1 0.171875 0.201042 0.146875 0.214583
1 0.872656 0.091667 0.189063 0.183333
1 0.719531 0.927083 0.176563 0.137500
1 0.113281 0.403125 0.139063 0.193750
1 0.663281 0.429167 0.160938 0.208333
1 0.682031 0.055208 0.167187 0.110417
1 0.734375 0.237500 0.165625 0.212500
1 0.060156 0.653125 0.120313 0.206250
1 0.069531 0.073958 0.139063 0.147917
1 0.419531 0.809375 0.139063 0.189583
1 0.858594 0.227083 0.173438 0.225000
0 0.420312 0.466667 0.300000 0.379167
1 0.665625 0.690625 0.175000 0.210417
1 0.236719 0.561458 0.145313 0.206250
1 0.470313 0.953125 0.162500 0.093750
1 0.846875 0.961458 0.162500 0.072917
1 0.042188 0.293750 0.084375 0.229167
1 0.498437 0.173958 0.206250 0.210417
1 0.031250 0.857292 0.062500 0.177083
1 0.545313 0.848958 0.146875 0.197917
1 0.914844 0.450000 0.160938 0.208333
1 0.175000 0.646875 0.131250 0.172917
1 0.365625 0.045833 0.175000 0.091667
1 0.171875 0.201042 0.146875 0.214583
1 0.872656 0.091667 0.189063 0.183333
1 0.719531 0.927083 0.176563 0.137500
1 0.113281 0.403125 0.139063 0.193750
1 0.663281 0.429167 0.160938 0.208333
1 0.682031 0.055208 0.167187 0.110417
1 0.734375 0.237500 0.165625 0.212500
1 0.060156 0.653125 0.120313 0.206250
1 0.069531 0.073958 0.139063 0.147917
1 0.419531 0.809375 0.139063 0.189583
1 0.858594 0.227083 0.173438 0.225000
0 0.420312 0.466667 0.300000 0.379167
1 0.665625 0.690625 0.175000 0.210417
1 0.236719 0.561458 0.145313 0.206250
1 0.470313 0.953125 0.162500 0.093750
1 0.846875 0.961458 0.162500 0.072917
1 0.042188 0.293750 0.084375 0.229167
1 0.498437 0.173958 0.206250 0.210417
1 0.031250 0.857292 0.062500 0.177083
1 0.545313 0.848958 0.146875 0.197917
1 0.914844 0.450000 0.160938 0.208333
1 0.175000 0.646875 0.131250 0.172917
1 0.365625 0.045833 0.175000 0.091667
1 0.171875 0.201042 0.146875 0.214583
1 0.872656 0.091667 0.189063 0.183333
1 0.719531 0.927083 0.176563 0.137500
1 0.113281 0.403125 0.139063 0.193750
1 0.663281 0.429167 0.160938 0.208333
1 0.682031 0.055208 0.167187 0.110417
1 0.734375 0.237500 0.165625 0.212500
1 0.060156 0.653125 0.120313 0.206250
1 0.069531 0.073958 0.139063 0.147917
1 0.419531 0.809375 0.139063 0.189583
1 0.858594 0.227083 0.173438 0.225000
0 0.420312 0.466667 0.300000 0.379167
1 0.665625 0.690625 0.175000 0.210417
1 0.236719 0.561458 0.145313 0.206250
1 0.470313 0.953125 0.162500 0.093750
1 0.846875 0.961458 0.162500 0.072917
1 0.042188 0.293750 0.084375 0.229167
1 0.498437 0.173958 0.206250 0.210417
1 0.031250 0.857292 0.062500 0.177083
1 0.545313 0.848958 0.146875 0.197917
1 0.914844 0.450000 0.160938 0.208333
1 0.175000 0.646875 0.131250 0.172917
1 0.365625 0.045833 0.175000 0.091667
1 0.171875 0.201042 0.146875 0.214583
1 0.872656 0.091667 0.189063 0.183333
1 0.719531 0.927083 0.176563 0.137500
1 0.113281 0.403125 0.139063 0.193750
1 0.663281 0.429167 0.160938 0.208333
1 0.682031 0.055208 0.167187 0.110417
1 0.734375 0.237500 0.165625 0.212500
1 0.060156 0.653125 0.120313 0.206250
1 0.069531 0.073958 0.139063 0.147917
1 0.419531 0.809375 0.139063 0.189583
1 0.858594 0.227083 0.173438 0.225000
0 0.420312 0.466667 0.300000 0.379167
1 0.665625 0.690625 0.175000 0.210417
1 0.236719 0.561458 0.145313 0.206250
1 0.470313 0.953125 0.162500 0.093750
1 0.846875 0.961458 0.162500 0.072917
1 0.042188 0.293750 0.084375 0.229167
1 0.498437 0.173958 0.206250 0.210417
1 0.031250 0.857292 0.062500 0.177083
1 0.545313 0.848958 0.146875 0.197917
1 0.914844 0.450000 0.160938 0.208333
1 0.175000 0.646875 0.131250 0.172917
1 0.365625 0.045833 0.175000 0.091667
1 0.171875 0.201042 0.146875 0.214583
1 0.872656 0.091667 0.189063 0.183333
1 0.719531 0.927083 0.176563 0.137500
1 0.113281 0.403125 0.139063 0.193750
1 0.663281 0.429167 0.160938 0.208333
1 0.682031 0.055208 0.167187 0.110417
1 0.734375 0.237500 0.165625 0.212500
1 0.060156 0.653125 0.120313 0.206250
1 0.069531 0.073958 0.139063 0.147917
1 0.419531 0.809375 0.139063 0.189583
1 0.858594 0.227083 0.173438 0.225000
0 0.420312 0.466667 0.300000 0.379167
1 0.665625 0.690625 0.175000 0.210417
1 0.236719 0.561458 0.145313 0.206250
