1 0.253906 0.037500 0.139063 0.075000
1 0.560156 0.973958 0.154688 0.047917
1 0.971875 0.157292 0.056250 0.206250
1 0.020313 0.637500 0.040625 0.220833
1 0.961719 0.870833 0.076563 0.254167
1 0.355469 0.538542 0.192188 0.256250
1 0.221875 0.933333 0.140625 0.129167
1 0.043750 0.267708 0.087500 0.247917
1 0.656250 0.340625 0.134375 0.272917
1 0.655469 0.622917 0.176563 0.229167
1 0.635156 0.084375 0.145313 0.168750
1 0.064844 0.898958 0.129688 0.202083
1 0.107031 0.068750 0.170313 0.137500
1 0.953125 0.593750 0.093750 0.204167
0 0.421875 0.245833 0.371875 0.491667
1 0.382031 0.933333 0.148438 0.133333
1 0.785156 0.095833 0.167187 0.191667
1 0.675000 0.779167 0.162500 0.233333
1 0.216406 0.740625 0.204688 0.222917
1 0.886719 0.340625 0.157813 0.210417
1 0.107031 0.516667 0.167187 0.233333
1 0.253906 0.037500 0.139063 0.075000
1 0.560156 0.973958 0.154688 0.047917
1 0.971875 0.157292 0.056250 0.206250
1 0.020313 0.637500 0.040625 0.220833
1 0.961719 0.870833 0.076563 0.254167
1 0.355469 0.538542 0.192188 0.256250
1 0.221875 0.933333 0.140625 0.129167
1 0.043750 0.267708 0.087500 0.247917
1 0.656250 0.340625 0.134375 0.272917
1 0.655469 0.622917 0.176563 0.229167
1 0.635156 0.084375 0.145313 0.168750
1 0.064844 0.898958 0.129688 0.202083
1 0.107031 0.068750 0.170313 0.137500
1 0.953125 0.593750 0.093750 0.204167
0 0.421875 0.245833 0.371875 0.491667
1 0.382031 0.933333 0.148438 0.133333
1 0.785156 0.095833 0.167187 0.191667
1 0.675000 0.779167 0.162500 0.233333
1 0.216406 0.740625 0.204688 0.222917
1 0.886719 0.340625 0.157813 0.210417
1 0.107031 0.516667 0.167187 0.233333
1 0.253906 0.037500 0.139063 0.075000
1 0.560156 0.973958 0.154688 0.047917
1 0.971875 0.157292 0.056250 0.206250
1 0.020313 0.637500 0.040625 0.220833
1 0.961719 0.870833 0.076563 0.254167
1 0.355469 0.538542 0.192188 0.256250
1 0.221875 0.933333 0.140625 0.129167
1 0.043750 0.267708 0.087500 0.247917
1 0.656250 0.340625 0.134375 0.272917
1 0.655469 0.622917 0.176563 0.229167
1 0.635156 0.084375 0.145313 0.168750
1 0.064844 0.898958 0.129688 0.202083
1 0.107031 0.068750 0.170313 0.137500
1 0.953125 0.593750 0.093750 0.204167
0 0.421875 0.245833 0.371875 0.491667
1 0.382031 0.933333 0.148438 0.133333
1 0.785156 0.095833 0.167187 0.191667
1 0.675000 0.779167 0.162500 0.233333
1 0.216406 0.740625 0.204688 0.222917
1 0.886719 0.340625 0.157813 0.210417
1 0.107031 0.516667 0.167187 0.233333
1 0.253906 0.037500 0.139063 0.075000
1 0.560156 0.973958 0.154688 0.047917
1 0.971875 0.157292 0.056250 0.206250
1 0.020313 0.637500 0.040625 0.220833
1 0.961719 0.870833 0.076563 0.254167
1 0.355469 0.538542 0.192188 0.256250
1 0.221875 0.933333 0.140625 0.129167
1 0.043750 0.267708 0.087500 0.247917
1 0.656250 0.340625 0.134375 0.272917
1 0.655469 0.622917 0.176563 0.229167
1 0.635156 0.084375 0.145313 0.168750
1 0.064844 0.898958 0.129688 0.202083
1 0.107031 0.068750 0.170313 0.137500
1 0.953125 0.593750 0.093750 0.204167
0 0.421875 0.245833 0.371875 0.491667
1 0.382031 0.933333 0.148438 0.133333
1 0.785156 0.095833 0.167187 0.191667
1 0.675000 0.779167 0.162500 0.233333
1 0.216406 0.740625 0.204688 0.222917
1 0.886719 0.340625 0.157813 0.210417
1 0.107031 0.516667 0.167187 0.233333
1 0.253906 0.037500 0.139063 0.075000
1 0.560156 0.973958 0.154688 0.047917
1 0.971875 0.157292 0.056250 0.206250
1 0.020313 0.637500 0.040625 0.220833
1 0.961719 0.870833 0.076563 0.254167
1 0.355469 0.538542 0.192188 0.256250
1 0.221875 0.933333 0.140625 0.129167
1 0.043750 0.267708 0.087500 0.247917
1 0.656250 0.340625 0.134375 0.272917
1 0.655469 0.622917 0.176563 0.229167
1 0.635156 0.084375 0.145313 0.168750
1 0.064844 0.898958 0.129688 0.202083
1 0.107031 0.068750 0.170313 0.137500
1 0.953125 0.593750 0.093750 0.204167
0 0.421875 0.245833 0.371875 0.491667
1 0.382031 0.933333 0.148438 0.133333
1 0.785156 0.095833 0.167187 0.191667
1 0.675000 0.779167 0.162500 0.233333
1 0.216406 0.740625 0.204688 0.222917
1 0.886719 0.340625 0.157813 0.210417
1 0.107031 0.516667 0.167187 0.233333
1 0.253906 0.037500 0.139063 0.075000
1 0.560156 0.973958 0.154688 0.047917
1 0.971875 0.157292 0.056250 0.206250
1 0.020313 0.637500 0.040625 0.220833
1 0.961719 0.870833 0.076563 0.254167
1 0.355469 0.538542 0.192188 0.256250
1 0.221875 0.933333 0.140625 0.129167
1 0.043750 0.267708 0.087500 0.247917
1 0.656250 0.340625 0.134375 0.272917
1 0.655469 0.622917 0.176563 0.229167
1 0.635156 0.084375 0.145313 0.168750
1 0.064844 0.898958 0.129688 0.202083
1 0.107031 0.068750 0.170313 0.137500
1 0.953125 0.593750 0.093750 0.204167
0 0.421875 0.245833 0.371875 0.491667
1 0.382031 0.933333 0.148438 0.133333
1 0.785156 0.095833 0.167187 0.191667
1 0.675000 0.779167 0.162500 0.233333
1 0.216406 0.740625 0.204688 0.222917
1 0.886719 0.340625 0.157813 0.210417
1 0.107031 0.516667 0.167187 0.233333
1 0.253906 0.037500 0.139063 0.075000
1 0.560156 0.973958 0.154688 0.047917
1 0.971875 0.157292 0.056250 0.206250
1 0.020313 0.637500 0.040625 0.220833
1 0.961719 0.870833 0.076563 0.254167
1 0.355469 0.538542 0.192188 0.256250
1 0.221875 0.933333 0.140625 0.129167
1 0.043750 0.267708 0.087500 0.247917
1 0.656250 0.340625 0.134375 0.272917
1 0.655469 0.622917 0.176563 0.229167
1 0.635156 0.084375 0.145313 0.168750
1 0.064844 0.898958 0.129688 0.202083
1 0.107031 0.068750 0.170313 0.137500
1 0.953125 0.593750 0.093750 0.204167
0 0.421875 0.245833 0.371875 0.491667
1 0.382031 0.933333 0.148438 0.133333
1 0.785156 0.095833 0.167187 0.191667
1 0.675000 0.779167 0.162500 0.233333
1 0.216406 0.740625 0.204688 0.222917
1 0.886719 0.340625 0.157813 0.210417
1 0.107031 0.516667 0.167187 0.233333
1 0.253906 0.037500 0.139063 0.075000
1 0.560156 0.973958 0.154688 0.047917
1 0.971875 0.157292 0.056250 0.206250
1 0.020313 0.637500 0.040625 0.220833
1 0.961719 0.870833 0.076563 0.254167
1 0.355469 0.538542 0.192188 0.256250
1 0.221875 0.933333 0.140625 0.129167
1 0.043750 0.267708 0.087500 0.247917
1 0.656250 0.340625 0.134375 0.272917
1 0.655469 0.622917 0.176563 0.229167
1 0.635156 0.084375 0.145313 0.168750
1 0.064844 0.898958 0.129688 0.202083
1 0.107031 0.068750 0.170313 0.137500
1 0.953125 0.593750 0.093750 0.204167
0 0.421875 0.245833 0.371875 0.491667
1 0.382031 0.933333 0.148438 0.133333
1 0.785156 0.095833 0.167187 0.191667
1 0.675000 0.779167 0.162500 0.233333
1 0.216406 0.740625 0.204688 0.222917
1 0.886719 0.340625 0.157813 0.210417
1 0.107031 0.516667 0.167187 0.233333
1 0.253906 0.037500 0.139063 0.075000
1 0.560156 0.973958 0.154688 0.047917
1 0.971875 0.157292 0.056250 0.206250
1 0.020313 0.637500 0.040625 0.220833
1 0.961719 0.870833 0.076563 0.254167
1 0.355469 0.538542 0.192188 0.256250
1 0.221875 0.933333 0.140625 0.129167
1 0.043750 0.267708 0.087500 0.247917
1 0.656250 0.340625 0.134375 0.272917
1 0.655469 0.622917 0.176563 0.229167
1 0.635156 0.084375 0.145313 0.168750
1 0.064844 0.898958 0.129688 0.202083
1 0.107031 0.068750 0.170313 0.137500
1 0.953125 0.593750 0.093750 0.204167
0 0.421875 0.245833 0.371875 0.491667
1 0.382031 0.933333 0.148438 0.133333
1 0.785156 0.095833 0.167187 0.191667
1 0.675000 0.779167 0.162500 0.233333
1 0.216406 0.740625 0.204688 0.222917
1 0.886719 0.340625 0.157813 0.210417
1 0.107031 0.516667 0.167187 0.233333
1 0.253906 0.037500 0.139063 0.075000
1 0.560156 0.973958 0.154688 0.047917
1 0.971875 0.157292 0.056250 0.206250
1 0.020313 0.637500 0.040625 0.220833
1 0.961719 0.870833 0.076563 0.254167
1 0.355469 0.538542 0.192188 0.256250
1 0.221875 0.933333 0.140625 0.129167
1 0.043750 0.267708 0.087500 0.247917
1 0.656250 0.340625 0.134375 0.272917
1 0.655469 0.622917 0.176563 0.229167
1 0.635156 0.084375 0.145313 0.168750
1 0.064844 0.898958 0.129688 0.202083
1 0.107031 0.068750 0.170313 0.137500
1 0.953125 0.593750 0.093750 0.204167
0 0.421875 0.245833 0.371875 0.491667
1 0.382031 0.933333 0.148438 0.133333
1 0.785156 0.095833 0.167187 0.191667
1 0.675000 0.779167 0.162500 0.233333
1 0.216406 0.740625 0.204688 0.222917
1 0.886719 0.340625 0.157813 0.210417
1 0.107031 0.516667 0.167187 0.233333
1 0.253906 0.037500 0.139063 0.075000
1 0.560156 0.973958 0.154688 0.047917
1 0.971875 0.157292 0.056250 0.206250
1 0.020313 0.637500 0.040625 0.220833
1 0.961719 0.870833 0.076563 0.254167
1 0.355469 0.538542 0.192188 0.256250
1 0.221875 0.933333 0.140625 0.129167
1 0.043750 0.267708 0.087500 0.247917
1 0.656250 0.340625 0.134375 0.272917
1 0.655469 0.622917 0.176563 0.229167
1 0.635156 0.084375 0.145313 0.168750
1 0.064844 0.898958 0.129688 0.202083
1 0.107031 0.068750 0.170313 0.137500
1 0.953125 0.593750 0.093750 0.204167
0 0.421875 0.245833 0.371875 0.491667
1 0.382031 0.933333 0.148438 0.133333
1 0.785156 0.095833 0.167187 0.191667
1 0.675000 0.779167 0.162500 0.233333
1 0.216406 0.740625 0.204688 0.222917
1 0.886719 0.340625 0.157813 0.210417
1 0.107031 0.516667 0.167187 0.233333
1 0.253906 0.037500 0.139063 0.075000
1 0.560156 0.973958 0.154688 0.047917
1 0.971875 0.157292 0.056250 0.206250
1 0.020313 0.637500 0.040625 0.220833
1 0.961719 0.870833 0.076563 0.254167
1 0.355469 0.538542 0.192188 0.256250
1 0.221875 0.933333 0.140625 0.129167
1 0.043750 0.267708 0.087500 0.247917
1 0.656250 0.340625 0.134375 0.272917
1 0.655469 0.622917 0.176563 0.229167
1 0.635156 0.084375 0.145313 0.168750
1 0.064844 0.898958 0.129688 0.202083
1 0.107031 0.068750 0.170313 0.137500
1 0.953125 0.593750 0.093750 0.204167
0 0.421875 0.245833 0.371875 0.491667
1 0.382031 0.933333 0.148438 0.133333
1 0.785156 0.095833 0.167187 0.191667
1 0.675000 0.779167 0.162500 0.233333
1 0.216406 0.740625 0.204688 0.222917
1 0.886719 0.340625 0.157813 0.210417
1 0.107031 0.516667 0.167187 0.233333
1 0.253906 0.037500 0.139063 0.075000
1 0.560156 0.973958 0.154688 0.047917
1 0.971875 0.157292 0.056250 0.206250
1 0.020313 0.637500 0.040625 0.220833
1 0.961719 0.870833 0.076563 0.254167
1 0.355469 0.538542 0.192188 0.256250
1 0.221875 0.933333 0.140625 0.129167
1 0.043750 0.267708 0.087500 0.247917
1 0.656250 0.340625 0.134375 0.272917
1 0.655469 0.622917 0.176563 0.229167
1 0.635156 0.084375 0.145313 0.168750
1 0.064844 0.898958 0.129688 0.202083
1 0.107031 0.068750 0.170313 0.137500
1 0.953125 0.593750 0.093750 0.204167
0 0.421875 0.245833 0.371875 0.491667
1 0.382031 0.933333 0.148438 0.133333
1 0.785156 0.095833 0.167187 0.191667
1 0.675000 0.779167 0.162500 0.233333
1 0.216406 0.740625 0.204688 0.222917
1 0.886719 0.340625 0.157813 0.210417
1 0.107031 0.516667 0.167187 0.233333
1 0.253906 0.037500 0.139063 0.075000
1 0.560156 0.973958 0.154688 0.047917
1 0.971875 0.157292 0.056250 0.206250
1 0.020313 0.637500 0.040625 0.220833
1 0.961719 0.870833 0.076563 0.254167
1 0.355469 0.538542 0.192188 0.256250
1 0.221875 0.933333 0.140625 0.129167
1 0.043750 0.267708 0.087500 0.247917
1 0.656250 0.340625 0.134375 0.272917
1 0.655469 0.622917 0.176563 0.229167
1 0.635156 0.084375 0.145313 0.168750
1 0.064844 0.898958 0.129688 0.202083
1 0.107031 0.068750 0.170313 0.137500
1 0.953125 0.593750 0.093750 0.204167
0 0.421875 0.245833 0.371875 0.491667
1 0.382031 0.933333 0.148438 0.133333
1 0.785156 0.095833 0.167187 0.191667
1 0.675000 0.779167 0.162500 0.233333
1 0.216406 0.740625 0.204688 0.222917
1 0.886719 0.340625 0.157813 0.210417
1 0.107031 0.516667 0.167187 0.233333
1 0.253906 0.037500 0.139063 0.075000
1 0.560156 0.973958 0.154688 0.047917
1 0.971875 0.157292 0.056250 0.206250
1 0.020313 0.637500 0.040625 0.220833
1 0.961719 0.870833 0.076563 0.254167
1 0.355469 0.538542 0.192188 0.256250
1 0.221875 0.933333 0.140625 0.129167
1 0.043750 0.267708 0.087500 0.247917
1 0.656250 0.340625 0.134375 0.272917
1 0.655469 0.622917 0.176563 0.229167
1 0.635156 0.084375 0.145313 0.168750
1 0.064844 0.898958 0.129688 0.202083
1 0.107031 0.068750 0.170313 0.137500
1 0.953125 0.593750 0.093750 0.204167
0 0.421875 0.245833 0.371875 0.491667
1 0.382031 0.933333 0.148438 0.133333
1 0.785156 0.095833 0.167187 0.191667
1 0.675000 0.779167 0.162500 0.233333
1 0.216406 0.740625 0.204688 0.222917
1 0.886719 0.340625 0.157813 0.210417
1 0.107031 0.516667 0.167187 0.233333
1 0.253906 0.037500 0.139063 0.075000
1 0.560156 0.973958 0.154688 0.047917
1 0.971875 0.157292 0.056250 0.206250
1 0.020313 0.637500 0.040625 0.220833
1 0.961719 0.870833 0.076563 0.254167
1 0.355469 0.538542 0.192188 0.256250
1 0.221875 0.933333 0.140625 0.129167
1 0.043750 0.267708 0.087500 0.247917
1 0.656250 0.340625 0.134375 0.272917
1 0.655469 0.622917 0.176563 0.229167
1 0.635156 0.084375 0.145313 0.168750
1 0.064844 0.898958 0.129688 0.202083
1 0.107031 0.068750 0.170313 0.137500
1 0.953125 0.593750 0.093750 0.204167
0 0.421875 0.245833 0.371875 0.491667
1 0.382031 0.933333 0.148438 0.133333
1 0.785156 0.095833 0.167187 0.191667
1 0.675000 0.779167 0.162500 0.233333
1 0.216406 0.740625 0.204688 0.222917
1 0.886719 0.340625 0.157813 0.210417
1 0.107031 0.516667 0.167187 0.233333
1 0.253906 0.037500 0.139063 0.075000
1 0.560156 0.973958 0.154688 0.047917
1 0.971875 0.157292 0.056250 0.206250
1 0.020313 0.637500 0.040625 0.220833
1 0.961719 0.870833 0.076563 0.254167
1 0.355469 0.538542 0.192188 0.256250
1 0.221875 0.933333 0.140625 0.129167
1 0.043750 0.267708 0.087500 0.247917
1 0.656250 0.340625 0.134375 0.272917
1 0.655469 0.622917 0.176563 0.229167
1 0.635156 0.084375 0.145313 0.168750
1 0.064844 0.898958 0.129688 0.202083
1 0.107031 0.068750 0.170313 0.137500
1 0.953125 0.593750 0.093750 0.204167
0 0.421875 0.245833 0.371875 0.491667
1 0.382031 0.933333 0.148438 0.133333
1 0.785156 0.095833 0.167187 0.191667
1 0.675000 0.779167 0.162500 0.233333
1 0.216406 0.740625 0.204688 0.222917
1 0.886719 0.340625 0.157813 0.210417
1 0.107031 0.516667 0.167187 0.233333
1 0.253906 0.037500 0.139063 0.075000
1 0.560156 0.973958 0.154688 0.047917
1 0.971875 0.157292 0.056250 0.206250
1 0.020313 0.637500 0.040625 0.220833
1 0.961719 0.870833 0.076563 0.254167
1 0.355469 0.538542 0.192188 0.256250
1 0.221875 0.933333 0.140625 0.129167
1 0.043750 0.267708 0.087500 0.247917
1 0.656250 0.340625 0.134375 0.272917
1 0.655469 0.622917 0.176563 0.229167
1 0.635156 0.084375 0.145313 0.168750
1 0.064844 0.898958 0.129688 0.202083
1 0.107031 0.068750 0.170313 0.137500
1 0.953125 0.593750 0.093750 0.204167
0 0.421875 0.245833 0.371875 0.491667
1 0.382031 0.933333 0.148438 0.133333
1 0.785156 0.095833 0.167187 0.191667
1 0.675000 0.779167 0.162500 0.233333
1 0.216406 0.740625 0.204688 0.222917
1 0.886719 0.340625 0.157813 0.210417
1 0.107031 0.516667 0.167187 0.233333
1 0.253906 0.037500 0.139063 0.075000
1 0.560156 0.973958 0.154688 0.047917
1 0.971875 0.157292 0.056250 0.206250
1 0.020313 0.637500 0.040625 0.220833
1 0.961719 0.870833 0.076563 0.254167
1 0.355469 0.538542 0.192188 0.256250
1 0.221875 0.933333 0.140625 0.129167
1 0.043750 0.267708 0.087500 0.247917
1 0.656250 0.340625 0.134375 0.272917
1 0.655469 0.622917 0.176563 0.229167
1 0.635156 0.084375 0.145313 0.168750
1 0.064844 0.898958 0.129688 0.202083
1 0.107031 0.068750 0.170313 0.137500
1 0.953125 0.593750 0.093750 0.204167
0 0.421875 0.245833 0.371875 0.491667
1 0.382031 0.933333 0.148438 0.133333
1 0.785156 0.095833 0.167187 0.191667
1 0.675000 0.779167 0.162500 0.233333
1 0.216406 0.740625 0.204688 0.222917
1 0.886719 0.340625 0.157813 0.210417
1 0.107031 0.516667 0.167187 0.233333
1 0.253906 0.037500 0.139063 0.075000
1 0.560156 0.973958 0.154688 0.047917
1 0.971875 0.157292 0.056250 0.206250
1 0.020313 0.637500 0.040625 0.220833
1 0.961719 0.870833 0.076563 0.254167
1 0.355469 0.538542 0.192188 0.256250
1 0.221875 0.933333 0.140625 0.129167
1 0.043750 0.267708 0.087500 0.247917
1 0.656250 0.340625 0.134375 0.272917
1 0.655469 0.622917 0.176563 0.229167
1 0.635156 0.084375 0.145313 0.168750
1 0.064844 0.898958 0.129688 0.202083
1 0.107031 0.068750 0.170313 0.137500
1 0.953125 0.593750 0.093750 0.204167
0 0.421875 0.245833 0.371875 0.491667
1 0.382031 0.933333 0.148438 0.133333
1 0.785156 0.095833 0.167187 0.191667
1 0.675000 0.779167 0.162500 0.233333
1 0.216406 0.740625 0.204688 0.222917
1 0.886719 0.340625 0.157813 0.210417
1 0.107031 0.516667 0.167187 0.233333
1 0.253906 0.037500 0.139063 0.075000
1 0.560156 0.973958 0.154688 0.047917
1 0.971875 0.157292 0.056250 0.206250
1 0.020313 0.637500 0.040625 0.220833
1 0.961719 0.870833 0.076563 0.254167
1 0.355469 0.538542 0.192188 0.256250
1 0.221875 0.933333 0.140625 0.129167
1 0.043750 0.267708 0.087500 0.247917
1 0.656250 0.340625 0.134375 0.272917
1 0.655469 0.622917 0.176563 0.229167
1 0.635156 0.084375 0.145313 0.168750
1 0.064844 0.898958 0.129688 0.202083
1 0.107031 0.068750 0.170313 0.137500
1 0.953125 0.593750 0.093750 0.204167
0 0.421875 0.245833 0.371875 0.491667
1 0.382031 0.933333 0.148438 0.133333
1 0.785156 0.095833 0.167187 0.191667
1 0.675000 0.779167 0.162500 0.233333
1 0.216406 0.740625 0.204688 0.222917
1 0.886719 0.340625 0.157813 0.210417
1 0.107031 0.516667 0.167187 0.233333
