2 0.602344 0.262500 0.076563 0.087500
1 0.681250 0.953125 0.168750 0.093750
1 0.320312 0.578125 0.187500 0.260417
1 0.821094 0.063542 0.210938 0.127083
1 0.957031 0.092708 0.085938 0.185417
1 0.525000 0.708333 0.146875 0.183333
1 0.961719 0.709375 0.073438 0.243750
1 0.647656 0.032292 0.176563 0.064583
1 0.890625 0.945833 0.184375 0.108333
1 0.389844 0.903125 0.192188 0.193750
2 0.588281 0.287500 0.070312 0.091667
1 0.662500 0.667708 0.178125 0.218750
1 0.114844 0.909375 0.142188 0.172917
2 0.052344 0.256250 0.064062 0.083333
1 0.137500 0.436458 0.162500 0.147917
2 0.629687 0.228125 0.071875 0.081250
0 0.085156 0.603125 0.164062 0.260417
1 0.845313 0.573958 0.193750 0.256250
1 0.450781 0.158333 0.189063 0.225000
1 0.682813 0.398958 0.165625 0.202083
2 0.602344 0.262500 0.076563 0.087500
1 0.681250 0.953125 0.168750 0.093750
1 0.320312 0.578125 0.187500 0.260417
1 0.821094 0.063542 0.210938 0.127083
1 0.957031 0.092708 0.085938 0.185417
1 0.525000 0.708333 0.146875 0.183333
1 0.961719 0.709375 0.073438 0.243750
1 0.647656 0.032292 0.176563 0.064583
1 0.890625 0.945833 0.184375 0.108333
1 0.389844 0.903125 0.192188 0.193750
2 0.588281 0.287500 0.070312 0.091667
1 0.662500 0.667708 0.178125 0.218750
1 0.114844 0.909375 0.142188 0.172917
2 0.052344 0.256250 0.064062 0.083333
1 0.137500 0.436458 0.162500 0.147917
2 0.629687 0.228125 0.071875 0.081250
0 0.085156 0.603125 0.164062 0.260417
1 0.845313 0.573958 0.193750 0.256250
1 0.450781 0.158333 0.189063 0.225000
1 0.682813 0.398958 0.165625 0.202083
2 0.602344 0.262500 0.076563 0.087500
1 0.681250 0.953125 0.168750 0.093750
1 0.320312 0.578125 0.187500 0.260417
1 0.821094 0.063542 0.210938 0.127083
1 0.957031 0.092708 0.085938 0.185417
1 0.525000 0.708333 0.146875 0.183333
1 0.961719 0.709375 0.073438 0.243750
1 0.647656 0.032292 0.176563 0.064583
1 0.890625 0.945833 0.184375 0.108333
1 0.389844 0.903125 0.192188 0.193750
2 0.588281 0.287500 0.070312 0.091667
1 0.662500 0.667708 0.178125 0.218750
1 0.114844 0.909375 0.142188 0.172917
2 0.052344 0.256250 0.064062 0.083333
1 0.137500 0.436458 0.162500 0.147917
2 0.629687 0.228125 0.071875 0.081250
0 0.085156 0.603125 0.164062 0.260417
1 0.845313 0.573958 0.193750 0.256250
1 0.450781 0.158333 0.189063 0.225000
1 0.682813 0.398958 0.165625 0.202083
2 0.602344 0.262500 0.076563 0.087500
1 0.681250 0.953125 0.168750 0.093750
1 0.320312 0.578125 0.187500 0.260417
1 0.821094 0.063542 0.210938 0.127083
1 0.957031 0.092708 0.085938 0.185417
1 0.525000 0.708333 0.146875 0.183333
1 0.961719 0.709375 0.073438 0.243750
1 0.647656 0.032292 0.176563 0.064583
1 0.890625 0.945833 0.184375 0.108333
1 0.389844 0.903125 0.192188 0.193750
2 0.588281 0.287500 0.070312 0.091667
1 0.662500 0.667708 0.178125 0.218750
1 0.114844 0.909375 0.142188 0.172917
2 0.052344 0.256250 0.064062 0.083333
1 0.137500 0.436458 0.162500 0.147917
2 0.629687 0.228125 0.071875 0.081250
0 0.085156 0.603125 0.164062 0.260417
1 0.845313 0.573958 0.193750 0.256250
1 0.450781 0.158333 0.189063 0.225000
1 0.682813 0.398958 0.165625 0.202083
2 0.602344 0.262500 0.076563 0.087500
1 0.681250 0.953125 0.168750 0.093750
1 0.320312 0.578125 0.187500 0.260417
1 0.821094 0.063542 0.210938 0.127083
1 0.957031 0.092708 0.085938 0.185417
1 0.525000 0.708333 0.146875 0.183333
1 0.961719 0.709375 0.073438 0.243750
1 0.647656 0.032292 0.176563 0.064583
1 0.890625 0.945833 0.184375 0.108333
1 0.389844 0.903125 0.192188 0.193750
2 0.588281 0.287500 0.070312 0.091667
1 0.662500 0.667708 0.178125 0.218750
1 0.114844 0.909375 0.142188 0.172917
2 0.052344 0.256250 0.064062 0.083333
1 0.137500 0.436458 0.162500 0.147917
2 0.629687 0.228125 0.071875 0.081250
0 0.085156 0.603125 0.164062 0.260417
1 0.845313 0.573958 0.193750 0.256250
1 0.450781 0.158333 0.189063 0.225000
1 0.682813 0.398958 0.165625 0.202083
2 0.602344 0.262500 0.076563 0.087500
1 0.681250 0.953125 0.168750 0.093750
1 0.320312 0.578125 0.187500 0.260417
1 0.821094 0.063542 0.210938 0.127083
1 0.957031 0.092708 0.085938 0.185417
1 0.525000 0.708333 0.146875 0.183333
1 0.961719 0.709375 0.073438 0.243750
1 0.647656 0.032292 0.176563 0.064583
1 0.890625 0.945833 0.184375 0.108333
1 0.389844 0.903125 0.192188 0.193750
2 0.588281 0.287500 0.070312 0.091667
1 0.662500 0.667708 0.178125 0.218750
1 0.114844 0.909375 0.142188 0.172917
2 0.052344 0.256250 0.064062 0.083333
1 0.137500 0.436458 0.162500 0.147917
2 0.629687 0.228125 0.071875 0.081250
0 0.085156 0.603125 0.164062 0.260417
1 0.845313 0.573958 0.193750 0.256250
1 0.450781 0.158333 0.189063 0.225000
1 0.682813 0.398958 0.165625 0.202083
2 0.602344 0.262500 0.076563 0.087500
1 0.681250 0.953125 0.168750 0.093750
1 0.320312 0.578125 0.187500 0.260417
1 0.821094 0.063542 0.210938 0.127083
1 0.957031 0.092708 0.085938 0.185417
1 0.525000 0.708333 0.146875 0.183333
1 0.961719 0.709375 0.073438 0.243750
1 0.647656 0.032292 0.176563 0.064583
1 0.890625 0.945833 0.184375 0.108333
1 0.389844 0.903125 0.192188 0.193750
2 0.588281 0.287500 0.070312 0.091667
1 0.662500 0.667708 0.178125 0.218750
1 0.114844 0.909375 0.142188 0.172917
2 0.052344 0.256250 0.064062 0.083333
1 0.137500 0.436458 0.162500 0.147917
2 0.629687 0.228125 0.071875 0.081250
0 0.085156 0.603125 0.164062 0.260417
1 0.845313 0.573958 0.193750 0.256250
1 0.450781 0.158333 0.189063 0.225000
1 0.682813 0.398958 0.165625 0.202083
2 0.602344 0.262500 0.076563 0.087500
1 0.681250 0.953125 0.168750 0.093750
1 0.320312 0.578125 0.187500 0.260417
1 0.821094 0.063542 0.210938 0.127083
1 0.957031 0.092708 0.085938 0.185417
1 0.525000 0.708333 0.146875 0.183333
1 0.961719 0.709375 0.073438 0.243750
1 0.647656 0.032292 0.176563 0.064583
1 0.890625 0.945833 0.184375 0.108333
1 0.389844 0.903125 0.192188 0.193750
2 0.588281 0.287500 0.070312 0.091667
1 0.662500 0.667708 0.178125 0.218750
1 0.114844 0.909375 0.142188 0.172917
2 0.052344 0.256250 0.064062 0.083333
1 0.137500 0.436458 0.162500 0.147917
2 0.629687 0.228125 0.071875 0.081250
0 0.085156 0.603125 0.164062 0.260417
1 0.845313 0.573958 0.193750 0.256250
1 0.450781 0.158333 0.189063 0.225000
1 0.682813 0.398958 0.165625 0.202083
2 0.602344 0.262500 0.076563 0.087500
1 0.681250 0.953125 0.168750 0.093750
1 0.320312 0.578125 0.187500 0.260417
1 0.821094 0.063542 0.210938 0.127083
1 0.957031 0.092708 0.085938 0.185417
1 0.525000 0.708333 0.146875 0.183333
1 0.961719 0.709375 0.073438 0.243750
1 0.647656 0.032292 0.176563 0.064583
1 0.890625 0.945833 0.184375 0.108333
1 0.389844 0.903125 0.192188 0.193750
2 0.588281 0.287500 0.070312 0.091667
1 0.662500 0.667708 0.178125 0.218750
1 0.114844 0.909375 0.142188 0.172917
2 0.052344 0.256250 0.064062 0.083333
1 0.137500 0.436458 0.162500 0.147917
2 0.629687 0.228125 0.071875 0.081250
0 0.085156 0.603125 0.164062 0.260417
1 0.845313 0.573958 0.193750 0.256250
1 0.450781 0.158333 0.189063 0.225000
1 0.682813 0.398958 0.165625 0.202083
2 0.602344 0.262500 0.076563 0.087500
1 0.681250 0.953125 0.168750 0.093750
1 0.320312 0.578125 0.187500 0.260417
1 0.821094 0.063542 0.210938 0.127083
1 0.957031 0.092708 0.085938 0.185417
1 0.525000 0.708333 0.146875 0.183333
1 0.961719 0.709375 0.073438 0.243750
1 0.647656 0.032292 0.176563 0.064583
1 0.890625 0.945833 0.184375 0.108333
1 0.389844 0.903125 0.192188 0.193750
2 0.588281 0.287500 0.070312 0.091667
1 0.662500 0.667708 0.178125 0.218750
1 0.114844 0.909375 0.142188 0.172917
2 0.052344 0.256250 0.064062 0.083333
1 0.137500 0.436458 0.162500 0.147917
2 0.629687 0.228125 0.071875 0.081250
0 0.085156 0.603125 0.164062 0.260417
1 0.845313 0.573958 0.193750 0.256250
1 0.450781 0.158333 0.189063 0.225000
1 0.682813 0.398958 0.165625 0.202083
2 0.602344 0.262500 0.076563 0.087500
1 0.681250 0.953125 0.168750 0.093750
1 0.320312 0.578125 0.187500 0.260417
1 0.821094 0.063542 0.210938 0.127083
1 0.957031 0.092708 0.085938 0.185417
1 0.525000 0.708333 0.146875 0.183333
1 0.961719 0.709375 0.073438 0.243750
1 0.647656 0.032292 0.176563 0.064583
1 0.890625 0.945833 0.184375 0.108333
1 0.389844 0.903125 0.192188 0.193750
2 0.588281 0.287500 0.070312 0.091667
1 0.662500 0.667708 0.178125 0.218750
1 0.114844 0.909375 0.142188 0.172917
2 0.052344 0.256250 0.064062 0.083333
1 0.137500 0.436458 0.162500 0.147917
2 0.629687 0.228125 0.071875 0.081250
0 0.085156 0.603125 0.164062 0.260417
1 0.845313 0.573958 0.193750 0.256250
1 0.450781 0.158333 0.189063 0.225000
1 0.682813 0.398958 0.165625 0.202083
2 0.602344 0.262500 0.076563 0.087500
1 0.681250 0.953125 0.168750 0.093750
1 0.320312 0.578125 0.187500 0.260417
1 0.821094 0.063542 0.210938 0.127083
1 0.957031 0.092708 0.085938 0.185417
1 0.525000 0.708333 0.146875 0.183333
1 0.961719 0.709375 0.073438 0.243750
1 0.647656 0.032292 0.176563 0.064583
1 0.890625 0.945833 0.184375 0.108333
1 0.389844 0.903125 0.192188 0.193750
2 0.588281 0.287500 0.070312 0.091667
1 0.662500 0.667708 0.178125 0.218750
1 0.114844 0.909375 0.142188 0.172917
2 0.052344 0.256250 0.064062 0.083333
1 0.137500 0.436458 0.162500 0.147917
2 0.629687 0.228125 0.071875 0.081250
0 0.085156 0.603125 0.164062 0.260417
1 0.845313 0.573958 0.193750 0.256250
1 0.450781 0.158333 0.189063 0.225000
1 0.682813 0.398958 0.165625 0.202083
2 0.602344 0.262500 0.076563 0.087500
1 0.681250 0.953125 0.168750 0.093750
1 0.320312 0.578125 0.187500 0.260417
1 0.821094 0.063542 0.210938 0.127083
1 0.957031 0.092708 0.085938 0.185417
1 0.525000 0.708333 0.146875 0.183333
1 0.961719 0.709375 0.073438 0.243750
1 0.647656 0.032292 0.176563 0.064583
1 0.890625 0.945833 0.184375 0.108333
1 0.389844 0.903125 0.192188 0.193750
2 0.588281 0.287500 0.070312 0.091667
1 0.662500 0.667708 0.178125 0.218750
1 0.114844 0.909375 0.142188 0.172917
2 0.052344 0.256250 0.064062 0.083333
1 0.137500 0.436458 0.162500 0.147917
2 0.629687 0.228125 0.071875 0.081250
0 0.085156 0.603125 0.164062 0.260417
1 0.845313 0.573958 0.193750 0.256250
1 0.450781 0.158333 0.189063 0.225000
1 0.682813 0.398958 0.165625 0.202083
2 0.602344 0.262500 0.076563 0.087500
1 0.681250 0.953125 0.168750 0.093750
1 0.320312 0.578125 0.187500 0.260417
1 0.821094 0.063542 0.210938 0.127083
1 0.957031 0.092708 0.085938 0.185417
1 0.525000 0.708333 0.146875 0.183333
1 0.961719 0.709375 0.073438 0.243750
1 0.647656 0.032292 0.176563 0.064583
1 0.890625 0.945833 0.184375 0.108333
1 0.389844 0.903125 0.192188 0.193750
2 0.588281 0.287500 0.070312 0.091667
1 0.662500 0.667708 0.178125 0.218750
1 0.114844 0.909375 0.142188 0.172917
2 0.052344 0.256250 0.064062 0.083333
1 0.137500 0.436458 0.162500 0.147917
2 0.629687 0.228125 0.071875 0.081250
0 0.085156 0.603125 0.164062 0.260417
1 0.845313 0.573958 0.193750 0.256250
1 0.450781 0.158333 0.189063 0.225000
1 0.682813 0.398958 0.165625 0.202083
2 0.602344 0.262500 0.076563 0.087500
1 0.681250 0.953125 0.168750 0.093750
1 0.320312 0.578125 0.187500 0.260417
1 0.821094 0.063542 0.210938 0.127083
1 0.957031 0.092708 0.085938 0.185417
1 0.525000 0.708333 0.146875 0.183333
1 0.961719 0.709375 0.073438 0.243750
1 0.647656 0.032292 0.176563 0.064583
1 0.890625 0.945833 0.184375 0.108333
1 0.389844 0.903125 0.192188 0.193750
2 0.588281 0.287500 0.070312 0.091667
1 0.662500 0.667708 0.178125 0.218750
1 0.114844 0.909375 0.142188 0.172917
2 0.052344 0.256250 0.064062 0.083333
1 0.137500 0.436458 0.162500 0.147917
2 0.629687 0.228125 0.071875 0.081250
0 0.085156 0.603125 0.164062 0.260417
1 0.845313 0.573958 0.193750 0.256250
1 0.450781 0.158333 0.189063 0.225000
1 0.682813 0.398958 0.165625 0.202083
2 0.602344 0.262500 0.076563 0.087500
1 0.681250 0.953125 0.168750 0.093750
1 0.320312 0.578125 0.187500 0.260417
1 0.821094 0.063542 0.210938 0.127083
1 0.957031 0.092708 0.085938 0.185417
1 0.525000 0.708333 0.146875 0.183333
1 0.961719 0.709375 0.073438 0.243750
1 0.647656 0.032292 0.176563 0.064583
1 0.890625 0.945833 0.184375 0.108333
1 0.389844 0.903125 0.192188 0.193750
2 0.588281 0.287500 0.070312 0.091667
1 0.662500 0.667708 0.178125 0.218750
1 0.114844 0.909375 0.142188 0.172917
2 0.052344 0.256250 0.064062 0.083333
1 0.137500 0.436458 0.162500 0.147917
2 0.629687 0.228125 0.071875 0.081250
0 0.085156 0.603125 0.164062 0.260417
1 0.845313 0.573958 0.193750 0.256250
1 0.450781 0.158333 0.189063 0.225000
1 0.682813 0.398958 0.165625 0.202083
2 0.602344 0.262500 0.076563 0.087500
1 0.681250 0.953125 0.168750 0.093750
1 0.320312 0.578125 0.187500 0.260417
1 0.821094 0.063542 0.210938 0.127083
1 0.957031 0.092708 0.085938 0.185417
1 0.525000 0.708333 0.146875 0.183333
1 0.961719 0.709375 0.073438 0.243750
1 0.647656 0.032292 0.176563 0.064583
1 0.890625 0.945833 0.184375 0.108333
1 0.389844 0.903125 0.192188 0.193750
2 0.588281 0.287500 0.070312 0.091667
1 0.662500 0.667708 0.178125 0.218750
1 0.114844 0.909375 0.142188 0.172917
2 0.052344 0.256250 0.064062 0.083333
1 0.137500 0.436458 0.162500 0.147917
2 0.629687 0.228125 0.071875 0.081250
0 0.085156 0.603125 0.164062 0.260417
1 0.845313 0.573958 0.193750 0.256250
1 0.450781 0.158333 0.189063 0.225000
1 0.682813 0.398958 0.165625 0.202083
2 0.602344 0.262500 0.076563 0.087500
1 0.681250 0.953125 0.168750 0.093750
1 0.320312 0.578125 0.187500 0.260417
1 0.821094 0.063542 0.210938 0.127083
1 0.957031 0.092708 0.085938 0.185417
1 0.525000 0.708333 0.146875 0.183333
1 0.961719 0.709375 0.073438 0.243750
1 0.647656 0.032292 0.176563 0.064583
1 0.890625 0.945833 0.184375 0.108333
1 0.389844 0.903125 0.192188 0.193750
2 0.588281 0.287500 0.070312 0.091667
1 0.662500 0.667708 0.178125 0.218750
1 0.114844 0.909375 0.142188 0.172917
2 0.052344 0.256250 0.064062 0.083333
1 0.137500 0.436458 0.162500 0.147917
2 0.629687 0.228125 0.071875 0.081250
0 0.085156 0.603125 0.164062 0.260417
1 0.845313 0.573958 0.193750 0.256250
1 0.450781 0.158333 0.189063 0.225000
1 0.682813 0.398958 0.165625 0.202083
2 0.602344 0.262500 0.076563 0.087500
1 0.681250 0.953125 0.168750 0.093750
1 0.320312 0.578125 0.187500 0.260417
1 0.821094 0.063542 0.210938 0.127083
1 0.957031 0.092708 0.085938 0.185417
1 0.525000 0.708333 0.146875 0.183333
1 0.961719 0.709375 0.073438 0.243750
1 0.647656 0.032292 0.176563 0.064583
1 0.890625 0.945833 0.184375 0.108333
1 0.389844 0.903125 0.192188 0.193750
2 0.588281 0.287500 0.070312 0.091667
1 0.662500 0.667708 0.178125 0.218750
1 0.114844 0.909375 0.142188 0.172917
2 0.052344 0.256250 0.064062 0.083333
1 0.137500 0.436458 0.162500 0.147917
2 0.629687 0.228125 0.071875 0.081250
0 0.085156 0.603125 0.164062 0.260417
1 0.845313 0.573958 0.193750 0.256250
1 0.450781 0.158333 0.189063 0.225000
1 0.682813 0.398958 0.165625 0.202083
2 0.602344 0.262500 0.076563 0.087500
1 0.681250 0.953125 0.168750 0.093750
1 0.320312 0.578125 0.187500 0.260417
1 0.821094 0.063542 0.210938 0.127083
1 0.957031 0.092708 0.085938 0.185417
1 0.525000 0.708333 0.146875 0.183333
1 0.961719 0.709375 0.073438 0.243750
1 0.647656 0.032292 0.176563 0.064583
1 0.890625 0.945833 0.184375 0.108333
1 0.389844 0.903125 0.192188 0.193750
2 0.588281 0.287500 0.070312 0.091667
1 0.662500 0.667708 0.178125 0.218750
1 0.114844 0.909375 0.142188 0.172917
2 0.052344 0.256250 0.064062 0.083333
1 0.137500 0.436458 0.162500 0.147917
2 0.629687 0.228125 0.071875 0.081250
0 0.085156 0.603125 0.164062 0.260417
1 0.845313 0.573958 0.193750 0.256250
1 0.450781 0.158333 0.189063 0.225000
1 0.682813 0.398958 0.165625 0.202083
