1 0.925781 0.079167 0.148438 0.158333
1 0.385156 0.376042 0.217188 0.306250
1 0.410938 0.897917 0.190625 0.200000
1 0.502344 0.332292 0.132812 0.222917
2 0.788281 0.647917 0.070312 0.087500
1 0.647656 0.098958 0.170313 0.197917
1 0.257031 0.560417 0.201563 0.241667
1 0.949219 0.647917 0.098438 0.225000
1 0.091406 0.835417 0.179688 0.283333
1 0.650781 0.757292 0.167187 0.210417
0 0.121875 0.109375 0.231250 0.210417
1 0.539844 0.888542 0.167187 0.214583
1 0.774219 0.161458 0.176563 0.214583
1 0.815625 0.527083 0.181250 0.208333
1 0.925781 0.079167 0.148438 0.158333
1 0.385156 0.376042 0.217188 0.306250
1 0.410938 0.897917 0.190625 0.200000
1 0.502344 0.332292 0.132812 0.222917
2 0.788281 0.647917 0.070312 0.087500
1 0.647656 0.098958 0.170313 0.197917
1 0.257031 0.560417 0.201563 0.241667
1 0.949219 0.647917 0.098438 0.225000
1 0.091406 0.835417 0.179688 0.283333
1 0.650781 0.757292 0.167187 0.210417
0 0.121875 0.109375 0.231250 0.210417
1 0.539844 0.888542 0.167187 0.214583
1 0.774219 0.161458 0.176563 0.214583
1 0.815625 0.527083 0.181250 0.208333
1 0.925781 0.079167 0.148438 0.158333
1 0.385156 0.376042 0.217188 0.306250
1 0.410938 0.897917 0.190625 0.200000
1 0.502344 0.332292 0.132812 0.222917
2 0.788281 0.647917 0.070312 0.087500
1 0.647656 0.098958 0.170313 0.197917
1 0.257031 0.560417 0.201563 0.241667
1 0.949219 0.647917 0.098438 0.225000
1 0.091406 0.835417 0.179688 0.283333
1 0.650781 0.757292 0.167187 0.210417
0 0.121875 0.109375 0.231250 0.210417
1 0.539844 0.888542 0.167187 0.214583
1 0.774219 0.161458 0.176563 0.214583
1 0.815625 0.527083 0.181250 0.208333
1 0.925781 0.079167 0.148438 0.158333
1 0.385156 0.376042 0.217188 0.306250
1 0.410938 0.897917 0.190625 0.200000
1 0.502344 0.332292 0.132812 0.222917
2 0.788281 0.647917 0.070312 0.087500
1 0.647656 0.098958 0.170313 0.197917
1 0.257031 0.560417 0.201563 0.241667
1 0.949219 0.647917 0.098438 0.225000
1 0.091406 0.835417 0.179688 0.283333
1 0.650781 0.757292 0.167187 0.210417
0 0.121875 0.109375 0.231250 0.210417
1 0.539844 0.888542 0.167187 0.214583
1 0.774219 0.161458 0.176563 0.214583
1 0.815625 0.527083 0.181250 0.208333
1 0.925781 0.079167 0.148438 0.158333
1 0.385156 0.376042 0.217188 0.306250
1 0.410938 0.897917 0.190625 0.200000
1 0.502344 0.332292 0.132812 0.222917
2 0.788281 0.647917 0.070312 0.087500
1 0.647656 0.098958 0.170313 0.197917
1 0.257031 0.560417 0.201563 0.241667
1 0.949219 0.647917 0.098438 0.225000
1 0.091406 0.835417 0.179688 0.283333
1 0.650781 0.757292 0.167187 0.210417
0 0.121875 0.109375 0.231250 0.210417
1 0.539844 0.888542 0.167187 0.214583
1 0.774219 0.161458 0.176563 0.214583
1 0.815625 0.527083 0.181250 0.208333
1 0.925781 0.079167 0.148438 0.158333
1 0.385156 0.376042 0.217188 0.306250
1 0.410938 0.897917 0.190625 0.200000
1 0.502344 0.332292 0.132812 0.222917
2 0.788281 0.647917 0.070312 0.087500
1 0.647656 0.098958 0.170313 0.197917
1 0.257031 0.560417 0.201563 0.241667
1 0.949219 0.647917 0.098438 0.225000
1 0.091406 0.835417 0.179688 0.283333
1 0.650781 0.757292 0.167187 0.210417
0 0.121875 0.109375 0.231250 0.210417
1 0.539844 0.888542 0.167187 0.214583
1 0.774219 0.161458 0.176563 0.214583
1 0.815625 0.527083 0.181250 0.208333
1 0.925781 0.079167 0.148438 0.158333
1 0.385156 0.376042 0.217188 0.306250
1 0.410938 0.897917 0.190625 0.200000
1 0.502344 0.332292 0.132812 0.222917
2 0.788281 0.647917 0.070312 0.087500
1 0.647656 0.098958 0.170313 0.197917
1 0.257031 0.560417 0.201563 0.241667
1 0.949219 0.647917 0.098438 0.225000
1 0.091406 0.835417 0.179688 0.283333
1 0.650781 0.757292 0.167187 0.210417
0 0.121875 0.109375 0.231250 0.210417
1 0.539844 0.888542 0.167187 0.214583
1 0.774219 0.161458 0.176563 0.214583
1 0.815625 0.527083 0.181250 0.208333
1 0.925781 0.079167 0.148438 0.158333
1 0.385156 0.376042 0.217188 0.306250
1 0.410938 0.897917 0.190625 0.200000
1 0.502344 0.332292 0.132812 0.222917
2 0.788281 0.647917 0.070312 0.087500
1 0.647656 0.098958 0.170313 0.197917
1 0.257031 0.560417 0.201563 0.241667
1 0.949219 0.647917 0.098438 0.225000
1 0.091406 0.835417 0.179688 0.283333
1 0.650781 0.757292 0.167187 0.210417
0 0.121875 0.109375 0.231250 0.210417
1 0.539844 0.888542 0.167187 0.214583
1 0.774219 0.161458 0.176563 0.214583
1 0.815625 0.527083 0.181250 0.208333
1 0.925781 0.079167 0.148438 0.158333
1 0.385156 0.376042 0.217188 0.306250
1 0.410938 0.897917 0.190625 0.200000
1 0.502344 0.332292 0.132812 0.222917
2 0.788281 0.647917 0.070312 0.087500
1 0.647656 0.098958 0.170313 0.197917
1 0.257031 0.560417 0.201563 0.241667
1 0.949219 0.647917 0.098438 0.225000
1 0.091406 0.835417 0.179688 0.283333
1 0.650781 0.757292 0.167187 0.210417
0 0.121875 0.109375 0.231250 0.210417
1 0.539844 0.888542 0.167187 0.214583
1 0.774219 0.161458 0.176563 0.214583
1 0.815625 0.527083 0.181250 0.208333
1 0.925781 0.079167 0.148438 0.158333
1 0.385156 0.376042 0.217188 0.306250
1 0.410938 0.897917 0.190625 0.200000
1 0.502344 0.332292 0.132812 0.222917
2 0.788281 0.647917 0.070312 0.087500
1 0.647656 0.098958 0.170313 0.197917
1 0.257031 0.560417 0.201563 0.241667
1 0.949219 0.647917 0.098438 0.225000
1 0.091406 0.835417 0.179688 0.283333
1 0.650781 0.757292 0.167187 0.210417
0 0.121875 0.109375 0.231250 0.210417
1 0.539844 0.888542 0.167187 0.214583
1 0.774219 0.161458 0.176563 0.214583
1 0.815625 0.527083 0.181250 0.208333
1 0.925781 0.079167 0.148438 0.158333
1 0.385156 0.376042 0.217188 0.306250
1 0.410938 0.897917 0.190625 0.200000
1 0.502344 0.332292 0.132812 0.222917
2 0.788281 0.647917 0.070312 0.087500
1 0.647656 0.098958 0.170313 0.197917
1 0.257031 0.560417 0.201563 0.241667
1 0.949219 0.647917 0.098438 0.225000
1 0.091406 0.835417 0.179688 0.283333
1 0.650781 0.757292 0.167187 0.210417
0 0.121875 0.109375 0.231250 0.210417
1 0.539844 0.888542 0.167187 0.214583
1 0.774219 0.161458 0.176563 0.214583
1 0.815625 0.527083 0.181250 0.208333
1 0.925781 0.079167 0.148438 0.158333
1 0.385156 0.376042 0.217188 0.306250
1 0.410938 0.897917 0.190625 0.200000
1 0.502344 0.332292 0.132812 0.222917
2 0.788281 0.647917 0.070312 0.087500
1 0.647656 0.098958 0.170313 0.197917
1 0.257031 0.560417 0.201563 0.241667
1 0.949219 0.647917 0.098438 0.225000
1 0.091406 0.835417 0.179688 0.283333
1 0.650781 0.757292 0.167187 0.210417
0 0.121875 0.109375 0.231250 0.210417
1 0.539844 0.888542 0.167187 0.214583
1 0.774219 0.161458 0.176563 0.214583
1 0.815625 0.527083 0.181250 0.208333
1 0.925781 0.079167 0.148438 0.158333
1 0.385156 0.376042 0.217188 0.306250
1 0.410938 0.897917 0.190625 0.200000
1 0.502344 0.332292 0.132812 0.222917
2 0.788281 0.647917 0.070312 0.087500
1 0.647656 0.098958 0.170313 0.197917
1 0.257031 0.560417 0.201563 0.241667
1 0.949219 0.647917 0.098438 0.225000
1 0.091406 0.835417 0.179688 0.283333
1 0.650781 0.757292 0.167187 0.210417
0 0.121875 0.109375 0.231250 0.210417
1 0.539844 0.888542 0.167187 0.214583
1 0.774219 0.161458 0.176563 0.214583
1 0.815625 0.527083 0.181250 0.208333
1 0.925781 0.079167 0.148438 0.158333
1 0.385156 0.376042 0.217188 0.306250
1 0.410938 0.897917 0.190625 0.200000
1 0.502344 0.332292 0.132812 0.222917
2 0.788281 0.647917 0.070312 0.087500
1 0.647656 0.098958 0.170313 0.197917
1 0.257031 0.560417 0.201563 0.241667
1 0.949219 0.647917 0.098438 0.225000
1 0.091406 0.835417 0.179688 0.283333
1 0.650781 0.757292 0.167187 0.210417
0 0.121875 0.109375 0.231250 0.210417
1 0.539844 0.888542 0.167187 0.214583
1 0.774219 0.161458 0.176563 0.214583
1 0.815625 0.527083 0.181250 0.208333
