1 0.194531 0.161458 0.220313 0.168750
1 0.066406 0.766667 0.132812 0.212500
1 0.923438 0.046875 0.153125 0.093750
1 0.041406 0.066667 0.082813 0.133333
1 0.244531 0.053125 0.179688 0.106250
1 0.943750 0.614583 0.112500 0.229167
1 0.711719 0.455208 0.132812 0.197917
1 0.207813 0.431250 0.171875 0.204167
1 0.881250 0.204167 0.140625 0.195833
1 0.753906 0.923958 0.207813 0.147917
0 0.430469 0.736458 0.385938 0.460417
1 0.578125 0.308333 0.184375 0.233333
1 0.076563 0.217708 0.153125 0.197917
1 0.159375 0.893750 0.165625 0.195833
1 0.194531 0.161458 0.220313 0.168750
1 0.066406 0.766667 0.132812 0.212500
1 0.923438 0.046875 0.153125 0.093750
1 0.041406 0.066667 0.082813 0.133333
1 0.244531 0.053125 0.179688 0.106250
1 0.943750 0.614583 0.112500 0.229167
1 0.711719 0.455208 0.132812 0.197917
1 0.207813 0.431250 0.171875 0.204167
1 0.881250 0.204167 0.140625 0.195833
1 0.753906 0.923958 0.207813 0.147917
0 0.430469 0.736458 0.385938 0.460417
1 0.578125 0.308333 0.184375 0.233333
1 0.076563 0.217708 0.153125 0.197917
1 0.159375 0.893750 0.165625 0.195833
1 0.194531 0.161458 0.220313 0.168750
1 0.066406 0.766667 0.132812 0.212500
1 0.923438 0.046875 0.153125 0.093750
1 0.041406 0.066667 0.082813 0.133333
1 0.244531 0.053125 0.179688 0.106250
1 0.943750 0.614583 0.112500 0.229167
1 0.711719 0.455208 0.132812 0.197917
1 0.207813 0.431250 0.171875 0.204167
1 0.881250 0.204167 0.140625 0.195833
1 0.753906 0.923958 0.207813 0.147917
0 0.430469 0.736458 0.385938 0.460417
1 0.578125 0.308333 0.184375 0.233333
1 0.076563 0.217708 0.153125 0.197917
1 0.159375 0.893750 0.165625 0.195833
1 0.194531 0.161458 0.220313 0.168750
1 0.066406 0.766667 0.132812 0.212500
1 0.923438 0.046875 0.153125 0.093750
1 0.041406 0.066667 0.082813 0.133333
1 0.244531 0.053125 0.179688 0.106250
1 0.943750 0.614583 0.112500 0.229167
1 0.711719 0.455208 0.132812 0.197917
1 0.207813 0.431250 0.171875 0.204167
1 0.881250 0.204167 0.140625 0.195833
1 0.753906 0.923958 0.207813 0.147917
0 0.430469 0.736458 0.385938 0.460417
1 0.578125 0.308333 0.184375 0.233333
1 0.076563 0.217708 0.153125 0.197917
1 0.159375 0.893750 0.165625 0.195833
1 0.194531 0.161458 0.220313 0.168750
1 0.066406 0.766667 0.132812 0.212500
1 0.923438 0.046875 0.153125 0.093750
1 0.041406 0.066667 0.082813 0.133333
1 0.244531 0.053125 0.179688 0.106250
1 0.943750 0.614583 0.112500 0.229167
1 0.711719 0.455208 0.132812 0.197917
1 0.207813 0.431250 0.171875 0.204167
1 0.881250 0.204167 0.140625 0.195833
1 0.753906 0.923958 0.207813 0.147917
0 0.430469 0.736458 0.385938 0.460417
1 0.578125 0.308333 0.184375 0.233333
1 0.076563 0.217708 0.153125 0.197917
1 0.159375 0.893750 0.165625 0.195833
1 0.194531 0.161458 0.220313 0.168750
1 0.066406 0.766667 0.132812 0.212500
1 0.923438 0.046875 0.153125 0.093750
1 0.041406 0.066667 0.082813 0.133333
1 0.244531 0.053125 0.179688 0.106250
1 0.943750 0.614583 0.112500 0.229167
1 0.711719 0.455208 0.132812 0.197917
1 0.207813 0.431250 0.171875 0.204167
1 0.881250 0.204167 0.140625 0.195833
1 0.753906 0.923958 0.207813 0.147917
0 0.430469 0.736458 0.385938 0.460417
1 0.578125 0.308333 0.184375 0.233333
1 0.076563 0.217708 0.153125 0.197917
1 0.159375 0.893750 0.165625 0.195833
1 0.194531 0.161458 0.220313 0.168750
1 0.066406 0.766667 0.132812 0.212500
1 0.923438 0.046875 0.153125 0.093750
1 0.041406 0.066667 0.082813 0.133333
1 0.244531 0.053125 0.179688 0.106250
1 0.943750 0.614583 0.112500 0.229167
1 0.711719 0.455208 0.132812 0.197917
1 0.207813 0.431250 0.171875 0.204167
1 0.881250 0.204167 0.140625 0.195833
1 0.753906 0.923958 0.207813 0.147917
0 0.430469 0.736458 0.385938 0.460417
1 0.578125 0.308333 0.184375 0.233333
1 0.076563 0.217708 0.153125 0.197917
1 0.159375 0.893750 0.165625 0.195833
1 0.194531 0.161458 0.220313 0.168750
1 0.066406 0.766667 0.132812 0.212500
1 0.923438 0.046875 0.153125 0.093750
1 0.041406 0.066667 0.082813 0.133333
1 0.244531 0.053125 0.179688 0.106250
1 0.943750 0.614583 0.112500 0.229167
1 0.711719 0.455208 0.132812 0.197917
1 0.207813 0.431250 0.171875 0.204167
1 0.881250 0.204167 0.140625 0.195833
1 0.753906 0.923958 0.207813 0.147917
0 0.430469 0.736458 0.385938 0.460417
1 0.578125 0.308333 0.184375 0.233333
1 0.076563 0.217708 0.153125 0.197917
1 0.159375 0.893750 0.165625 0.195833
1 0.194531 0.161458 0.220313 0.168750
1 0.066406 0.766667 0.132812 0.212500
1 0.923438 0.046875 0.153125 0.093750
1 0.041406 0.066667 0.082813 0.133333
1 0.244531 0.053125 0.179688 0.106250
1 0.943750 0.614583 0.112500 0.229167
1 0.711719 0.455208 0.132812 0.197917
1 0.207813 0.431250 0.171875 0.204167
1 0.881250 0.204167 0.140625 0.195833
1 0.753906 0.923958 0.207813 0.147917
0 0.430469 0.736458 0.385938 0.460417
1 0.578125 0.308333 0.184375 0.233333
1 0.076563 0.217708 0.153125 0.197917
1 0.159375 0.893750 0.165625 0.195833
1 0.194531 0.161458 0.220313 0.168750
1 0.066406 0.766667 0.132812 0.212500
1 0.923438 0.046875 0.153125 0.093750
1 0.041406 0.066667 0.082813 0.133333
1 0.244531 0.053125 0.179688 0.106250
1 0.943750 0.614583 0.112500 0.229167
1 0.711719 0.455208 0.132812 0.197917
1 0.207813 0.431250 0.171875 0.204167
1 0.881250 0.204167 0.140625 0.195833
1 0.753906 0.923958 0.207813 0.147917
0 0.430469 0.736458 0.385938 0.460417
1 0.578125 0.308333 0.184375 0.233333
1 0.076563 0.217708 0.153125 0.197917
1 0.159375 0.893750 0.165625 0.195833
1 0.194531 0.161458 0.220313 0.168750
1 0.066406 0.766667 0.132812 0.212500
1 0.923438 0.046875 0.153125 0.093750
1 0.041406 0.066667 0.082813 0.133333
1 0.244531 0.053125 0.179688 0.106250
1 0.943750 0.614583 0.112500 0.229167
1 0.711719 0.455208 0.132812 0.197917
1 0.207813 0.431250 0.171875 0.204167
1 0.881250 0.204167 0.140625 0.195833
1 0.753906 0.923958 0.207813 0.147917
0 0.430469 0.736458 0.385938 0.460417
1 0.578125 0.308333 0.184375 0.233333
1 0.076563 0.217708 0.153125 0.197917
1 0.159375 0.893750 0.165625 0.195833
1 0.194531 0.161458 0.220313 0.168750
1 0.066406 0.766667 0.132812 0.212500
1 0.923438 0.046875 0.153125 0.093750
1 0.041406 0.066667 0.082813 0.133333
1 0.244531 0.053125 0.179688 0.106250
1 0.943750 0.614583 0.112500 0.229167
1 0.711719 0.455208 0.132812 0.197917
1 0.207813 0.431250 0.171875 0.204167
1 0.881250 0.204167 0.140625 0.195833
1 0.753906 0.923958 0.207813 0.147917
0 0.430469 0.736458 0.385938 0.460417
1 0.578125 0.308333 0.184375 0.233333
1 0.076563 0.217708 0.153125 0.197917
1 0.159375 0.893750 0.165625 0.195833
1 0.194531 0.161458 0.220313 0.168750
1 0.066406 0.766667 0.132812 0.212500
1 0.923438 0.046875 0.153125 0.093750
1 0.041406 0.066667 0.082813 0.133333
1 0.244531 0.053125 0.179688 0.106250
1 0.943750 0.614583 0.112500 0.229167
1 0.711719 0.455208 0.132812 0.197917
1 0.207813 0.431250 0.171875 0.204167
1 0.881250 0.204167 0.140625 0.195833
1 0.753906 0.923958 0.207813 0.147917
0 0.430469 0.736458 0.385938 0.460417
1 0.578125 0.308333 0.184375 0.233333
1 0.076563 0.217708 0.153125 0.197917
1 0.159375 0.893750 0.165625 0.195833
1 0.194531 0.161458 0.220313 0.168750
1 0.066406 0.766667 0.132812 0.212500
1 0.923438 0.046875 0.153125 0.093750
1 0.041406 0.066667 0.082813 0.133333
1 0.244531 0.053125 0.179688 0.106250
1 0.943750 0.614583 0.112500 0.229167
1 0.711719 0.455208 0.132812 0.197917
1 0.207813 0.431250 0.171875 0.204167
1 0.881250 0.204167 0.140625 0.195833
1 0.753906 0.923958 0.207813 0.147917
0 0.430469 0.736458 0.385938 0.460417
1 0.578125 0.308333 0.184375 0.233333
1 0.076563 0.217708 0.153125 0.197917
1 0.159375 0.893750 0.165625 0.195833
