1 0.972656 0.613542 0.051562 0.202083
1 0.273438 0.030208 0.225000 0.060417
1 0.218750 0.943750 0.128125 0.112500
1 0.021875 0.714583 0.043750 0.225000
1 0.932031 0.392708 0.132812 0.227083
1 0.431250 0.380208 0.209375 0.281250
1 0.153906 0.533333 0.176563 0.191667
1 0.317969 0.555208 0.139063 0.202083
1 0.068750 0.896875 0.137500 0.189583
1 0.614844 0.900000 0.157813 0.200000
1 0.926562 0.877083 0.146875 0.245833
1 0.196094 0.764583 0.164062 0.208333
1 0.860156 0.220833 0.189063 0.250000
1 0.624219 0.269792 0.179688 0.285417
1 0.609375 0.619792 0.156250 0.214583
0 0.407031 0.814583 0.326562 0.370833
1 0.972656 0.613542 0.051562 0.202083
1 0.273438 0.030208 0.225000 0.060417
1 0.218750 0.943750 0.128125 0.112500
1 0.021875 0.714583 0.043750 0.225000
1 0.932031 0.392708 0.132812 0.227083
1 0.431250 0.380208 0.209375 0.281250
1 0.153906 0.533333 0.176563 0.191667
1 0.317969 0.555208 0.139063 0.202083
1 0.068750 0.896875 0.137500 0.189583
1 0.614844 0.900000 0.157813 0.200000
1 0.926562 0.877083 0.146875 0.245833
1 0.196094 0.764583 0.164062 0.208333
1 0.860156 0.220833 0.189063 0.250000
1 0.624219 0.269792 0.179688 0.285417
1 0.609375 0.619792 0.156250 0.214583
0 0.407031 0.814583 0.326562 0.370833
1 0.972656 0.613542 0.051562 0.202083
1 0.273438 0.030208 0.225000 0.060417
1 0.218750 0.943750 0.128125 0.112500
1 0.021875 0.714583 0.043750 0.225000
1 0.932031 0.392708 0.132812 0.227083
1 0.431250 0.380208 0.209375 0.281250
1 0.153906 0.533333 0.176563 0.191667
1 0.317969 0.555208 0.139063 0.202083
1 0.068750 0.896875 0.137500 0.189583
1 0.614844 0.900000 0.157813 0.200000
1 0.926562 0.877083 0.146875 0.245833
1 0.196094 0.764583 0.164062 0.208333
1 0.860156 0.220833 0.189063 0.250000
1 0.624219 0.269792 0.179688 0.285417
1 0.609375 0.619792 0.156250 0.214583
0 0.407031 0.814583 0.326562 0.370833
1 0.972656 0.613542 0.051562 0.202083
1 0.273438 0.030208 0.225000 0.060417
1 0.218750 0.943750 0.128125 0.112500
1 0.021875 0.714583 0.043750 0.225000
1 0.932031 0.392708 0.132812 0.227083
1 0.431250 0.380208 0.209375 0.281250
1 0.153906 0.533333 0.176563 0.191667
1 0.317969 0.555208 0.139063 0.202083
1 0.068750 0.896875 0.137500 0.189583
1 0.614844 0.900000 0.157813 0.200000
1 0.926562 0.877083 0.146875 0.245833
1 0.196094 0.764583 0.164062 0.208333
1 0.860156 0.220833 0.189063 0.250000
1 0.624219 0.269792 0.179688 0.285417
1 0.609375 0.619792 0.156250 0.214583
0 0.407031 0.814583 0.326562 0.370833
1 0.972656 0.613542 0.051562 0.202083
1 0.273438 0.030208 0.225000 0.060417
1 0.218750 0.943750 0.128125 0.112500
1 0.021875 0.714583 0.043750 0.225000
1 0.932031 0.392708 0.132812 0.227083
1 0.431250 0.380208 0.209375 0.281250
1 0.153906 0.533333 0.176563 0.191667
1 0.317969 0.555208 0.139063 0.202083
1 0.068750 0.896875 0.137500 0.189583
1 0.614844 0.900000 0.157813 0.200000
1 0.926562 0.877083 0.146875 0.245833
1 0.196094 0.764583 0.164062 0.208333
1 0.860156 0.220833 0.189063 0.250000
1 0.624219 0.269792 0.179688 0.285417
1 0.609375 0.619792 0.156250 0.214583
0 0.407031 0.814583 0.326562 0.370833
1 0.972656 0.613542 0.051562 0.202083
1 0.273438 0.030208 0.225000 0.060417
1 0.218750 0.943750 0.128125 0.112500
1 0.021875 0.714583 0.043750 0.225000
1 0.932031 0.392708 0.132812 0.227083
1 0.431250 0.380208 0.209375 0.281250
1 0.153906 0.533333 0.176563 0.191667
1 0.317969 0.555208 0.139063 0.202083
1 0.068750 0.896875 0.137500 0.189583
1 0.614844 0.900000 0.157813 0.200000
1 0.926562 0.877083 0.146875 0.245833
1 0.196094 0.764583 0.164062 0.208333
1 0.860156 0.220833 0.189063 0.250000
1 0.624219 0.269792 0.179688 0.285417
1 0.609375 0.619792 0.156250 0.214583
0 0.407031 0.814583 0.326562 0.370833
1 0.972656 0.613542 0.051562 0.202083
1 0.273438 0.030208 0.225000 0.060417
1 0.218750 0.943750 0.128125 0.112500
1 0.021875 0.714583 0.043750 0.225000
1 0.932031 0.392708 0.132812 0.227083
1 0.431250 0.380208 0.209375 0.281250
1 0.153906 0.533333 0.176563 0.191667
1 0.317969 0.555208 0.139063 0.202083
1 0.068750 0.896875 0.137500 0.189583
1 0.614844 0.900000 0.157813 0.200000
1 0.926562 0.877083 0.146875 0.245833
1 0.196094 0.764583 0.164062 0.208333
1 0.860156 0.220833 0.189063 0.250000
1 0.624219 0.269792 0.179688 0.285417
1 0.609375 0.619792 0.156250 0.214583
0 0.407031 0.814583 0.326562 0.370833
1 0.972656 0.613542 0.051562 0.202083
1 0.273438 0.030208 0.225000 0.060417
1 0.218750 0.943750 0.128125 0.112500
1 0.021875 0.714583 0.043750 0.225000
1 0.932031 0.392708 0.132812 0.227083
1 0.431250 0.380208 0.209375 0.281250
1 0.153906 0.533333 0.176563 0.191667
1 0.317969 0.555208 0.139063 0.202083
1 0.068750 0.896875 0.137500 0.189583
1 0.614844 0.900000 0.157813 0.200000
1 0.926562 0.877083 0.146875 0.245833
1 0.196094 0.764583 0.164062 0.208333
1 0.860156 0.220833 0.189063 0.250000
1 0.624219 0.269792 0.179688 0.285417
1 0.609375 0.619792 0.156250 0.214583
0 0.407031 0.814583 0.326562 0.370833
1 0.972656 0.613542 0.051562 0.202083
1 0.273438 0.030208 0.225000 0.060417
1 0.218750 0.943750 0.128125 0.112500
1 0.021875 0.714583 0.043750 0.225000
1 0.932031 0.392708 0.132812 0.227083
1 0.431250 0.380208 0.209375 0.281250
1 0.153906 0.533333 0.176563 0.191667
1 0.317969 0.555208 0.139063 0.202083
1 0.068750 0.896875 0.137500 0.189583
1 0.614844 0.900000 0.157813 0.200000
1 0.926562 0.877083 0.146875 0.245833
1 0.196094 0.764583 0.164062 0.208333
1 0.860156 0.220833 0.189063 0.250000
1 0.624219 0.269792 0.179688 0.285417
1 0.609375 0.619792 0.156250 0.214583
0 0.407031 0.814583 0.326562 0.370833
1 0.972656 0.613542 0.051562 0.202083
1 0.273438 0.030208 0.225000 0.060417
1 0.218750 0.943750 0.128125 0.112500
1 0.021875 0.714583 0.043750 0.225000
1 0.932031 0.392708 0.132812 0.227083
1 0.431250 0.380208 0.209375 0.281250
1 0.153906 0.533333 0.176563 0.191667
1 0.317969 0.555208 0.139063 0.202083
1 0.068750 0.896875 0.137500 0.189583
1 0.614844 0.900000 0.157813 0.200000
1 0.926562 0.877083 0.146875 0.245833
1 0.196094 0.764583 0.164062 0.208333
1 0.860156 0.220833 0.189063 0.250000
1 0.624219 0.269792 0.179688 0.285417
1 0.609375 0.619792 0.156250 0.214583
0 0.407031 0.814583 0.326562 0.370833
1 0.972656 0.613542 0.051562 0.202083
1 0.273438 0.030208 0.225000 0.060417
1 0.218750 0.943750 0.128125 0.112500
1 0.021875 0.714583 0.043750 0.225000
1 0.932031 0.392708 0.132812 0.227083
1 0.431250 0.380208 0.209375 0.281250
1 0.153906 0.533333 0.176563 0.191667
1 0.317969 0.555208 0.139063 0.202083
1 0.068750 0.896875 0.137500 0.189583
1 0.614844 0.900000 0.157813 0.200000
1 0.926562 0.877083 0.146875 0.245833
1 0.196094 0.764583 0.164062 0.208333
1 0.860156 0.220833 0.189063 0.250000
1 0.624219 0.269792 0.179688 0.285417
1 0.609375 0.619792 0.156250 0.214583
0 0.407031 0.814583 0.326562 0.370833
1 0.972656 0.613542 0.051562 0.202083
1 0.273438 0.030208 0.225000 0.060417
1 0.218750 0.943750 0.128125 0.112500
1 0.021875 0.714583 0.043750 0.225000
1 0.932031 0.392708 0.132812 0.227083
1 0.431250 0.380208 0.209375 0.281250
1 0.153906 0.533333 0.176563 0.191667
1 0.317969 0.555208 0.139063 0.202083
1 0.068750 0.896875 0.137500 0.189583
1 0.614844 0.900000 0.157813 0.200000
1 0.926562 0.877083 0.146875 0.245833
1 0.196094 0.764583 0.164062 0.208333
1 0.860156 0.220833 0.189063 0.250000
1 0.624219 0.269792 0.179688 0.285417
1 0.609375 0.619792 0.156250 0.214583
0 0.407031 0.814583 0.326562 0.370833
1 0.972656 0.613542 0.051562 0.202083
1 0.273438 0.030208 0.225000 0.060417
1 0.218750 0.943750 0.128125 0.112500
1 0.021875 0.714583 0.043750 0.225000
1 0.932031 0.392708 0.132812 0.227083
1 0.431250 0.380208 0.209375 0.281250
1 0.153906 0.533333 0.176563 0.191667
1 0.317969 0.555208 0.139063 0.202083
1 0.068750 0.896875 0.137500 0.189583
1 0.614844 0.900000 0.157813 0.200000
1 0.926562 0.877083 0.146875 0.245833
1 0.196094 0.764583 0.164062 0.208333
1 0.860156 0.220833 0.189063 0.250000
1 0.624219 0.269792 0.179688 0.285417
1 0.609375 0.619792 0.156250 0.214583
0 0.407031 0.814583 0.326562 0.370833
1 0.972656 0.613542 0.051562 0.202083
1 0.273438 0.030208 0.225000 0.060417
1 0.218750 0.943750 0.128125 0.112500
1 0.021875 0.714583 0.043750 0.225000
1 0.932031 0.392708 0.132812 0.227083
1 0.431250 0.380208 0.209375 0.281250
1 0.153906 0.533333 0.176563 0.191667
1 0.317969 0.555208 0.139063 0.202083
1 0.068750 0.896875 0.137500 0.189583
1 0.614844 0.900000 0.157813 0.200000
1 0.926562 0.877083 0.146875 0.245833
1 0.196094 0.764583 0.164062 0.208333
1 0.860156 0.220833 0.189063 0.250000
1 0.624219 0.269792 0.179688 0.285417
1 0.609375 0.619792 0.156250 0.214583
0 0.407031 0.814583 0.326562 0.370833
1 0.972656 0.613542 0.051562 0.202083
1 0.273438 0.030208 0.225000 0.060417
1 0.218750 0.943750 0.128125 0.112500
1 0.021875 0.714583 0.043750 0.225000
1 0.932031 0.392708 0.132812 0.227083
1 0.431250 0.380208 0.209375 0.281250
1 0.153906 0.533333 0.176563 0.191667
1 0.317969 0.555208 0.139063 0.202083
1 0.068750 0.896875 0.137500 0.189583
1 0.614844 0.900000 0.157813 0.200000
1 0.926562 0.877083 0.146875 0.245833
1 0.196094 0.764583 0.164062 0.208333
1 0.860156 0.220833 0.189063 0.250000
1 0.624219 0.269792 0.179688 0.285417
1 0.609375 0.619792 0.156250 0.214583
0 0.407031 0.814583 0.326562 0.370833
1 0.972656 0.613542 0.051562 0.202083
1 0.273438 0.030208 0.225000 0.060417
1 0.218750 0.943750 0.128125 0.112500
1 0.021875 0.714583 0.043750 0.225000
1 0.932031 0.392708 0.132812 0.227083
1 0.431250 0.380208 0.209375 0.281250
1 0.153906 0.533333 0.176563 0.191667
1 0.317969 0.555208 0.139063 0.202083
1 0.068750 0.896875 0.137500 0.189583
1 0.614844 0.900000 0.157813 0.200000
1 0.926562 0.877083 0.146875 0.245833
1 0.196094 0.764583 0.164062 0.208333
1 0.860156 0.220833 0.189063 0.250000
1 0.624219 0.269792 0.179688 0.285417
1 0.609375 0.619792 0.156250 0.214583
0 0.407031 0.814583 0.326562 0.370833
