1 0.035156 0.501042 0.067188 0.247917
1 0.439844 0.032292 0.157813 0.064583
1 0.032031 0.767708 0.064062 0.202083
1 0.291406 0.041667 0.164062 0.083333
1 0.773438 0.835417 0.168750 0.212500
1 0.295312 0.527083 0.175000 0.216667
1 0.591406 0.078125 0.179688 0.152083
1 0.853125 0.090625 0.181250 0.177083
1 0.963281 0.447917 0.073438 0.216667
1 0.588281 0.445833 0.182812 0.250000
1 0.938281 0.838542 0.120313 0.218750
1 0.517188 0.320833 0.146875 0.183333
1 0.106250 0.855208 0.150000 0.218750
1 0.738281 0.626042 0.198437 0.222917
1 0.417969 0.185417 0.148438 0.204167
1 0.122656 0.085417 0.148438 0.170833
1 0.707812 0.237500 0.153125 0.212500
0 0.425000 0.777083 0.346875 0.445833
1 0.863281 0.328125 0.185938 0.243750
1 0.035156 0.501042 0.067188 0.247917
1 0.439844 0.032292 0.157813 0.064583
1 0.032031 0.767708 0.064062 0.202083
1 0.291406 0.041667 0.164062 0.083333
1 0.773438 0.835417 0.168750 0.212500
1 0.295312 0.527083 0.175000 0.216667
1 0.591406 0.078125 0.179688 0.152083
1 0.853125 0.090625 0.181250 0.177083
1 0.963281 0.447917 0.073438 0.216667
1 0.588281 0.445833 0.182812 0.250000
1 0.938281 0.838542 0.120313 0.218750
1 0.517188 0.320833 0.146875 0.183333
1 0.106250 0.855208 0.150000 0.218750
1 0.738281 0.626042 0.198437 0.222917
1 0.417969 0.185417 0.148438 0.204167
1 0.122656 0.085417 0.148438 0.170833
1 0.707812 0.237500 0.153125 0.212500
0 0.425000 0.777083 0.346875 0.445833
1 0.863281 0.328125 0.185938 0.243750
1 0.035156 0.501042 0.067188 0.247917
1 0.439844 0.032292 0.157813 0.064583
1 0.032031 0.767708 0.064062 0.202083
1 0.291406 0.041667 0.164062 0.083333
1 0.773438 0.835417 0.168750 0.212500
1 0.295312 0.527083 0.175000 0.216667
1 0.591406 0.078125 0.179688 0.152083
1 0.853125 0.090625 0.181250 0.177083
1 0.963281 0.447917 0.073438 0.216667
1 0.588281 0.445833 0.182812 0.250000
1 0.938281 0.838542 0.120313 0.218750
1 0.517188 0.320833 0.146875 0.183333
1 0.106250 0.855208 0.150000 0.218750
1 0.738281 0.626042 0.198437 0.222917
1 0.417969 0.185417 0.148438 0.204167
1 0.122656 0.085417 0.148438 0.170833
1 0.707812 0.237500 0.153125 0.212500
0 0.425000 0.777083 0.346875 0.445833
1 0.863281 0.328125 0.185938 0.243750
1 0.035156 0.501042 0.067188 0.247917
1 0.439844 0.032292 0.157813 0.064583
1 0.032031 0.767708 0.064062 0.202083
1 0.291406 0.041667 0.164062 0.083333
1 0.773438 0.835417 0.168750 0.212500
1 0.295312 0.527083 0.175000 0.216667
1 0.591406 0.078125 0.179688 0.152083
1 0.853125 0.090625 0.181250 0.177083
1 0.963281 0.447917 0.073438 0.216667
1 0.588281 0.445833 0.182812 0.250000
1 0.938281 0.838542 0.120313 0.218750
1 0.517188 0.320833 0.146875 0.183333
1 0.106250 0.855208 0.150000 0.218750
1 0.738281 0.626042 0.198437 0.222917
1 0.417969 0.185417 0.148438 0.204167
1 0.122656 0.085417 0.148438 0.170833
1 0.707812 0.237500 0.153125 0.212500
0 0.425000 0.777083 0.346875 0.445833
1 0.863281 0.328125 0.185938 0.243750
1 0.035156 0.501042 0.067188 0.247917
1 0.439844 0.032292 0.157813 0.064583
1 0.032031 0.767708 0.064062 0.202083
1 0.291406 0.041667 0.164062 0.083333
1 0.773438 0.835417 0.168750 0.212500
1 0.295312 0.527083 0.175000 0.216667
1 0.591406 0.078125 0.179688 0.152083
1 0.853125 0.090625 0.181250 0.177083
1 0.963281 0.447917 0.073438 0.216667
1 0.588281 0.445833 0.182812 0.250000
1 0.938281 0.838542 0.120313 0.218750
1 0.517188 0.320833 0.146875 0.183333
1 0.106250 0.855208 0.150000 0.218750
1 0.738281 0.626042 0.198437 0.222917
1 0.417969 0.185417 0.148438 0.204167
1 0.122656 0.085417 0.148438 0.170833
1 0.707812 0.237500 0.153125 0.212500
0 0.425000 0.777083 0.346875 0.445833
1 0.863281 0.328125 0.185938 0.243750
1 0.035156 0.501042 0.067188 0.247917
1 0.439844 0.032292 0.157813 0.064583
1 0.032031 0.767708 0.064062 0.202083
1 0.291406 0.041667 0.164062 0.083333
1 0.773438 0.835417 0.168750 0.212500
1 0.295312 0.527083 0.175000 0.216667
1 0.591406 0.078125 0.179688 0.152083
1 0.853125 0.090625 0.181250 0.177083
1 0.963281 0.447917 0.073438 0.216667
1 0.588281 0.445833 0.182812 0.250000
1 0.938281 0.838542 0.120313 0.218750
1 0.517188 0.320833 0.146875 0.183333
1 0.106250 0.855208 0.150000 0.218750
1 0.738281 0.626042 0.198437 0.222917
1 0.417969 0.185417 0.148438 0.204167
1 0.122656 0.085417 0.148438 0.170833
1 0.707812 0.237500 0.153125 0.212500
0 0.425000 0.777083 0.346875 0.445833
1 0.863281 0.328125 0.185938 0.243750
1 0.035156 0.501042 0.067188 0.247917
1 0.439844 0.032292 0.157813 0.064583
1 0.032031 0.767708 0.064062 0.202083
1 0.291406 0.041667 0.164062 0.083333
1 0.773438 0.835417 0.168750 0.212500
1 0.295312 0.527083 0.175000 0.216667
1 0.591406 0.078125 0.179688 0.152083
1 0.853125 0.090625 0.181250 0.177083
1 0.963281 0.447917 0.073438 0.216667
1 0.588281 0.445833 0.182812 0.250000
1 0.938281 0.838542 0.120313 0.218750
1 0.517188 0.320833 0.146875 0.183333
1 0.106250 0.855208 0.150000 0.218750
1 0.738281 0.626042 0.198437 0.222917
1 0.417969 0.185417 0.148438 0.204167
1 0.122656 0.085417 0.148438 0.170833
1 0.707812 0.237500 0.153125 0.212500
0 0.425000 0.777083 0.346875 0.445833
1 0.863281 0.328125 0.185938 0.243750
1 0.035156 0.501042 0.067188 0.247917
1 0.439844 0.032292 0.157813 0.064583
1 0.032031 0.767708 0.064062 0.202083
1 0.291406 0.041667 0.164062 0.083333
1 0.773438 0.835417 0.168750 0.212500
1 0.295312 0.527083 0.175000 0.216667
1 0.591406 0.078125 0.179688 0.152083
1 0.853125 0.090625 0.181250 0.177083
1 0.963281 0.447917 0.073438 0.216667
1 0.588281 0.445833 0.182812 0.250000
1 0.938281 0.838542 0.120313 0.218750
1 0.517188 0.320833 0.146875 0.183333
1 0.106250 0.855208 0.150000 0.218750
1 0.738281 0.626042 0.198437 0.222917
1 0.417969 0.185417 0.148438 0.204167
1 0.122656 0.085417 0.148438 0.170833
1 0.707812 0.237500 0.153125 0.212500
0 0.425000 0.777083 0.346875 0.445833
1 0.863281 0.328125 0.185938 0.243750
1 0.035156 0.501042 0.067188 0.247917
1 0.439844 0.032292 0.157813 0.064583
1 0.032031 0.767708 0.064062 0.202083
1 0.291406 0.041667 0.164062 0.083333
1 0.773438 0.835417 0.168750 0.212500
1 0.295312 0.527083 0.175000 0.216667
1 0.591406 0.078125 0.179688 0.152083
1 0.853125 0.090625 0.181250 0.177083
1 0.963281 0.447917 0.073438 0.216667
1 0.588281 0.445833 0.182812 0.250000
1 0.938281 0.838542 0.120313 0.218750
1 0.517188 0.320833 0.146875 0.183333
1 0.106250 0.855208 0.150000 0.218750
1 0.738281 0.626042 0.198437 0.222917
1 0.417969 0.185417 0.148438 0.204167
1 0.122656 0.085417 0.148438 0.170833
1 0.707812 0.237500 0.153125 0.212500
0 0.425000 0.777083 0.346875 0.445833
1 0.863281 0.328125 0.185938 0.243750
1 0.035156 0.501042 0.067188 0.247917
1 0.439844 0.032292 0.157813 0.064583
1 0.032031 0.767708 0.064062 0.202083
1 0.291406 0.041667 0.164062 0.083333
1 0.773438 0.835417 0.168750 0.212500
1 0.295312 0.527083 0.175000 0.216667
1 0.591406 0.078125 0.179688 0.152083
1 0.853125 0.090625 0.181250 0.177083
1 0.963281 0.447917 0.073438 0.216667
1 0.588281 0.445833 0.182812 0.250000
1 0.938281 0.838542 0.120313 0.218750
1 0.517188 0.320833 0.146875 0.183333
1 0.106250 0.855208 0.150000 0.218750
1 0.738281 0.626042 0.198437 0.222917
1 0.417969 0.185417 0.148438 0.204167
1 0.122656 0.085417 0.148438 0.170833
1 0.707812 0.237500 0.153125 0.212500
0 0.425000 0.777083 0.346875 0.445833
1 0.863281 0.328125 0.185938 0.243750
1 0.035156 0.501042 0.067188 0.247917
1 0.439844 0.032292 0.157813 0.064583
1 0.032031 0.767708 0.064062 0.202083
1 0.291406 0.041667 0.164062 0.083333
1 0.773438 0.835417 0.168750 0.212500
1 0.295312 0.527083 0.175000 0.216667
1 0.591406 0.078125 0.179688 0.152083
1 0.853125 0.090625 0.181250 0.177083
1 0.963281 0.447917 0.073438 0.216667
1 0.588281 0.445833 0.182812 0.250000
1 0.938281 0.838542 0.120313 0.218750
1 0.517188 0.320833 0.146875 0.183333
1 0.106250 0.855208 0.150000 0.218750
1 0.738281 0.626042 0.198437 0.222917
1 0.417969 0.185417 0.148438 0.204167
1 0.122656 0.085417 0.148438 0.170833
1 0.707812 0.237500 0.153125 0.212500
0 0.425000 0.777083 0.346875 0.445833
1 0.863281 0.328125 0.185938 0.243750
1 0.035156 0.501042 0.067188 0.247917
1 0.439844 0.032292 0.157813 0.064583
1 0.032031 0.767708 0.064062 0.202083
1 0.291406 0.041667 0.164062 0.083333
1 0.773438 0.835417 0.168750 0.212500
1 0.295312 0.527083 0.175000 0.216667
1 0.591406 0.078125 0.179688 0.152083
1 0.853125 0.090625 0.181250 0.177083
1 0.963281 0.447917 0.073438 0.216667
1 0.588281 0.445833 0.182812 0.250000
1 0.938281 0.838542 0.120313 0.218750
1 0.517188 0.320833 0.146875 0.183333
1 0.106250 0.855208 0.150000 0.218750
1 0.738281 0.626042 0.198437 0.222917
1 0.417969 0.185417 0.148438 0.204167
1 0.122656 0.085417 0.148438 0.170833
1 0.707812 0.237500 0.153125 0.212500
0 0.425000 0.777083 0.346875 0.445833
1 0.863281 0.328125 0.185938 0.243750
1 0.035156 0.501042 0.067188 0.247917
1 0.439844 0.032292 0.157813 0.064583
1 0.032031 0.767708 0.064062 0.202083
1 0.291406 0.041667 0.164062 0.083333
1 0.773438 0.835417 0.168750 0.212500
1 0.295312 0.527083 0.175000 0.216667
1 0.591406 0.078125 0.179688 0.152083
1 0.853125 0.090625 0.181250 0.177083
1 0.963281 0.447917 0.073438 0.216667
1 0.588281 0.445833 0.182812 0.250000
1 0.938281 0.838542 0.120313 0.218750
1 0.517188 0.320833 0.146875 0.183333
1 0.106250 0.855208 0.150000 0.218750
1 0.738281 0.626042 0.198437 0.222917
1 0.417969 0.185417 0.148438 0.204167
1 0.122656 0.085417 0.148438 0.170833
1 0.707812 0.237500 0.153125 0.212500
0 0.425000 0.777083 0.346875 0.445833
1 0.863281 0.328125 0.185938 0.243750
1 0.035156 0.501042 0.067188 0.247917
1 0.439844 0.032292 0.157813 0.064583
1 0.032031 0.767708 0.064062 0.202083
1 0.291406 0.041667 0.164062 0.083333
1 0.773438 0.835417 0.168750 0.212500
1 0.295312 0.527083 0.175000 0.216667
1 0.591406 0.078125 0.179688 0.152083
1 0.853125 0.090625 0.181250 0.177083
1 0.963281 0.447917 0.073438 0.216667
1 0.588281 0.445833 0.182812 0.250000
1 0.938281 0.838542 0.120313 0.218750
1 0.517188 0.320833 0.146875 0.183333
1 0.106250 0.855208 0.150000 0.218750
1 0.738281 0.626042 0.198437 0.222917
1 0.417969 0.185417 0.148438 0.204167
1 0.122656 0.085417 0.148438 0.170833
1 0.707812 0.237500 0.153125 0.212500
0 0.425000 0.777083 0.346875 0.445833
1 0.863281 0.328125 0.185938 0.243750
1 0.035156 0.501042 0.067188 0.247917
1 0.439844 0.032292 0.157813 0.064583
1 0.032031 0.767708 0.064062 0.202083
1 0.291406 0.041667 0.164062 0.083333
1 0.773438 0.835417 0.168750 0.212500
1 0.295312 0.527083 0.175000 0.216667
1 0.591406 0.078125 0.179688 0.152083
1 0.853125 0.090625 0.181250 0.177083
1 0.963281 0.447917 0.073438 0.216667
1 0.588281 0.445833 0.182812 0.250000
1 0.938281 0.838542 0.120313 0.218750
1 0.517188 0.320833 0.146875 0.183333
1 0.106250 0.855208 0.150000 0.218750
1 0.738281 0.626042 0.198437 0.222917
1 0.417969 0.185417 0.148438 0.204167
1 0.122656 0.085417 0.148438 0.170833
1 0.707812 0.237500 0.153125 0.212500
0 0.425000 0.777083 0.346875 0.445833
1 0.863281 0.328125 0.185938 0.243750
1 0.035156 0.501042 0.067188 0.247917
1 0.439844 0.032292 0.157813 0.064583
1 0.032031 0.767708 0.064062 0.202083
1 0.291406 0.041667 0.164062 0.083333
1 0.773438 0.835417 0.168750 0.212500
1 0.295312 0.527083 0.175000 0.216667
1 0.591406 0.078125 0.179688 0.152083
1 0.853125 0.090625 0.181250 0.177083
1 0.963281 0.447917 0.073438 0.216667
1 0.588281 0.445833 0.182812 0.250000
1 0.938281 0.838542 0.120313 0.218750
1 0.517188 0.320833 0.146875 0.183333
1 0.106250 0.855208 0.150000 0.218750
1 0.738281 0.626042 0.198437 0.222917
1 0.417969 0.185417 0.148438 0.204167
1 0.122656 0.085417 0.148438 0.170833
1 0.707812 0.237500 0.153125 0.212500
0 0.425000 0.777083 0.346875 0.445833
1 0.863281 0.328125 0.185938 0.243750
1 0.035156 0.501042 0.067188 0.247917
1 0.439844 0.032292 0.157813 0.064583
1 0.032031 0.767708 0.064062 0.202083
1 0.291406 0.041667 0.164062 0.083333
1 0.773438 0.835417 0.168750 0.212500
1 0.295312 0.527083 0.175000 0.216667
1 0.591406 0.078125 0.179688 0.152083
1 0.853125 0.090625 0.181250 0.177083
1 0.963281 0.447917 0.073438 0.216667
1 0.588281 0.445833 0.182812 0.250000
1 0.938281 0.838542 0.120313 0.218750
1 0.517188 0.320833 0.146875 0.183333
1 0.106250 0.855208 0.150000 0.218750
1 0.738281 0.626042 0.198437 0.222917
1 0.417969 0.185417 0.148438 0.204167
1 0.122656 0.085417 0.148438 0.170833
1 0.707812 0.237500 0.153125 0.212500
0 0.425000 0.777083 0.346875 0.445833
1 0.863281 0.328125 0.185938 0.243750
1 0.035156 0.501042 0.067188 0.247917
1 0.439844 0.032292 0.157813 0.064583
1 0.032031 0.767708 0.064062 0.202083
1 0.291406 0.041667 0.164062 0.083333
1 0.773438 0.835417 0.168750 0.212500
1 0.295312 0.527083 0.175000 0.216667
1 0.591406 0.078125 0.179688 0.152083
1 0.853125 0.090625 0.181250 0.177083
1 0.963281 0.447917 0.073438 0.216667
1 0.588281 0.445833 0.182812 0.250000
1 0.938281 0.838542 0.120313 0.218750
1 0.517188 0.320833 0.146875 0.183333
1 0.106250 0.855208 0.150000 0.218750
1 0.738281 0.626042 0.198437 0.222917
1 0.417969 0.185417 0.148438 0.204167
1 0.122656 0.085417 0.148438 0.170833
1 0.707812 0.237500 0.153125 0.212500
0 0.425000 0.777083 0.346875 0.445833
1 0.863281 0.328125 0.185938 0.243750
1 0.035156 0.501042 0.067188 0.247917
1 0.439844 0.032292 0.157813 0.064583
1 0.032031 0.767708 0.064062 0.202083
1 0.291406 0.041667 0.164062 0.083333
1 0.773438 0.835417 0.168750 0.212500
1 0.295312 0.527083 0.175000 0.216667
1 0.591406 0.078125 0.179688 0.152083
1 0.853125 0.090625 0.181250 0.177083
1 0.963281 0.447917 0.073438 0.216667
1 0.588281 0.445833 0.182812 0.250000
1 0.938281 0.838542 0.120313 0.218750
1 0.517188 0.320833 0.146875 0.183333
1 0.106250 0.855208 0.150000 0.218750
1 0.738281 0.626042 0.198437 0.222917
1 0.417969 0.185417 0.148438 0.204167
1 0.122656 0.085417 0.148438 0.170833
1 0.707812 0.237500 0.153125 0.212500
0 0.425000 0.777083 0.346875 0.445833
1 0.863281 0.328125 0.185938 0.243750
