1 0.408594 0.963542 0.173438 0.064583
1 0.296094 0.042708 0.185938 0.085417
1 0.978125 0.302083 0.043750 0.237500
1 0.927344 0.963542 0.145313 0.072917
1 0.712500 0.962500 0.181250 0.075000
0 0.227344 0.929167 0.354688 0.141667
1 0.932813 0.833333 0.134375 0.191667
1 0.840625 0.244792 0.190625 0.218750
1 0.146094 0.638542 0.198437 0.264583
1 0.592188 0.061458 0.156250 0.122917
1 0.332031 0.147917 0.154688 0.191667
1 0.694531 0.493750 0.170313 0.208333
1 0.121875 0.059375 0.153125 0.118750
1 0.600781 0.867708 0.151562 0.202083
1 0.071094 0.385417 0.142188 0.208333
1 0.050000 0.810417 0.096875 0.216667
1 0.915625 0.655208 0.165625 0.222917
1 0.785156 0.866667 0.170313 0.208333
0 0.399219 0.433333 0.385938 0.450000
1 0.850000 0.093750 0.146875 0.187500
1 0.495313 0.179167 0.162500 0.187500
1 0.104688 0.255208 0.200000 0.260417
1 0.428125 0.820833 0.168750 0.229167
1 0.626563 0.328125 0.140625 0.227083
1 0.705469 0.144792 0.160938 0.222917
1 0.408594 0.963542 0.173438 0.064583
1 0.296094 0.042708 0.185938 0.085417
1 0.978125 0.302083 0.043750 0.237500
1 0.927344 0.963542 0.145313 0.072917
1 0.712500 0.962500 0.181250 0.075000
0 0.227344 0.929167 0.354688 0.141667
1 0.932813 0.833333 0.134375 0.191667
1 0.840625 0.244792 0.190625 0.218750
1 0.146094 0.638542 0.198437 0.264583
1 0.592188 0.061458 0.156250 0.122917
1 0.332031 0.147917 0.154688 0.191667
1 0.694531 0.493750 0.170313 0.208333
1 0.121875 0.059375 0.153125 0.118750
1 0.600781 0.867708 0.151562 0.202083
1 0.071094 0.385417 0.142188 0.208333
1 0.050000 0.810417 0.096875 0.216667
1 0.915625 0.655208 0.165625 0.222917
1 0.785156 0.866667 0.170313 0.208333
0 0.399219 0.433333 0.385938 0.450000
1 0.850000 0.093750 0.146875 0.187500
1 0.495313 0.179167 0.162500 0.187500
1 0.104688 0.255208 0.200000 0.260417
1 0.428125 0.820833 0.168750 0.229167
1 0.626563 0.328125 0.140625 0.227083
1 0.705469 0.144792 0.160938 0.222917
1 0.408594 0.963542 0.173438 0.064583
1 0.296094 0.042708 0.185938 0.085417
1 0.978125 0.302083 0.043750 0.237500
1 0.927344 0.963542 0.145313 0.072917
1 0.712500 0.962500 0.181250 0.075000
0 0.227344 0.929167 0.354688 0.141667
1 0.932813 0.833333 0.134375 0.191667
1 0.840625 0.244792 0.190625 0.218750
1 0.146094 0.638542 0.198437 0.264583
1 0.592188 0.061458 0.156250 0.122917
1 0.332031 0.147917 0.154688 0.191667
1 0.694531 0.493750 0.170313 0.208333
1 0.121875 0.059375 0.153125 0.118750
1 0.600781 0.867708 0.151562 0.202083
1 0.071094 0.385417 0.142188 0.208333
1 0.050000 0.810417 0.096875 0.216667
1 0.915625 0.655208 0.165625 0.222917
1 0.785156 0.866667 0.170313 0.208333
0 0.399219 0.433333 0.385938 0.450000
1 0.850000 0.093750 0.146875 0.187500
1 0.495313 0.179167 0.162500 0.187500
1 0.104688 0.255208 0.200000 0.260417
1 0.428125 0.820833 0.168750 0.229167
1 0.626563 0.328125 0.140625 0.227083
1 0.705469 0.144792 0.160938 0.222917
1 0.408594 0.963542 0.173438 0.064583
1 0.296094 0.042708 0.185938 0.085417
1 0.978125 0.302083 0.043750 0.237500
1 0.927344 0.963542 0.145313 0.072917
1 0.712500 0.962500 0.181250 0.075000
0 0.227344 0.929167 0.354688 0.141667
1 0.932813 0.833333 0.134375 0.191667
1 0.840625 0.244792 0.190625 0.218750
1 0.146094 0.638542 0.198437 0.264583
1 0.592188 0.061458 0.156250 0.122917
1 0.332031 0.147917 0.154688 0.191667
1 0.694531 0.493750 0.170313 0.208333
1 0.121875 0.059375 0.153125 0.118750
1 0.600781 0.867708 0.151562 0.202083
1 0.071094 0.385417 0.142188 0.208333
1 0.050000 0.810417 0.096875 0.216667
1 0.915625 0.655208 0.165625 0.222917
1 0.785156 0.866667 0.170313 0.208333
0 0.399219 0.433333 0.385938 0.450000
1 0.850000 0.093750 0.146875 0.187500
1 0.495313 0.179167 0.162500 0.187500
1 0.104688 0.255208 0.200000 0.260417
1 0.428125 0.820833 0.168750 0.229167
1 0.626563 0.328125 0.140625 0.227083
1 0.705469 0.144792 0.160938 0.222917
1 0.408594 0.963542 0.173438 0.064583
1 0.296094 0.042708 0.185938 0.085417
1 0.978125 0.302083 0.043750 0.237500
1 0.927344 0.963542 0.145313 0.072917
1 0.712500 0.962500 0.181250 0.075000
0 0.227344 0.929167 0.354688 0.141667
1 0.932813 0.833333 0.134375 0.191667
1 0.840625 0.244792 0.190625 0.218750
1 0.146094 0.638542 0.198437 0.264583
1 0.592188 0.061458 0.156250 0.122917
1 0.332031 0.147917 0.154688 0.191667
1 0.694531 0.493750 0.170313 0.208333
1 0.121875 0.059375 0.153125 0.118750
1 0.600781 0.867708 0.151562 0.202083
1 0.071094 0.385417 0.142188 0.208333
1 0.050000 0.810417 0.096875 0.216667
1 0.915625 0.655208 0.165625 0.222917
1 0.785156 0.866667 0.170313 0.208333
0 0.399219 0.433333 0.385938 0.450000
1 0.850000 0.093750 0.146875 0.187500
1 0.495313 0.179167 0.162500 0.187500
1 0.104688 0.255208 0.200000 0.260417
1 0.428125 0.820833 0.168750 0.229167
1 0.626563 0.328125 0.140625 0.227083
1 0.705469 0.144792 0.160938 0.222917
1 0.408594 0.963542 0.173438 0.064583
1 0.296094 0.042708 0.185938 0.085417
1 0.978125 0.302083 0.043750 0.237500
1 0.927344 0.963542 0.145313 0.072917
1 0.712500 0.962500 0.181250 0.075000
0 0.227344 0.929167 0.354688 0.141667
1 0.932813 0.833333 0.134375 0.191667
1 0.840625 0.244792 0.190625 0.218750
1 0.146094 0.638542 0.198437 0.264583
1 0.592188 0.061458 0.156250 0.122917
1 0.332031 0.147917 0.154688 0.191667
1 0.694531 0.493750 0.170313 0.208333
1 0.121875 0.059375 0.153125 0.118750
1 0.600781 0.867708 0.151562 0.202083
1 0.071094 0.385417 0.142188 0.208333
1 0.050000 0.810417 0.096875 0.216667
1 0.915625 0.655208 0.165625 0.222917
1 0.785156 0.866667 0.170313 0.208333
0 0.399219 0.433333 0.385938 0.450000
1 0.850000 0.093750 0.146875 0.187500
1 0.495313 0.179167 0.162500 0.187500
1 0.104688 0.255208 0.200000 0.260417
1 0.428125 0.820833 0.168750 0.229167
1 0.626563 0.328125 0.140625 0.227083
1 0.705469 0.144792 0.160938 0.222917
1 0.408594 0.963542 0.173438 0.064583
1 0.296094 0.042708 0.185938 0.085417
1 0.978125 0.302083 0.043750 0.237500
1 0.927344 0.963542 0.145313 0.072917
1 0.712500 0.962500 0.181250 0.075000
0 0.227344 0.929167 0.354688 0.141667
1 0.932813 0.833333 0.134375 0.191667
1 0.840625 0.244792 0.190625 0.218750
1 0.146094 0.638542 0.198437 0.264583
1 0.592188 0.061458 0.156250 0.122917
1 0.332031 0.147917 0.154688 0.191667
1 0.694531 0.493750 0.170313 0.208333
1 0.121875 0.059375 0.153125 0.118750
1 0.600781 0.867708 0.151562 0.202083
1 0.071094 0.385417 0.142188 0.208333
1 0.050000 0.810417 0.096875 0.216667
1 0.915625 0.655208 0.165625 0.222917
1 0.785156 0.866667 0.170313 0.208333
0 0.399219 0.433333 0.385938 0.450000
1 0.850000 0.093750 0.146875 0.187500
1 0.495313 0.179167 0.162500 0.187500
1 0.104688 0.255208 0.200000 0.260417
1 0.428125 0.820833 0.168750 0.229167
1 0.626563 0.328125 0.140625 0.227083
1 0.705469 0.144792 0.160938 0.222917
1 0.408594 0.963542 0.173438 0.064583
1 0.296094 0.042708 0.185938 0.085417
1 0.978125 0.302083 0.043750 0.237500
1 0.927344 0.963542 0.145313 0.072917
1 0.712500 0.962500 0.181250 0.075000
0 0.227344 0.929167 0.354688 0.141667
1 0.932813 0.833333 0.134375 0.191667
1 0.840625 0.244792 0.190625 0.218750
1 0.146094 0.638542 0.198437 0.264583
1 0.592188 0.061458 0.156250 0.122917
1 0.332031 0.147917 0.154688 0.191667
1 0.694531 0.493750 0.170313 0.208333
1 0.121875 0.059375 0.153125 0.118750
1 0.600781 0.867708 0.151562 0.202083
1 0.071094 0.385417 0.142188 0.208333
1 0.050000 0.810417 0.096875 0.216667
1 0.915625 0.655208 0.165625 0.222917
1 0.785156 0.866667 0.170313 0.208333
0 0.399219 0.433333 0.385938 0.450000
1 0.850000 0.093750 0.146875 0.187500
1 0.495313 0.179167 0.162500 0.187500
1 0.104688 0.255208 0.200000 0.260417
1 0.428125 0.820833 0.168750 0.229167
1 0.626563 0.328125 0.140625 0.227083
1 0.705469 0.144792 0.160938 0.222917
1 0.408594 0.963542 0.173438 0.064583
1 0.296094 0.042708 0.185938 0.085417
1 0.978125 0.302083 0.043750 0.237500
1 0.927344 0.963542 0.145313 0.072917
1 0.712500 0.962500 0.181250 0.075000
0 0.227344 0.929167 0.354688 0.141667
1 0.932813 0.833333 0.134375 0.191667
1 0.840625 0.244792 0.190625 0.218750
1 0.146094 0.638542 0.198437 0.264583
1 0.592188 0.061458 0.156250 0.122917
1 0.332031 0.147917 0.154688 0.191667
1 0.694531 0.493750 0.170313 0.208333
1 0.121875 0.059375 0.153125 0.118750
1 0.600781 0.867708 0.151562 0.202083
1 0.071094 0.385417 0.142188 0.208333
1 0.050000 0.810417 0.096875 0.216667
1 0.915625 0.655208 0.165625 0.222917
1 0.785156 0.866667 0.170313 0.208333
0 0.399219 0.433333 0.385938 0.450000
1 0.850000 0.093750 0.146875 0.187500
1 0.495313 0.179167 0.162500 0.187500
1 0.104688 0.255208 0.200000 0.260417
1 0.428125 0.820833 0.168750 0.229167
1 0.626563 0.328125 0.140625 0.227083
1 0.705469 0.144792 0.160938 0.222917
1 0.408594 0.963542 0.173438 0.064583
1 0.296094 0.042708 0.185938 0.085417
1 0.978125 0.302083 0.043750 0.237500
1 0.927344 0.963542 0.145313 0.072917
1 0.712500 0.962500 0.181250 0.075000
0 0.227344 0.929167 0.354688 0.141667
1 0.932813 0.833333 0.134375 0.191667
1 0.840625 0.244792 0.190625 0.218750
1 0.146094 0.638542 0.198437 0.264583
1 0.592188 0.061458 0.156250 0.122917
1 0.332031 0.147917 0.154688 0.191667
1 0.694531 0.493750 0.170313 0.208333
1 0.121875 0.059375 0.153125 0.118750
1 0.600781 0.867708 0.151562 0.202083
1 0.071094 0.385417 0.142188 0.208333
1 0.050000 0.810417 0.096875 0.216667
1 0.915625 0.655208 0.165625 0.222917
1 0.785156 0.866667 0.170313 0.208333
0 0.399219 0.433333 0.385938 0.450000
1 0.850000 0.093750 0.146875 0.187500
1 0.495313 0.179167 0.162500 0.187500
1 0.104688 0.255208 0.200000 0.260417
1 0.428125 0.820833 0.168750 0.229167
1 0.626563 0.328125 0.140625 0.227083
1 0.705469 0.144792 0.160938 0.222917
1 0.408594 0.963542 0.173438 0.064583
1 0.296094 0.042708 0.185938 0.085417
1 0.978125 0.302083 0.043750 0.237500
1 0.927344 0.963542 0.145313 0.072917
1 0.712500 0.962500 0.181250 0.075000
0 0.227344 0.929167 0.354688 0.141667
1 0.932813 0.833333 0.134375 0.191667
1 0.840625 0.244792 0.190625 0.218750
1 0.146094 0.638542 0.198437 0.264583
1 0.592188 0.061458 0.156250 0.122917
1 0.332031 0.147917 0.154688 0.191667
1 0.694531 0.493750 0.170313 0.208333
1 0.121875 0.059375 0.153125 0.118750
1 0.600781 0.867708 0.151562 0.202083
1 0.071094 0.385417 0.142188 0.208333
1 0.050000 0.810417 0.096875 0.216667
1 0.915625 0.655208 0.165625 0.222917
1 0.785156 0.866667 0.170313 0.208333
0 0.399219 0.433333 0.385938 0.450000
1 0.850000 0.093750 0.146875 0.187500
1 0.495313 0.179167 0.162500 0.187500
1 0.104688 0.255208 0.200000 0.260417
1 0.428125 0.820833 0.168750 0.229167
1 0.626563 0.328125 0.140625 0.227083
1 0.705469 0.144792 0.160938 0.222917
1 0.408594 0.963542 0.173438 0.064583
1 0.296094 0.042708 0.185938 0.085417
1 0.978125 0.302083 0.043750 0.237500
1 0.927344 0.963542 0.145313 0.072917
1 0.712500 0.962500 0.181250 0.075000
0 0.227344 0.929167 0.354688 0.141667
1 0.932813 0.833333 0.134375 0.191667
1 0.840625 0.244792 0.190625 0.218750
1 0.146094 0.638542 0.198437 0.264583
1 0.592188 0.061458 0.156250 0.122917
1 0.332031 0.147917 0.154688 0.191667
1 0.694531 0.493750 0.170313 0.208333
1 0.121875 0.059375 0.153125 0.118750
1 0.600781 0.867708 0.151562 0.202083
1 0.071094 0.385417 0.142188 0.208333
1 0.050000 0.810417 0.096875 0.216667
1 0.915625 0.655208 0.165625 0.222917
1 0.785156 0.866667 0.170313 0.208333
0 0.399219 0.433333 0.385938 0.450000
1 0.850000 0.093750 0.146875 0.187500
1 0.495313 0.179167 0.162500 0.187500
1 0.104688 0.255208 0.200000 0.260417
1 0.428125 0.820833 0.168750 0.229167
1 0.626563 0.328125 0.140625 0.227083
1 0.705469 0.144792 0.160938 0.222917
1 0.408594 0.963542 0.173438 0.064583
1 0.296094 0.042708 0.185938 0.085417
1 0.978125 0.302083 0.043750 0.237500
1 0.927344 0.963542 0.145313 0.072917
1 0.712500 0.962500 0.181250 0.075000
0 0.227344 0.929167 0.354688 0.141667
1 0.932813 0.833333 0.134375 0.191667
1 0.840625 0.244792 0.190625 0.218750
1 0.146094 0.638542 0.198437 0.264583
1 0.592188 0.061458 0.156250 0.122917
1 0.332031 0.147917 0.154688 0.191667
1 0.694531 0.493750 0.170313 0.208333
1 0.121875 0.059375 0.153125 0.118750
1 0.600781 0.867708 0.151562 0.202083
1 0.071094 0.385417 0.142188 0.208333
1 0.050000 0.810417 0.096875 0.216667
1 0.915625 0.655208 0.165625 0.222917
1 0.785156 0.866667 0.170313 0.208333
0 0.399219 0.433333 0.385938 0.450000
1 0.850000 0.093750 0.146875 0.187500
1 0.495313 0.179167 0.162500 0.187500
1 0.104688 0.255208 0.200000 0.260417
1 0.428125 0.820833 0.168750 0.229167
1 0.626563 0.328125 0.140625 0.227083
1 0.705469 0.144792 0.160938 0.222917
1 0.408594 0.963542 0.173438 0.064583
1 0.296094 0.042708 0.185938 0.085417
1 0.978125 0.302083 0.043750 0.237500
1 0.927344 0.963542 0.145313 0.072917
1 0.712500 0.962500 0.181250 0.075000
0 0.227344 0.929167 0.354688 0.141667
1 0.932813 0.833333 0.134375 0.191667
1 0.840625 0.244792 0.190625 0.218750
1 0.146094 0.638542 0.198437 0.264583
1 0.592188 0.061458 0.156250 0.122917
1 0.332031 0.147917 0.154688 0.191667
1 0.694531 0.493750 0.170313 0.208333
1 0.121875 0.059375 0.153125 0.118750
1 0.600781 0.867708 0.151562 0.202083
1 0.071094 0.385417 0.142188 0.208333
1 0.050000 0.810417 0.096875 0.216667
1 0.915625 0.655208 0.165625 0.222917
1 0.785156 0.866667 0.170313 0.208333
0 0.399219 0.433333 0.385938 0.450000
1 0.850000 0.093750 0.146875 0.187500
1 0.495313 0.179167 0.162500 0.187500
1 0.104688 0.255208 0.200000 0.260417
1 0.428125 0.820833 0.168750 0.229167
1 0.626563 0.328125 0.140625 0.227083
1 0.705469 0.144792 0.160938 0.222917
1 0.408594 0.963542 0.173438 0.064583
1 0.296094 0.042708 0.185938 0.085417
1 0.978125 0.302083 0.043750 0.237500
1 0.927344 0.963542 0.145313 0.072917
1 0.712500 0.962500 0.181250 0.075000
0 0.227344 0.929167 0.354688 0.141667
1 0.932813 0.833333 0.134375 0.191667
1 0.840625 0.244792 0.190625 0.218750
1 0.146094 0.638542 0.198437 0.264583
1 0.592188 0.061458 0.156250 0.122917
1 0.332031 0.147917 0.154688 0.191667
1 0.694531 0.493750 0.170313 0.208333
1 0.121875 0.059375 0.153125 0.118750
1 0.600781 0.867708 0.151562 0.202083
1 0.071094 0.385417 0.142188 0.208333
1 0.050000 0.810417 0.096875 0.216667
1 0.915625 0.655208 0.165625 0.222917
1 0.785156 0.866667 0.170313 0.208333
0 0.399219 0.433333 0.385938 0.450000
1 0.850000 0.093750 0.146875 0.187500
1 0.495313 0.179167 0.162500 0.187500
1 0.104688 0.255208 0.200000 0.260417
1 0.428125 0.820833 0.168750 0.229167
1 0.626563 0.328125 0.140625 0.227083
1 0.705469 0.144792 0.160938 0.222917
1 0.408594 0.963542 0.173438 0.064583
1 0.296094 0.042708 0.185938 0.085417
1 0.978125 0.302083 0.043750 0.237500
1 0.927344 0.963542 0.145313 0.072917
1 0.712500 0.962500 0.181250 0.075000
0 0.227344 0.929167 0.354688 0.141667
1 0.932813 0.833333 0.134375 0.191667
1 0.840625 0.244792 0.190625 0.218750
1 0.146094 0.638542 0.198437 0.264583
1 0.592188 0.061458 0.156250 0.122917
1 0.332031 0.147917 0.154688 0.191667
1 0.694531 0.493750 0.170313 0.208333
1 0.121875 0.059375 0.153125 0.118750
1 0.600781 0.867708 0.151562 0.202083
1 0.071094 0.385417 0.142188 0.208333
1 0.050000 0.810417 0.096875 0.216667
1 0.915625 0.655208 0.165625 0.222917
1 0.785156 0.866667 0.170313 0.208333
0 0.399219 0.433333 0.385938 0.450000
1 0.850000 0.093750 0.146875 0.187500
1 0.495313 0.179167 0.162500 0.187500
1 0.104688 0.255208 0.200000 0.260417
1 0.428125 0.820833 0.168750 0.229167
1 0.626563 0.328125 0.140625 0.227083
1 0.705469 0.144792 0.160938 0.222917
1 0.408594 0.963542 0.173438 0.064583
1 0.296094 0.042708 0.185938 0.085417
1 0.978125 0.302083 0.043750 0.237500
1 0.927344 0.963542 0.145313 0.072917
1 0.712500 0.962500 0.181250 0.075000
0 0.227344 0.929167 0.354688 0.141667
1 0.932813 0.833333 0.134375 0.191667
1 0.840625 0.244792 0.190625 0.218750
1 0.146094 0.638542 0.198437 0.264583
1 0.592188 0.061458 0.156250 0.122917
1 0.332031 0.147917 0.154688 0.191667
1 0.694531 0.493750 0.170313 0.208333
1 0.121875 0.059375 0.153125 0.118750
1 0.600781 0.867708 0.151562 0.202083
1 0.071094 0.385417 0.142188 0.208333
1 0.050000 0.810417 0.096875 0.216667
1 0.915625 0.655208 0.165625 0.222917
1 0.785156 0.866667 0.170313 0.208333
0 0.399219 0.433333 0.385938 0.450000
1 0.850000 0.093750 0.146875 0.187500
1 0.495313 0.179167 0.162500 0.187500
1 0.104688 0.255208 0.200000 0.260417
1 0.428125 0.820833 0.168750 0.229167
1 0.626563 0.328125 0.140625 0.227083
1 0.705469 0.144792 0.160938 0.222917
1 0.408594 0.963542 0.173438 0.064583
1 0.296094 0.042708 0.185938 0.085417
1 0.978125 0.302083 0.043750 0.237500
1 0.927344 0.963542 0.145313 0.072917
1 0.712500 0.962500 0.181250 0.075000
0 0.227344 0.929167 0.354688 0.141667
1 0.932813 0.833333 0.134375 0.191667
1 0.840625 0.244792 0.190625 0.218750
1 0.146094 0.638542 0.198437 0.264583
1 0.592188 0.061458 0.156250 0.122917
1 0.332031 0.147917 0.154688 0.191667
1 0.694531 0.493750 0.170313 0.208333
1 0.121875 0.059375 0.153125 0.118750
1 0.600781 0.867708 0.151562 0.202083
1 0.071094 0.385417 0.142188 0.208333
1 0.050000 0.810417 0.096875 0.216667
1 0.915625 0.655208 0.165625 0.222917
1 0.785156 0.866667 0.170313 0.208333
0 0.399219 0.433333 0.385938 0.450000
1 0.850000 0.093750 0.146875 0.187500
1 0.495313 0.179167 0.162500 0.187500
1 0.104688 0.255208 0.200000 0.260417
1 0.428125 0.820833 0.168750 0.229167
1 0.626563 0.328125 0.140625 0.227083
1 0.705469 0.144792 0.160938 0.222917
1 0.408594 0.963542 0.173438 0.064583
1 0.296094 0.042708 0.185938 0.085417
1 0.978125 0.302083 0.043750 0.237500
1 0.927344 0.963542 0.145313 0.072917
1 0.712500 0.962500 0.181250 0.075000
0 0.227344 0.929167 0.354688 0.141667
1 0.932813 0.833333 0.134375 0.191667
1 0.840625 0.244792 0.190625 0.218750
1 0.146094 0.638542 0.198437 0.264583
1 0.592188 0.061458 0.156250 0.122917
1 0.332031 0.147917 0.154688 0.191667
1 0.694531 0.493750 0.170313 0.208333
1 0.121875 0.059375 0.153125 0.118750
1 0.600781 0.867708 0.151562 0.202083
1 0.071094 0.385417 0.142188 0.208333
1 0.050000 0.810417 0.096875 0.216667
1 0.915625 0.655208 0.165625 0.222917
1 0.785156 0.866667 0.170313 0.208333
0 0.399219 0.433333 0.385938 0.450000
1 0.850000 0.093750 0.146875 0.187500
1 0.495313 0.179167 0.162500 0.187500
1 0.104688 0.255208 0.200000 0.260417
1 0.428125 0.820833 0.168750 0.229167
1 0.626563 0.328125 0.140625 0.227083
1 0.705469 0.144792 0.160938 0.222917
1 0.408594 0.963542 0.173438 0.064583
1 0.296094 0.042708 0.185938 0.085417
1 0.978125 0.302083 0.043750 0.237500
1 0.927344 0.963542 0.145313 0.072917
1 0.712500 0.962500 0.181250 0.075000
0 0.227344 0.929167 0.354688 0.141667
1 0.932813 0.833333 0.134375 0.191667
1 0.840625 0.244792 0.190625 0.218750
1 0.146094 0.638542 0.198437 0.264583
1 0.592188 0.061458 0.156250 0.122917
1 0.332031 0.147917 0.154688 0.191667
1 0.694531 0.493750 0.170313 0.208333
1 0.121875 0.059375 0.153125 0.118750
1 0.600781 0.867708 0.151562 0.202083
1 0.071094 0.385417 0.142188 0.208333
1 0.050000 0.810417 0.096875 0.216667
1 0.915625 0.655208 0.165625 0.222917
1 0.785156 0.866667 0.170313 0.208333
0 0.399219 0.433333 0.385938 0.450000
1 0.850000 0.093750 0.146875 0.187500
1 0.495313 0.179167 0.162500 0.187500
1 0.104688 0.255208 0.200000 0.260417
1 0.428125 0.820833 0.168750 0.229167
1 0.626563 0.328125 0.140625 0.227083
1 0.705469 0.144792 0.160938 0.222917
1 0.408594 0.963542 0.173438 0.064583
1 0.296094 0.042708 0.185938 0.085417
1 0.978125 0.302083 0.043750 0.237500
1 0.927344 0.963542 0.145313 0.072917
1 0.712500 0.962500 0.181250 0.075000
0 0.227344 0.929167 0.354688 0.141667
1 0.932813 0.833333 0.134375 0.191667
1 0.840625 0.244792 0.190625 0.218750
1 0.146094 0.638542 0.198437 0.264583
1 0.592188 0.061458 0.156250 0.122917
1 0.332031 0.147917 0.154688 0.191667
1 0.694531 0.493750 0.170313 0.208333
1 0.121875 0.059375 0.153125 0.118750
1 0.600781 0.867708 0.151562 0.202083
1 0.071094 0.385417 0.142188 0.208333
1 0.050000 0.810417 0.096875 0.216667
1 0.915625 0.655208 0.165625 0.222917
1 0.785156 0.866667 0.170313 0.208333
0 0.399219 0.433333 0.385938 0.450000
1 0.850000 0.093750 0.146875 0.187500
1 0.495313 0.179167 0.162500 0.187500
1 0.104688 0.255208 0.200000 0.260417
1 0.428125 0.820833 0.168750 0.229167
1 0.626563 0.328125 0.140625 0.227083
1 0.705469 0.144792 0.160938 0.222917
1 0.408594 0.963542 0.173438 0.064583
1 0.296094 0.042708 0.185938 0.085417
1 0.978125 0.302083 0.043750 0.237500
1 0.927344 0.963542 0.145313 0.072917
1 0.712500 0.962500 0.181250 0.075000
0 0.227344 0.929167 0.354688 0.141667
1 0.932813 0.833333 0.134375 0.191667
1 0.840625 0.244792 0.190625 0.218750
1 0.146094 0.638542 0.198437 0.264583
1 0.592188 0.061458 0.156250 0.122917
1 0.332031 0.147917 0.154688 0.191667
1 0.694531 0.493750 0.170313 0.208333
1 0.121875 0.059375 0.153125 0.118750
1 0.600781 0.867708 0.151562 0.202083
1 0.071094 0.385417 0.142188 0.208333
1 0.050000 0.810417 0.096875 0.216667
1 0.915625 0.655208 0.165625 0.222917
1 0.785156 0.866667 0.170313 0.208333
0 0.399219 0.433333 0.385938 0.450000
1 0.850000 0.093750 0.146875 0.187500
1 0.495313 0.179167 0.162500 0.187500
1 0.104688 0.255208 0.200000 0.260417
1 0.428125 0.820833 0.168750 0.229167
1 0.626563 0.328125 0.140625 0.227083
1 0.705469 0.144792 0.160938 0.222917
1 0.408594 0.963542 0.173438 0.064583
1 0.296094 0.042708 0.185938 0.085417
1 0.978125 0.302083 0.043750 0.237500
1 0.927344 0.963542 0.145313 0.072917
1 0.712500 0.962500 0.181250 0.075000
0 0.227344 0.929167 0.354688 0.141667
1 0.932813 0.833333 0.134375 0.191667
1 0.840625 0.244792 0.190625 0.218750
1 0.146094 0.638542 0.198437 0.264583
1 0.592188 0.061458 0.156250 0.122917
1 0.332031 0.147917 0.154688 0.191667
1 0.694531 0.493750 0.170313 0.208333
1 0.121875 0.059375 0.153125 0.118750
1 0.600781 0.867708 0.151562 0.202083
1 0.071094 0.385417 0.142188 0.208333
1 0.050000 0.810417 0.096875 0.216667
1 0.915625 0.655208 0.165625 0.222917
1 0.785156 0.866667 0.170313 0.208333
0 0.399219 0.433333 0.385938 0.450000
1 0.850000 0.093750 0.146875 0.187500
1 0.495313 0.179167 0.162500 0.187500
1 0.104688 0.255208 0.200000 0.260417
1 0.428125 0.820833 0.168750 0.229167
1 0.626563 0.328125 0.140625 0.227083
1 0.705469 0.144792 0.160938 0.222917
1 0.408594 0.963542 0.173438 0.064583
1 0.296094 0.042708 0.185938 0.085417
1 0.978125 0.302083 0.043750 0.237500
1 0.927344 0.963542 0.145313 0.072917
1 0.712500 0.962500 0.181250 0.075000
0 0.227344 0.929167 0.354688 0.141667
1 0.932813 0.833333 0.134375 0.191667
1 0.840625 0.244792 0.190625 0.218750
1 0.146094 0.638542 0.198437 0.264583
1 0.592188 0.061458 0.156250 0.122917
1 0.332031 0.147917 0.154688 0.191667
1 0.694531 0.493750 0.170313 0.208333
1 0.121875 0.059375 0.153125 0.118750
1 0.600781 0.867708 0.151562 0.202083
1 0.071094 0.385417 0.142188 0.208333
1 0.050000 0.810417 0.096875 0.216667
1 0.915625 0.655208 0.165625 0.222917
1 0.785156 0.866667 0.170313 0.208333
0 0.399219 0.433333 0.385938 0.450000
1 0.850000 0.093750 0.146875 0.187500
1 0.495313 0.179167 0.162500 0.187500
1 0.104688 0.255208 0.200000 0.260417
1 0.428125 0.820833 0.168750 0.229167
1 0.626563 0.328125 0.140625 0.227083
1 0.705469 0.144792 0.160938 0.222917
1 0.408594 0.963542 0.173438 0.064583
1 0.296094 0.042708 0.185938 0.085417
1 0.978125 0.302083 0.043750 0.237500
1 0.927344 0.963542 0.145313 0.072917
1 0.712500 0.962500 0.181250 0.075000
0 0.227344 0.929167 0.354688 0.141667
1 0.932813 0.833333 0.134375 0.191667
1 0.840625 0.244792 0.190625 0.218750
1 0.146094 0.638542 0.198437 0.264583
1 0.592188 0.061458 0.156250 0.122917
1 0.332031 0.147917 0.154688 0.191667
1 0.694531 0.493750 0.170313 0.208333
1 0.121875 0.059375 0.153125 0.118750
1 0.600781 0.867708 0.151562 0.202083
1 0.071094 0.385417 0.142188 0.208333
1 0.050000 0.810417 0.096875 0.216667
1 0.915625 0.655208 0.165625 0.222917
1 0.785156 0.866667 0.170313 0.208333
0 0.399219 0.433333 0.385938 0.450000
1 0.850000 0.093750 0.146875 0.187500
1 0.495313 0.179167 0.162500 0.187500
1 0.104688 0.255208 0.200000 0.260417
1 0.428125 0.820833 0.168750 0.229167
1 0.626563 0.328125 0.140625 0.227083
1 0.705469 0.144792 0.160938 0.222917
