1 0.540625 0.166667 0.178125 0.204167
1 0.032031 0.343750 0.060938 0.233333
2 0.030469 0.751042 0.054688 0.093750
1 0.953906 0.271875 0.092188 0.210417
2 0.376563 0.055208 0.078125 0.089583
2 0.334375 0.236458 0.081250 0.102083
1 0.275000 0.939583 0.150000 0.116667
1 0.199219 0.392708 0.145313 0.202083
1 0.665625 0.081250 0.175000 0.162500
1 0.084375 0.884375 0.168750 0.210417
1 0.942187 0.737500 0.106250 0.225000
1 0.081250 0.105208 0.159375 0.210417
1 0.847656 0.107292 0.176563 0.214583
1 0.510156 0.336458 0.189063 0.247917
0 0.505469 0.806250 0.342187 0.383333
1 0.274219 0.769792 0.160938 0.193750
1 0.239063 0.155208 0.162500 0.252083
1 0.764844 0.802083 0.151562 0.208333
1 0.737500 0.504167 0.162500 0.216667
1 0.107813 0.642708 0.181250 0.227083
1 0.315625 0.534375 0.168750 0.231250
1 0.536719 0.551042 0.195312 0.197917
1 0.540625 0.166667 0.178125 0.204167
1 0.032031 0.343750 0.060938 0.233333
2 0.030469 0.751042 0.054688 0.093750
1 0.953906 0.271875 0.092188 0.210417
2 0.376563 0.055208 0.078125 0.089583
2 0.334375 0.236458 0.081250 0.102083
1 0.275000 0.939583 0.150000 0.116667
1 0.199219 0.392708 0.145313 0.202083
1 0.665625 0.081250 0.175000 0.162500
1 0.084375 0.884375 0.168750 0.210417
1 0.942187 0.737500 0.106250 0.225000
1 0.081250 0.105208 0.159375 0.210417
1 0.847656 0.107292 0.176563 0.214583
1 0.510156 0.336458 0.189063 0.247917
0 0.505469 0.806250 0.342187 0.383333
1 0.274219 0.769792 0.160938 0.193750
1 0.239063 0.155208 0.162500 0.252083
1 0.764844 0.802083 0.151562 0.208333
1 0.737500 0.504167 0.162500 0.216667
1 0.107813 0.642708 0.181250 0.227083
1 0.315625 0.534375 0.168750 0.231250
1 0.536719 0.551042 0.195312 0.197917
1 0.540625 0.166667 0.178125 0.204167
1 0.032031 0.343750 0.060938 0.233333
2 0.030469 0.751042 0.054688 0.093750
1 0.953906 0.271875 0.092188 0.210417
2 0.376563 0.055208 0.078125 0.089583
2 0.334375 0.236458 0.081250 0.102083
1 0.275000 0.939583 0.150000 0.116667
1 0.199219 0.392708 0.145313 0.202083
1 0.665625 0.081250 0.175000 0.162500
1 0.084375 0.884375 0.168750 0.210417
1 0.942187 0.737500 0.106250 0.225000
1 0.081250 0.105208 0.159375 0.210417
1 0.847656 0.107292 0.176563 0.214583
1 0.510156 0.336458 0.189063 0.247917
0 0.505469 0.806250 0.342187 0.383333
1 0.274219 0.769792 0.160938 0.193750
1 0.239063 0.155208 0.162500 0.252083
1 0.764844 0.802083 0.151562 0.208333
1 0.737500 0.504167 0.162500 0.216667
1 0.107813 0.642708 0.181250 0.227083
1 0.315625 0.534375 0.168750 0.231250
1 0.536719 0.551042 0.195312 0.197917
1 0.540625 0.166667 0.178125 0.204167
1 0.032031 0.343750 0.060938 0.233333
2 0.030469 0.751042 0.054688 0.093750
1 0.953906 0.271875 0.092188 0.210417
2 0.376563 0.055208 0.078125 0.089583
2 0.334375 0.236458 0.081250 0.102083
1 0.275000 0.939583 0.150000 0.116667
1 0.199219 0.392708 0.145313 0.202083
1 0.665625 0.081250 0.175000 0.162500
1 0.084375 0.884375 0.168750 0.210417
1 0.942187 0.737500 0.106250 0.225000
1 0.081250 0.105208 0.159375 0.210417
1 0.847656 0.107292 0.176563 0.214583
1 0.510156 0.336458 0.189063 0.247917
0 0.505469 0.806250 0.342187 0.383333
1 0.274219 0.769792 0.160938 0.193750
1 0.239063 0.155208 0.162500 0.252083
1 0.764844 0.802083 0.151562 0.208333
1 0.737500 0.504167 0.162500 0.216667
1 0.107813 0.642708 0.181250 0.227083
1 0.315625 0.534375 0.168750 0.231250
1 0.536719 0.551042 0.195312 0.197917
1 0.540625 0.166667 0.178125 0.204167
1 0.032031 0.343750 0.060938 0.233333
2 0.030469 0.751042 0.054688 0.093750
1 0.953906 0.271875 0.092188 0.210417
2 0.376563 0.055208 0.078125 0.089583
2 0.334375 0.236458 0.081250 0.102083
1 0.275000 0.939583 0.150000 0.116667
1 0.199219 0.392708 0.145313 0.202083
1 0.665625 0.081250 0.175000 0.162500
1 0.084375 0.884375 0.168750 0.210417
1 0.942187 0.737500 0.106250 0.225000
1 0.081250 0.105208 0.159375 0.210417
1 0.847656 0.107292 0.176563 0.214583
1 0.510156 0.336458 0.189063 0.247917
0 0.505469 0.806250 0.342187 0.383333
1 0.274219 0.769792 0.160938 0.193750
1 0.239063 0.155208 0.162500 0.252083
1 0.764844 0.802083 0.151562 0.208333
1 0.737500 0.504167 0.162500 0.216667
1 0.107813 0.642708 0.181250 0.227083
1 0.315625 0.534375 0.168750 0.231250
1 0.536719 0.551042 0.195312 0.197917
1 0.540625 0.166667 0.178125 0.204167
1 0.032031 0.343750 0.060938 0.233333
2 0.030469 0.751042 0.054688 0.093750
1 0.953906 0.271875 0.092188 0.210417
2 0.376563 0.055208 0.078125 0.089583
2 0.334375 0.236458 0.081250 0.102083
1 0.275000 0.939583 0.150000 0.116667
1 0.199219 0.392708 0.145313 0.202083
1 0.665625 0.081250 0.175000 0.162500
1 0.084375 0.884375 0.168750 0.210417
1 0.942187 0.737500 0.106250 0.225000
1 0.081250 0.105208 0.159375 0.210417
1 0.847656 0.107292 0.176563 0.214583
1 0.510156 0.336458 0.189063 0.247917
0 0.505469 0.806250 0.342187 0.383333
1 0.274219 0.769792 0.160938 0.193750
1 0.239063 0.155208 0.162500 0.252083
1 0.764844 0.802083 0.151562 0.208333
1 0.737500 0.504167 0.162500 0.216667
1 0.107813 0.642708 0.181250 0.227083
1 0.315625 0.534375 0.168750 0.231250
1 0.536719 0.551042 0.195312 0.197917
1 0.540625 0.166667 0.178125 0.204167
1 0.032031 0.343750 0.060938 0.233333
2 0.030469 0.751042 0.054688 0.093750
1 0.953906 0.271875 0.092188 0.210417
2 0.376563 0.055208 0.078125 0.089583
2 0.334375 0.236458 0.081250 0.102083
1 0.275000 0.939583 0.150000 0.116667
1 0.199219 0.392708 0.145313 0.202083
1 0.665625 0.081250 0.175000 0.162500
1 0.084375 0.884375 0.168750 0.210417
1 0.942187 0.737500 0.106250 0.225000
1 0.081250 0.105208 0.159375 0.210417
1 0.847656 0.107292 0.176563 0.214583
1 0.510156 0.336458 0.189063 0.247917
0 0.505469 0.806250 0.342187 0.383333
1 0.274219 0.769792 0.160938 0.193750
1 0.239063 0.155208 0.162500 0.252083
1 0.764844 0.802083 0.151562 0.208333
1 0.737500 0.504167 0.162500 0.216667
1 0.107813 0.642708 0.181250 0.227083
1 0.315625 0.534375 0.168750 0.231250
1 0.536719 0.551042 0.195312 0.197917
1 0.540625 0.166667 0.178125 0.204167
1 0.032031 0.343750 0.060938 0.233333
2 0.030469 0.751042 0.054688 0.093750
1 0.953906 0.271875 0.092188 0.210417
2 0.376563 0.055208 0.078125 0.089583
2 0.334375 0.236458 0.081250 0.102083
1 0.275000 0.939583 0.150000 0.116667
1 0.199219 0.392708 0.145313 0.202083
1 0.665625 0.081250 0.175000 0.162500
1 0.084375 0.884375 0.168750 0.210417
1 0.942187 0.737500 0.106250 0.225000
1 0.081250 0.105208 0.159375 0.210417
1 0.847656 0.107292 0.176563 0.214583
1 0.510156 0.336458 0.189063 0.247917
0 0.505469 0.806250 0.342187 0.383333
1 0.274219 0.769792 0.160938 0.193750
1 0.239063 0.155208 0.162500 0.252083
1 0.764844 0.802083 0.151562 0.208333
1 0.737500 0.504167 0.162500 0.216667
1 0.107813 0.642708 0.181250 0.227083
1 0.315625 0.534375 0.168750 0.231250
1 0.536719 0.551042 0.195312 0.197917
1 0.540625 0.166667 0.178125 0.204167
1 0.032031 0.343750 0.060938 0.233333
2 0.030469 0.751042 0.054688 0.093750
1 0.953906 0.271875 0.092188 0.210417
2 0.376563 0.055208 0.078125 0.089583
2 0.334375 0.236458 0.081250 0.102083
1 0.275000 0.939583 0.150000 0.116667
1 0.199219 0.392708 0.145313 0.202083
1 0.665625 0.081250 0.175000 0.162500
1 0.084375 0.884375 0.168750 0.210417
1 0.942187 0.737500 0.106250 0.225000
1 0.081250 0.105208 0.159375 0.210417
1 0.847656 0.107292 0.176563 0.214583
1 0.510156 0.336458 0.189063 0.247917
0 0.505469 0.806250 0.342187 0.383333
1 0.274219 0.769792 0.160938 0.193750
1 0.239063 0.155208 0.162500 0.252083
1 0.764844 0.802083 0.151562 0.208333
1 0.737500 0.504167 0.162500 0.216667
1 0.107813 0.642708 0.181250 0.227083
1 0.315625 0.534375 0.168750 0.231250
1 0.536719 0.551042 0.195312 0.197917
1 0.540625 0.166667 0.178125 0.204167
1 0.032031 0.343750 0.060938 0.233333
2 0.030469 0.751042 0.054688 0.093750
1 0.953906 0.271875 0.092188 0.210417
2 0.376563 0.055208 0.078125 0.089583
2 0.334375 0.236458 0.081250 0.102083
1 0.275000 0.939583 0.150000 0.116667
1 0.199219 0.392708 0.145313 0.202083
1 0.665625 0.081250 0.175000 0.162500
1 0.084375 0.884375 0.168750 0.210417
1 0.942187 0.737500 0.106250 0.225000
1 0.081250 0.105208 0.159375 0.210417
1 0.847656 0.107292 0.176563 0.214583
1 0.510156 0.336458 0.189063 0.247917
0 0.505469 0.806250 0.342187 0.383333
1 0.274219 0.769792 0.160938 0.193750
1 0.239063 0.155208 0.162500 0.252083
1 0.764844 0.802083 0.151562 0.208333
1 0.737500 0.504167 0.162500 0.216667
1 0.107813 0.642708 0.181250 0.227083
1 0.315625 0.534375 0.168750 0.231250
1 0.536719 0.551042 0.195312 0.197917
1 0.540625 0.166667 0.178125 0.204167
1 0.032031 0.343750 0.060938 0.233333
2 0.030469 0.751042 0.054688 0.093750
1 0.953906 0.271875 0.092188 0.210417
2 0.376563 0.055208 0.078125 0.089583
2 0.334375 0.236458 0.081250 0.102083
1 0.275000 0.939583 0.150000 0.116667
1 0.199219 0.392708 0.145313 0.202083
1 0.665625 0.081250 0.175000 0.162500
1 0.084375 0.884375 0.168750 0.210417
1 0.942187 0.737500 0.106250 0.225000
1 0.081250 0.105208 0.159375 0.210417
1 0.847656 0.107292 0.176563 0.214583
1 0.510156 0.336458 0.189063 0.247917
0 0.505469 0.806250 0.342187 0.383333
1 0.274219 0.769792 0.160938 0.193750
1 0.239063 0.155208 0.162500 0.252083
1 0.764844 0.802083 0.151562 0.208333
1 0.737500 0.504167 0.162500 0.216667
1 0.107813 0.642708 0.181250 0.227083
1 0.315625 0.534375 0.168750 0.231250
1 0.536719 0.551042 0.195312 0.197917
1 0.540625 0.166667 0.178125 0.204167
1 0.032031 0.343750 0.060938 0.233333
2 0.030469 0.751042 0.054688 0.093750
1 0.953906 0.271875 0.092188 0.210417
2 0.376563 0.055208 0.078125 0.089583
2 0.334375 0.236458 0.081250 0.102083
1 0.275000 0.939583 0.150000 0.116667
1 0.199219 0.392708 0.145313 0.202083
1 0.665625 0.081250 0.175000 0.162500
1 0.084375 0.884375 0.168750 0.210417
1 0.942187 0.737500 0.106250 0.225000
1 0.081250 0.105208 0.159375 0.210417
1 0.847656 0.107292 0.176563 0.214583
1 0.510156 0.336458 0.189063 0.247917
0 0.505469 0.806250 0.342187 0.383333
1 0.274219 0.769792 0.160938 0.193750
1 0.239063 0.155208 0.162500 0.252083
1 0.764844 0.802083 0.151562 0.208333
1 0.737500 0.504167 0.162500 0.216667
1 0.107813 0.642708 0.181250 0.227083
1 0.315625 0.534375 0.168750 0.231250
1 0.536719 0.551042 0.195312 0.197917
1 0.540625 0.166667 0.178125 0.204167
1 0.032031 0.343750 0.060938 0.233333
2 0.030469 0.751042 0.054688 0.093750
1 0.953906 0.271875 0.092188 0.210417
2 0.376563 0.055208 0.078125 0.089583
2 0.334375 0.236458 0.081250 0.102083
1 0.275000 0.939583 0.150000 0.116667
1 0.199219 0.392708 0.145313 0.202083
1 0.665625 0.081250 0.175000 0.162500
1 0.084375 0.884375 0.168750 0.210417
1 0.942187 0.737500 0.106250 0.225000
1 0.081250 0.105208 0.159375 0.210417
1 0.847656 0.107292 0.176563 0.214583
1 0.510156 0.336458 0.189063 0.247917
0 0.505469 0.806250 0.342187 0.383333
1 0.274219 0.769792 0.160938 0.193750
1 0.239063 0.155208 0.162500 0.252083
1 0.764844 0.802083 0.151562 0.208333
1 0.737500 0.504167 0.162500 0.216667
1 0.107813 0.642708 0.181250 0.227083
1 0.315625 0.534375 0.168750 0.231250
1 0.536719 0.551042 0.195312 0.197917
1 0.540625 0.166667 0.178125 0.204167
1 0.032031 0.343750 0.060938 0.233333
2 0.030469 0.751042 0.054688 0.093750
1 0.953906 0.271875 0.092188 0.210417
2 0.376563 0.055208 0.078125 0.089583
2 0.334375 0.236458 0.081250 0.102083
1 0.275000 0.939583 0.150000 0.116667
1 0.199219 0.392708 0.145313 0.202083
1 0.665625 0.081250 0.175000 0.162500
1 0.084375 0.884375 0.168750 0.210417
1 0.942187 0.737500 0.106250 0.225000
1 0.081250 0.105208 0.159375 0.210417
1 0.847656 0.107292 0.176563 0.214583
1 0.510156 0.336458 0.189063 0.247917
0 0.505469 0.806250 0.342187 0.383333
1 0.274219 0.769792 0.160938 0.193750
1 0.239063 0.155208 0.162500 0.252083
1 0.764844 0.802083 0.151562 0.208333
1 0.737500 0.504167 0.162500 0.216667
1 0.107813 0.642708 0.181250 0.227083
1 0.315625 0.534375 0.168750 0.231250
1 0.536719 0.551042 0.195312 0.197917
1 0.540625 0.166667 0.178125 0.204167
1 0.032031 0.343750 0.060938 0.233333
2 0.030469 0.751042 0.054688 0.093750
1 0.953906 0.271875 0.092188 0.210417
2 0.376563 0.055208 0.078125 0.089583
2 0.334375 0.236458 0.081250 0.102083
1 0.275000 0.939583 0.150000 0.116667
1 0.199219 0.392708 0.145313 0.202083
1 0.665625 0.081250 0.175000 0.162500
1 0.084375 0.884375 0.168750 0.210417
1 0.942187 0.737500 0.106250 0.225000
1 0.081250 0.105208 0.159375 0.210417
1 0.847656 0.107292 0.176563 0.214583
1 0.510156 0.336458 0.189063 0.247917
0 0.505469 0.806250 0.342187 0.383333
1 0.274219 0.769792 0.160938 0.193750
1 0.239063 0.155208 0.162500 0.252083
1 0.764844 0.802083 0.151562 0.208333
1 0.737500 0.504167 0.162500 0.216667
1 0.107813 0.642708 0.181250 0.227083
1 0.315625 0.534375 0.168750 0.231250
1 0.536719 0.551042 0.195312 0.197917
1 0.540625 0.166667 0.178125 0.204167
1 0.032031 0.343750 0.060938 0.233333
2 0.030469 0.751042 0.054688 0.093750
1 0.953906 0.271875 0.092188 0.210417
2 0.376563 0.055208 0.078125 0.089583
2 0.334375 0.236458 0.081250 0.102083
1 0.275000 0.939583 0.150000 0.116667
1 0.199219 0.392708 0.145313 0.202083
1 0.665625 0.081250 0.175000 0.162500
1 0.084375 0.884375 0.168750 0.210417
1 0.942187 0.737500 0.106250 0.225000
1 0.081250 0.105208 0.159375 0.210417
1 0.847656 0.107292 0.176563 0.214583
1 0.510156 0.336458 0.189063 0.247917
0 0.505469 0.806250 0.342187 0.383333
1 0.274219 0.769792 0.160938 0.193750
1 0.239063 0.155208 0.162500 0.252083
1 0.764844 0.802083 0.151562 0.208333
1 0.737500 0.504167 0.162500 0.216667
1 0.107813 0.642708 0.181250 0.227083
1 0.315625 0.534375 0.168750 0.231250
1 0.536719 0.551042 0.195312 0.197917
1 0.540625 0.166667 0.178125 0.204167
1 0.032031 0.343750 0.060938 0.233333
2 0.030469 0.751042 0.054688 0.093750
1 0.953906 0.271875 0.092188 0.210417
2 0.376563 0.055208 0.078125 0.089583
2 0.334375 0.236458 0.081250 0.102083
1 0.275000 0.939583 0.150000 0.116667
1 0.199219 0.392708 0.145313 0.202083
1 0.665625 0.081250 0.175000 0.162500
1 0.084375 0.884375 0.168750 0.210417
1 0.942187 0.737500 0.106250 0.225000
1 0.081250 0.105208 0.159375 0.210417
1 0.847656 0.107292 0.176563 0.214583
1 0.510156 0.336458 0.189063 0.247917
0 0.505469 0.806250 0.342187 0.383333
1 0.274219 0.769792 0.160938 0.193750
1 0.239063 0.155208 0.162500 0.252083
1 0.764844 0.802083 0.151562 0.208333
1 0.737500 0.504167 0.162500 0.216667
1 0.107813 0.642708 0.181250 0.227083
1 0.315625 0.534375 0.168750 0.231250
1 0.536719 0.551042 0.195312 0.197917
1 0.540625 0.166667 0.178125 0.204167
1 0.032031 0.343750 0.060938 0.233333
2 0.030469 0.751042 0.054688 0.093750
1 0.953906 0.271875 0.092188 0.210417
2 0.376563 0.055208 0.078125 0.089583
2 0.334375 0.236458 0.081250 0.102083
1 0.275000 0.939583 0.150000 0.116667
1 0.199219 0.392708 0.145313 0.202083
1 0.665625 0.081250 0.175000 0.162500
1 0.084375 0.884375 0.168750 0.210417
1 0.942187 0.737500 0.106250 0.225000
1 0.081250 0.105208 0.159375 0.210417
1 0.847656 0.107292 0.176563 0.214583
1 0.510156 0.336458 0.189063 0.247917
0 0.505469 0.806250 0.342187 0.383333
1 0.274219 0.769792 0.160938 0.193750
1 0.239063 0.155208 0.162500 0.252083
1 0.764844 0.802083 0.151562 0.208333
1 0.737500 0.504167 0.162500 0.216667
1 0.107813 0.642708 0.181250 0.227083
1 0.315625 0.534375 0.168750 0.231250
1 0.536719 0.551042 0.195312 0.197917
1 0.540625 0.166667 0.178125 0.204167
1 0.032031 0.343750 0.060938 0.233333
2 0.030469 0.751042 0.054688 0.093750
1 0.953906 0.271875 0.092188 0.210417
2 0.376563 0.055208 0.078125 0.089583
2 0.334375 0.236458 0.081250 0.102083
1 0.275000 0.939583 0.150000 0.116667
1 0.199219 0.392708 0.145313 0.202083
1 0.665625 0.081250 0.175000 0.162500
1 0.084375 0.884375 0.168750 0.210417
1 0.942187 0.737500 0.106250 0.225000
1 0.081250 0.105208 0.159375 0.210417
1 0.847656 0.107292 0.176563 0.214583
1 0.510156 0.336458 0.189063 0.247917
0 0.505469 0.806250 0.342187 0.383333
1 0.274219 0.769792 0.160938 0.193750
1 0.239063 0.155208 0.162500 0.252083
1 0.764844 0.802083 0.151562 0.208333
1 0.737500 0.504167 0.162500 0.216667
1 0.107813 0.642708 0.181250 0.227083
1 0.315625 0.534375 0.168750 0.231250
1 0.536719 0.551042 0.195312 0.197917
1 0.540625 0.166667 0.178125 0.204167
1 0.032031 0.343750 0.060938 0.233333
2 0.030469 0.751042 0.054688 0.093750
1 0.953906 0.271875 0.092188 0.210417
2 0.376563 0.055208 0.078125 0.089583
2 0.334375 0.236458 0.081250 0.102083
1 0.275000 0.939583 0.150000 0.116667
1 0.199219 0.392708 0.145313 0.202083
1 0.665625 0.081250 0.175000 0.162500
1 0.084375 0.884375 0.168750 0.210417
1 0.942187 0.737500 0.106250 0.225000
1 0.081250 0.105208 0.159375 0.210417
1 0.847656 0.107292 0.176563 0.214583
1 0.510156 0.336458 0.189063 0.247917
0 0.505469 0.806250 0.342187 0.383333
1 0.274219 0.769792 0.160938 0.193750
1 0.239063 0.155208 0.162500 0.252083
1 0.764844 0.802083 0.151562 0.208333
1 0.737500 0.504167 0.162500 0.216667
1 0.107813 0.642708 0.181250 0.227083
1 0.315625 0.534375 0.168750 0.231250
1 0.536719 0.551042 0.195312 0.197917
1 0.540625 0.166667 0.178125 0.204167
1 0.032031 0.343750 0.060938 0.233333
2 0.030469 0.751042 0.054688 0.093750
1 0.953906 0.271875 0.092188 0.210417
2 0.376563 0.055208 0.078125 0.089583
2 0.334375 0.236458 0.081250 0.102083
1 0.275000 0.939583 0.150000 0.116667
1 0.199219 0.392708 0.145313 0.202083
1 0.665625 0.081250 0.175000 0.162500
1 0.084375 0.884375 0.168750 0.210417
1 0.942187 0.737500 0.106250 0.225000
1 0.081250 0.105208 0.159375 0.210417
1 0.847656 0.107292 0.176563 0.214583
1 0.510156 0.336458 0.189063 0.247917
0 0.505469 0.806250 0.342187 0.383333
1 0.274219 0.769792 0.160938 0.193750
1 0.239063 0.155208 0.162500 0.252083
1 0.764844 0.802083 0.151562 0.208333
1 0.737500 0.504167 0.162500 0.216667
1 0.107813 0.642708 0.181250 0.227083
1 0.315625 0.534375 0.168750 0.231250
1 0.536719 0.551042 0.195312 0.197917
1 0.540625 0.166667 0.178125 0.204167
1 0.032031 0.343750 0.060938 0.233333
2 0.030469 0.751042 0.054688 0.093750
1 0.953906 0.271875 0.092188 0.210417
2 0.376563 0.055208 0.078125 0.089583
2 0.334375 0.236458 0.081250 0.102083
1 0.275000 0.939583 0.150000 0.116667
1 0.199219 0.392708 0.145313 0.202083
1 0.665625 0.081250 0.175000 0.162500
1 0.084375 0.884375 0.168750 0.210417
1 0.942187 0.737500 0.106250 0.225000
1 0.081250 0.105208 0.159375 0.210417
1 0.847656 0.107292 0.176563 0.214583
1 0.510156 0.336458 0.189063 0.247917
0 0.505469 0.806250 0.342187 0.383333
1 0.274219 0.769792 0.160938 0.193750
1 0.239063 0.155208 0.162500 0.252083
1 0.764844 0.802083 0.151562 0.208333
1 0.737500 0.504167 0.162500 0.216667
1 0.107813 0.642708 0.181250 0.227083
1 0.315625 0.534375 0.168750 0.231250
1 0.536719 0.551042 0.195312 0.197917
