1 0.527344 0.662500 0.232813 0.245833
1 0.338281 0.072917 0.185938 0.141667
1 0.527344 0.172917 0.201563 0.254167
1 0.086719 0.041667 0.173438 0.083333
2 0.821094 0.884375 0.064062 0.081250
1 0.090625 0.782292 0.175000 0.227083
1 0.047656 0.859375 0.092188 0.281250
1 0.958594 0.904167 0.082813 0.191667
1 0.725781 0.732292 0.167187 0.235417
1 0.416406 0.750000 0.173438 0.204167
2 0.882812 0.886458 0.056250 0.072917
1 0.841406 0.642708 0.173438 0.218750
1 0.804688 0.243750 0.150000 0.212500
0 0.373437 0.309375 0.209375 0.260417
1 0.681250 0.359375 0.168750 0.181250
1 0.527344 0.662500 0.232813 0.245833
1 0.338281 0.072917 0.185938 0.141667
1 0.527344 0.172917 0.201563 0.254167
1 0.086719 0.041667 0.173438 0.083333
2 0.821094 0.884375 0.064062 0.081250
1 0.090625 0.782292 0.175000 0.227083
1 0.047656 0.859375 0.092188 0.281250
1 0.958594 0.904167 0.082813 0.191667
1 0.725781 0.732292 0.167187 0.235417
1 0.416406 0.750000 0.173438 0.204167
2 0.882812 0.886458 0.056250 0.072917
1 0.841406 0.642708 0.173438 0.218750
1 0.804688 0.243750 0.150000 0.212500
0 0.373437 0.309375 0.209375 0.260417
1 0.681250 0.359375 0.168750 0.181250
1 0.527344 0.662500 0.232813 0.245833
1 0.338281 0.072917 0.185938 0.141667
1 0.527344 0.172917 0.201563 0.254167
1 0.086719 0.041667 0.173438 0.083333
2 0.821094 0.884375 0.064062 0.081250
1 0.090625 0.782292 0.175000 0.227083
1 0.047656 0.859375 0.092188 0.281250
1 0.958594 0.904167 0.082813 0.191667
1 0.725781 0.732292 0.167187 0.235417
1 0.416406 0.750000 0.173438 0.204167
2 0.882812 0.886458 0.056250 0.072917
1 0.841406 0.642708 0.173438 0.218750
1 0.804688 0.243750 0.150000 0.212500
0 0.373437 0.309375 0.209375 0.260417
1 0.681250 0.359375 0.168750 0.181250
1 0.527344 0.662500 0.232813 0.245833
1 0.338281 0.072917 0.185938 0.141667
1 0.527344 0.172917 0.201563 0.254167
1 0.086719 0.041667 0.173438 0.083333
2 0.821094 0.884375 0.064062 0.081250
1 0.090625 0.782292 0.175000 0.227083
1 0.047656 0.859375 0.092188 0.281250
1 0.958594 0.904167 0.082813 0.191667
1 0.725781 0.732292 0.167187 0.235417
1 0.416406 0.750000 0.173438 0.204167
2 0.882812 0.886458 0.056250 0.072917
1 0.841406 0.642708 0.173438 0.218750
1 0.804688 0.243750 0.150000 0.212500
0 0.373437 0.309375 0.209375 0.260417
1 0.681250 0.359375 0.168750 0.181250
1 0.527344 0.662500 0.232813 0.245833
1 0.338281 0.072917 0.185938 0.141667
1 0.527344 0.172917 0.201563 0.254167
1 0.086719 0.041667 0.173438 0.083333
2 0.821094 0.884375 0.064062 0.081250
1 0.090625 0.782292 0.175000 0.227083
1 0.047656 0.859375 0.092188 0.281250
1 0.958594 0.904167 0.082813 0.191667
1 0.725781 0.732292 0.167187 0.235417
1 0.416406 0.750000 0.173438 0.204167
2 0.882812 0.886458 0.056250 0.072917
1 0.841406 0.642708 0.173438 0.218750
1 0.804688 0.243750 0.150000 0.212500
0 0.373437 0.309375 0.209375 0.260417
1 0.681250 0.359375 0.168750 0.181250
1 0.527344 0.662500 0.232813 0.245833
1 0.338281 0.072917 0.185938 0.141667
1 0.527344 0.172917 0.201563 0.254167
1 0.086719 0.041667 0.173438 0.083333
2 0.821094 0.884375 0.064062 0.081250
1 0.090625 0.782292 0.175000 0.227083
1 0.047656 0.859375 0.092188 0.281250
1 0.958594 0.904167 0.082813 0.191667
1 0.725781 0.732292 0.167187 0.235417
1 0.416406 0.750000 0.173438 0.204167
2 0.882812 0.886458 0.056250 0.072917
1 0.841406 0.642708 0.173438 0.218750
1 0.804688 0.243750 0.150000 0.212500
0 0.373437 0.309375 0.209375 0.260417
1 0.681250 0.359375 0.168750 0.181250
1 0.527344 0.662500 0.232813 0.245833
1 0.338281 0.072917 0.185938 0.141667
1 0.527344 0.172917 0.201563 0.254167
1 0.086719 0.041667 0.173438 0.083333
2 0.821094 0.884375 0.064062 0.081250
1 0.090625 0.782292 0.175000 0.227083
1 0.047656 0.859375 0.092188 0.281250
1 0.958594 0.904167 0.082813 0.191667
1 0.725781 0.732292 0.167187 0.235417
1 0.416406 0.750000 0.173438 0.204167
2 0.882812 0.886458 0.056250 0.072917
1 0.841406 0.642708 0.173438 0.218750
1 0.804688 0.243750 0.150000 0.212500
0 0.373437 0.309375 0.209375 0.260417
1 0.681250 0.359375 0.168750 0.181250
1 0.527344 0.662500 0.232813 0.245833
1 0.338281 0.072917 0.185938 0.141667
1 0.527344 0.172917 0.201563 0.254167
1 0.086719 0.041667 0.173438 0.083333
2 0.821094 0.884375 0.064062 0.081250
1 0.090625 0.782292 0.175000 0.227083
1 0.047656 0.859375 0.092188 0.281250
1 0.958594 0.904167 0.082813 0.191667
1 0.725781 0.732292 0.167187 0.235417
1 0.416406 0.750000 0.173438 0.204167
2 0.882812 0.886458 0.056250 0.072917
1 0.841406 0.642708 0.173438 0.218750
1 0.804688 0.243750 0.150000 0.212500
0 0.373437 0.309375 0.209375 0.260417
1 0.681250 0.359375 0.168750 0.181250
1 0.527344 0.662500 0.232813 0.245833
1 0.338281 0.072917 0.185938 0.141667
1 0.527344 0.172917 0.201563 0.254167
1 0.086719 0.041667 0.173438 0.083333
2 0.821094 0.884375 0.064062 0.081250
1 0.090625 0.782292 0.175000 0.227083
1 0.047656 0.859375 0.092188 0.281250
1 0.958594 0.904167 0.082813 0.191667
1 0.725781 0.732292 0.167187 0.235417
1 0.416406 0.750000 0.173438 0.204167
2 0.882812 0.886458 0.056250 0.072917
1 0.841406 0.642708 0.173438 0.218750
1 0.804688 0.243750 0.150000 0.212500
0 0.373437 0.309375 0.209375 0.260417
1 0.681250 0.359375 0.168750 0.181250
1 0.527344 0.662500 0.232813 0.245833
1 0.338281 0.072917 0.185938 0.141667
1 0.527344 0.172917 0.201563 0.254167
1 0.086719 0.041667 0.173438 0.083333
2 0.821094 0.884375 0.064062 0.081250
1 0.090625 0.782292 0.175000 0.227083
1 0.047656 0.859375 0.092188 0.281250
1 0.958594 0.904167 0.082813 0.191667
1 0.725781 0.732292 0.167187 0.235417
1 0.416406 0.750000 0.173438 0.204167
2 0.882812 0.886458 0.056250 0.072917
1 0.841406 0.642708 0.173438 0.218750
1 0.804688 0.243750 0.150000 0.212500
0 0.373437 0.309375 0.209375 0.260417
1 0.681250 0.359375 0.168750 0.181250
1 0.527344 0.662500 0.232813 0.245833
1 0.338281 0.072917 0.185938 0.141667
1 0.527344 0.172917 0.201563 0.254167
1 0.086719 0.041667 0.173438 0.083333
2 0.821094 0.884375 0.064062 0.081250
1 0.090625 0.782292 0.175000 0.227083
1 0.047656 0.859375 0.092188 0.281250
1 0.958594 0.904167 0.082813 0.191667
1 0.725781 0.732292 0.167187 0.235417
1 0.416406 0.750000 0.173438 0.204167
2 0.882812 0.886458 0.056250 0.072917
1 0.841406 0.642708 0.173438 0.218750
1 0.804688 0.243750 0.150000 0.212500
0 0.373437 0.309375 0.209375 0.260417
1 0.681250 0.359375 0.168750 0.181250
1 0.527344 0.662500 0.232813 0.245833
1 0.338281 0.072917 0.185938 0.141667
1 0.527344 0.172917 0.201563 0.254167
1 0.086719 0.041667 0.173438 0.083333
2 0.821094 0.884375 0.064062 0.081250
1 0.090625 0.782292 0.175000 0.227083
1 0.047656 0.859375 0.092188 0.281250
1 0.958594 0.904167 0.082813 0.191667
1 0.725781 0.732292 0.167187 0.235417
1 0.416406 0.750000 0.173438 0.204167
2 0.882812 0.886458 0.056250 0.072917
1 0.841406 0.642708 0.173438 0.218750
1 0.804688 0.243750 0.150000 0.212500
0 0.373437 0.309375 0.209375 0.260417
1 0.681250 0.359375 0.168750 0.181250
1 0.527344 0.662500 0.232813 0.245833
1 0.338281 0.072917 0.185938 0.141667
1 0.527344 0.172917 0.201563 0.254167
1 0.086719 0.041667 0.173438 0.083333
2 0.821094 0.884375 0.064062 0.081250
1 0.090625 0.782292 0.175000 0.227083
1 0.047656 0.859375 0.092188 0.281250
1 0.958594 0.904167 0.082813 0.191667
1 0.725781 0.732292 0.167187 0.235417
1 0.416406 0.750000 0.173438 0.204167
2 0.882812 0.886458 0.056250 0.072917
1 0.841406 0.642708 0.173438 0.218750
1 0.804688 0.243750 0.150000 0.212500
0 0.373437 0.309375 0.209375 0.260417
1 0.681250 0.359375 0.168750 0.181250
1 0.527344 0.662500 0.232813 0.245833
1 0.338281 0.072917 0.185938 0.141667
1 0.527344 0.172917 0.201563 0.254167
1 0.086719 0.041667 0.173438 0.083333
2 0.821094 0.884375 0.064062 0.081250
1 0.090625 0.782292 0.175000 0.227083
1 0.047656 0.859375 0.092188 0.281250
1 0.958594 0.904167 0.082813 0.191667
1 0.725781 0.732292 0.167187 0.235417
1 0.416406 0.750000 0.173438 0.204167
2 0.882812 0.886458 0.056250 0.072917
1 0.841406 0.642708 0.173438 0.218750
1 0.804688 0.243750 0.150000 0.212500
0 0.373437 0.309375 0.209375 0.260417
1 0.681250 0.359375 0.168750 0.181250
1 0.527344 0.662500 0.232813 0.245833
1 0.338281 0.072917 0.185938 0.141667
1 0.527344 0.172917 0.201563 0.254167
1 0.086719 0.041667 0.173438 0.083333
2 0.821094 0.884375 0.064062 0.081250
1 0.090625 0.782292 0.175000 0.227083
1 0.047656 0.859375 0.092188 0.281250
1 0.958594 0.904167 0.082813 0.191667
1 0.725781 0.732292 0.167187 0.235417
1 0.416406 0.750000 0.173438 0.204167
2 0.882812 0.886458 0.056250 0.072917
1 0.841406 0.642708 0.173438 0.218750
1 0.804688 0.243750 0.150000 0.212500
0 0.373437 0.309375 0.209375 0.260417
1 0.681250 0.359375 0.168750 0.181250
