1 0.045313 0.254167 0.090625 0.200000
1 0.640625 0.341667 0.168750 0.258333
1 0.763281 0.941667 0.185938 0.112500
1 0.967969 0.539583 0.064062 0.237500
1 0.363281 0.126042 0.142188 0.189583
1 0.299219 0.935417 0.154688 0.129167
2 0.146094 0.940625 0.051562 0.068750
1 0.914062 0.212500 0.171875 0.233333
1 0.728906 0.081250 0.164062 0.158333
1 0.087500 0.396875 0.146875 0.222917
2 0.116406 0.835417 0.054688 0.070833
1 0.320312 0.394792 0.178125 0.239583
2 0.017188 0.625000 0.034375 0.062500
1 0.133594 0.105208 0.179688 0.210417
1 0.442188 0.872917 0.171875 0.179167
0 0.494531 0.620833 0.210938 0.308333
1 0.745313 0.547917 0.178125 0.237500
1 0.274219 0.583333 0.170313 0.187500
1 0.045313 0.254167 0.090625 0.200000
1 0.640625 0.341667 0.168750 0.258333
1 0.763281 0.941667 0.185938 0.112500
1 0.967969 0.539583 0.064062 0.237500
1 0.363281 0.126042 0.142188 0.189583
1 0.299219 0.935417 0.154688 0.129167
2 0.146094 0.940625 0.051562 0.068750
1 0.914062 0.212500 0.171875 0.233333
1 0.728906 0.081250 0.164062 0.158333
1 0.087500 0.396875 0.146875 0.222917
2 0.116406 0.835417 0.054688 0.070833
1 0.320312 0.394792 0.178125 0.239583
2 0.017188 0.625000 0.034375 0.062500
1 0.133594 0.105208 0.179688 0.210417
1 0.442188 0.872917 0.171875 0.179167
0 0.494531 0.620833 0.210938 0.308333
1 0.745313 0.547917 0.178125 0.237500
1 0.274219 0.583333 0.170313 0.187500
1 0.045313 0.254167 0.090625 0.200000
1 0.640625 0.341667 0.168750 0.258333
1 0.763281 0.941667 0.185938 0.112500
1 0.967969 0.539583 0.064062 0.237500
1 0.363281 0.126042 0.142188 0.189583
1 0.299219 0.935417 0.154688 0.129167
2 0.146094 0.940625 0.051562 0.068750
1 0.914062 0.212500 0.171875 0.233333
1 0.728906 0.081250 0.164062 0.158333
1 0.087500 0.396875 0.146875 0.222917
2 0.116406 0.835417 0.054688 0.070833
1 0.320312 0.394792 0.178125 0.239583
2 0.017188 0.625000 0.034375 0.062500
1 0.133594 0.105208 0.179688 0.210417
1 0.442188 0.872917 0.171875 0.179167
0 0.494531 0.620833 0.210938 0.308333
1 0.745313 0.547917 0.178125 0.237500
1 0.274219 0.583333 0.170313 0.187500
1 0.045313 0.254167 0.090625 0.200000
1 0.640625 0.341667 0.168750 0.258333
1 0.763281 0.941667 0.185938 0.112500
1 0.967969 0.539583 0.064062 0.237500
1 0.363281 0.126042 0.142188 0.189583
1 0.299219 0.935417 0.154688 0.129167
2 0.146094 0.940625 0.051562 0.068750
1 0.914062 0.212500 0.171875 0.233333
1 0.728906 0.081250 0.164062 0.158333
1 0.087500 0.396875 0.146875 0.222917
2 0.116406 0.835417 0.054688 0.070833
1 0.320312 0.394792 0.178125 0.239583
2 0.017188 0.625000 0.034375 0.062500
1 0.133594 0.105208 0.179688 0.210417
1 0.442188 0.872917 0.171875 0.179167
0 0.494531 0.620833 0.210938 0.308333
1 0.745313 0.547917 0.178125 0.237500
1 0.274219 0.583333 0.170313 0.187500
1 0.045313 0.254167 0.090625 0.200000
1 0.640625 0.341667 0.168750 0.258333
1 0.763281 0.941667 0.185938 0.112500
1 0.967969 0.539583 0.064062 0.237500
1 0.363281 0.126042 0.142188 0.189583
1 0.299219 0.935417 0.154688 0.129167
2 0.146094 0.940625 0.051562 0.068750
1 0.914062 0.212500 0.171875 0.233333
1 0.728906 0.081250 0.164062 0.158333
1 0.087500 0.396875 0.146875 0.222917
2 0.116406 0.835417 0.054688 0.070833
1 0.320312 0.394792 0.178125 0.239583
2 0.017188 0.625000 0.034375 0.062500
1 0.133594 0.105208 0.179688 0.210417
1 0.442188 0.872917 0.171875 0.179167
0 0.494531 0.620833 0.210938 0.308333
1 0.745313 0.547917 0.178125 0.237500
1 0.274219 0.583333 0.170313 0.187500
1 0.045313 0.254167 0.090625 0.200000
1 0.640625 0.341667 0.168750 0.258333
1 0.763281 0.941667 0.185938 0.112500
1 0.967969 0.539583 0.064062 0.237500
1 0.363281 0.126042 0.142188 0.189583
1 0.299219 0.935417 0.154688 0.129167
2 0.146094 0.940625 0.051562 0.068750
1 0.914062 0.212500 0.171875 0.233333
1 0.728906 0.081250 0.164062 0.158333
1 0.087500 0.396875 0.146875 0.222917
2 0.116406 0.835417 0.054688 0.070833
1 0.320312 0.394792 0.178125 0.239583
2 0.017188 0.625000 0.034375 0.062500
1 0.133594 0.105208 0.179688 0.210417
1 0.442188 0.872917 0.171875 0.179167
0 0.494531 0.620833 0.210938 0.308333
1 0.745313 0.547917 0.178125 0.237500
1 0.274219 0.583333 0.170313 0.187500
1 0.045313 0.254167 0.090625 0.200000
1 0.640625 0.341667 0.168750 0.258333
1 0.763281 0.941667 0.185938 0.112500
1 0.967969 0.539583 0.064062 0.237500
1 0.363281 0.126042 0.142188 0.189583
1 0.299219 0.935417 0.154688 0.129167
2 0.146094 0.940625 0.051562 0.068750
1 0.914062 0.212500 0.171875 0.233333
1 0.728906 0.081250 0.164062 0.158333
1 0.087500 0.396875 0.146875 0.222917
2 0.116406 0.835417 0.054688 0.070833
1 0.320312 0.394792 0.178125 0.239583
2 0.017188 0.625000 0.034375 0.062500
1 0.133594 0.105208 0.179688 0.210417
1 0.442188 0.872917 0.171875 0.179167
0 0.494531 0.620833 0.210938 0.308333
1 0.745313 0.547917 0.178125 0.237500
1 0.274219 0.583333 0.170313 0.187500
1 0.045313 0.254167 0.090625 0.200000
1 0.640625 0.341667 0.168750 0.258333
1 0.763281 0.941667 0.185938 0.112500
1 0.967969 0.539583 0.064062 0.237500
1 0.363281 0.126042 0.142188 0.189583
1 0.299219 0.935417 0.154688 0.129167
2 0.146094 0.940625 0.051562 0.068750
1 0.914062 0.212500 0.171875 0.233333
1 0.728906 0.081250 0.164062 0.158333
1 0.087500 0.396875 0.146875 0.222917
2 0.116406 0.835417 0.054688 0.070833
1 0.320312 0.394792 0.178125 0.239583
2 0.017188 0.625000 0.034375 0.062500
1 0.133594 0.105208 0.179688 0.210417
1 0.442188 0.872917 0.171875 0.179167
0 0.494531 0.620833 0.210938 0.308333
1 0.745313 0.547917 0.178125 0.237500
1 0.274219 0.583333 0.170313 0.187500
1 0.045313 0.254167 0.090625 0.200000
1 0.640625 0.341667 0.168750 0.258333
1 0.763281 0.941667 0.185938 0.112500
1 0.967969 0.539583 0.064062 0.237500
1 0.363281 0.126042 0.142188 0.189583
1 0.299219 0.935417 0.154688 0.129167
2 0.146094 0.940625 0.051562 0.068750
1 0.914062 0.212500 0.171875 0.233333
1 0.728906 0.081250 0.164062 0.158333
1 0.087500 0.396875 0.146875 0.222917
2 0.116406 0.835417 0.054688 0.070833
1 0.320312 0.394792 0.178125 0.239583
2 0.017188 0.625000 0.034375 0.062500
1 0.133594 0.105208 0.179688 0.210417
1 0.442188 0.872917 0.171875 0.179167
0 0.494531 0.620833 0.210938 0.308333
1 0.745313 0.547917 0.178125 0.237500
1 0.274219 0.583333 0.170313 0.187500
1 0.045313 0.254167 0.090625 0.200000
1 0.640625 0.341667 0.168750 0.258333
1 0.763281 0.941667 0.185938 0.112500
1 0.967969 0.539583 0.064062 0.237500
1 0.363281 0.126042 0.142188 0.189583
1 0.299219 0.935417 0.154688 0.129167
2 0.146094 0.940625 0.051562 0.068750
1 0.914062 0.212500 0.171875 0.233333
1 0.728906 0.081250 0.164062 0.158333
1 0.087500 0.396875 0.146875 0.222917
2 0.116406 0.835417 0.054688 0.070833
1 0.320312 0.394792 0.178125 0.239583
2 0.017188 0.625000 0.034375 0.062500
1 0.133594 0.105208 0.179688 0.210417
1 0.442188 0.872917 0.171875 0.179167
0 0.494531 0.620833 0.210938 0.308333
1 0.745313 0.547917 0.178125 0.237500
1 0.274219 0.583333 0.170313 0.187500
1 0.045313 0.254167 0.090625 0.200000
1 0.640625 0.341667 0.168750 0.258333
1 0.763281 0.941667 0.185938 0.112500
1 0.967969 0.539583 0.064062 0.237500
1 0.363281 0.126042 0.142188 0.189583
1 0.299219 0.935417 0.154688 0.129167
2 0.146094 0.940625 0.051562 0.068750
1 0.914062 0.212500 0.171875 0.233333
1 0.728906 0.081250 0.164062 0.158333
1 0.087500 0.396875 0.146875 0.222917
2 0.116406 0.835417 0.054688 0.070833
1 0.320312 0.394792 0.178125 0.239583
2 0.017188 0.625000 0.034375 0.062500
1 0.133594 0.105208 0.179688 0.210417
1 0.442188 0.872917 0.171875 0.179167
0 0.494531 0.620833 0.210938 0.308333
1 0.745313 0.547917 0.178125 0.237500
1 0.274219 0.583333 0.170313 0.187500
1 0.045313 0.254167 0.090625 0.200000
1 0.640625 0.341667 0.168750 0.258333
1 0.763281 0.941667 0.185938 0.112500
1 0.967969 0.539583 0.064062 0.237500
1 0.363281 0.126042 0.142188 0.189583
1 0.299219 0.935417 0.154688 0.129167
2 0.146094 0.940625 0.051562 0.068750
1 0.914062 0.212500 0.171875 0.233333
1 0.728906 0.081250 0.164062 0.158333
1 0.087500 0.396875 0.146875 0.222917
2 0.116406 0.835417 0.054688 0.070833
1 0.320312 0.394792 0.178125 0.239583
2 0.017188 0.625000 0.034375 0.062500
1 0.133594 0.105208 0.179688 0.210417
1 0.442188 0.872917 0.171875 0.179167
0 0.494531 0.620833 0.210938 0.308333
1 0.745313 0.547917 0.178125 0.237500
1 0.274219 0.583333 0.170313 0.187500
1 0.045313 0.254167 0.090625 0.200000
1 0.640625 0.341667 0.168750 0.258333
1 0.763281 0.941667 0.185938 0.112500
1 0.967969 0.539583 0.064062 0.237500
1 0.363281 0.126042 0.142188 0.189583
1 0.299219 0.935417 0.154688 0.129167
2 0.146094 0.940625 0.051562 0.068750
1 0.914062 0.212500 0.171875 0.233333
1 0.728906 0.081250 0.164062 0.158333
1 0.087500 0.396875 0.146875 0.222917
2 0.116406 0.835417 0.054688 0.070833
1 0.320312 0.394792 0.178125 0.239583
2 0.017188 0.625000 0.034375 0.062500
1 0.133594 0.105208 0.179688 0.210417
1 0.442188 0.872917 0.171875 0.179167
0 0.494531 0.620833 0.210938 0.308333
1 0.745313 0.547917 0.178125 0.237500
1 0.274219 0.583333 0.170313 0.187500
1 0.045313 0.254167 0.090625 0.200000
1 0.640625 0.341667 0.168750 0.258333
1 0.763281 0.941667 0.185938 0.112500
1 0.967969 0.539583 0.064062 0.237500
1 0.363281 0.126042 0.142188 0.189583
1 0.299219 0.935417 0.154688 0.129167
2 0.146094 0.940625 0.051562 0.068750
1 0.914062 0.212500 0.171875 0.233333
1 0.728906 0.081250 0.164062 0.158333
1 0.087500 0.396875 0.146875 0.222917
2 0.116406 0.835417 0.054688 0.070833
1 0.320312 0.394792 0.178125 0.239583
2 0.017188 0.625000 0.034375 0.062500
1 0.133594 0.105208 0.179688 0.210417
1 0.442188 0.872917 0.171875 0.179167
0 0.494531 0.620833 0.210938 0.308333
1 0.745313 0.547917 0.178125 0.237500
1 0.274219 0.583333 0.170313 0.187500
1 0.045313 0.254167 0.090625 0.200000
1 0.640625 0.341667 0.168750 0.258333
1 0.763281 0.941667 0.185938 0.112500
1 0.967969 0.539583 0.064062 0.237500
1 0.363281 0.126042 0.142188 0.189583
1 0.299219 0.935417 0.154688 0.129167
2 0.146094 0.940625 0.051562 0.068750
1 0.914062 0.212500 0.171875 0.233333
1 0.728906 0.081250 0.164062 0.158333
1 0.087500 0.396875 0.146875 0.222917
2 0.116406 0.835417 0.054688 0.070833
1 0.320312 0.394792 0.178125 0.239583
2 0.017188 0.625000 0.034375 0.062500
1 0.133594 0.105208 0.179688 0.210417
1 0.442188 0.872917 0.171875 0.179167
0 0.494531 0.620833 0.210938 0.308333
1 0.745313 0.547917 0.178125 0.237500
1 0.274219 0.583333 0.170313 0.187500
1 0.045313 0.254167 0.090625 0.200000
1 0.640625 0.341667 0.168750 0.258333
1 0.763281 0.941667 0.185938 0.112500
1 0.967969 0.539583 0.064062 0.237500
1 0.363281 0.126042 0.142188 0.189583
1 0.299219 0.935417 0.154688 0.129167
2 0.146094 0.940625 0.051562 0.068750
1 0.914062 0.212500 0.171875 0.233333
1 0.728906 0.081250 0.164062 0.158333
1 0.087500 0.396875 0.146875 0.222917
2 0.116406 0.835417 0.054688 0.070833
1 0.320312 0.394792 0.178125 0.239583
2 0.017188 0.625000 0.034375 0.062500
1 0.133594 0.105208 0.179688 0.210417
1 0.442188 0.872917 0.171875 0.179167
0 0.494531 0.620833 0.210938 0.308333
1 0.745313 0.547917 0.178125 0.237500
1 0.274219 0.583333 0.170313 0.187500
1 0.045313 0.254167 0.090625 0.200000
1 0.640625 0.341667 0.168750 0.258333
1 0.763281 0.941667 0.185938 0.112500
1 0.967969 0.539583 0.064062 0.237500
1 0.363281 0.126042 0.142188 0.189583
1 0.299219 0.935417 0.154688 0.129167
2 0.146094 0.940625 0.051562 0.068750
1 0.914062 0.212500 0.171875 0.233333
1 0.728906 0.081250 0.164062 0.158333
1 0.087500 0.396875 0.146875 0.222917
2 0.116406 0.835417 0.054688 0.070833
1 0.320312 0.394792 0.178125 0.239583
2 0.017188 0.625000 0.034375 0.062500
1 0.133594 0.105208 0.179688 0.210417
1 0.442188 0.872917 0.171875 0.179167
0 0.494531 0.620833 0.210938 0.308333
1 0.745313 0.547917 0.178125 0.237500
1 0.274219 0.583333 0.170313 0.187500
1 0.045313 0.254167 0.090625 0.200000
1 0.640625 0.341667 0.168750 0.258333
1 0.763281 0.941667 0.185938 0.112500
1 0.967969 0.539583 0.064062 0.237500
1 0.363281 0.126042 0.142188 0.189583
1 0.299219 0.935417 0.154688 0.129167
2 0.146094 0.940625 0.051562 0.068750
1 0.914062 0.212500 0.171875 0.233333
1 0.728906 0.081250 0.164062 0.158333
1 0.087500 0.396875 0.146875 0.222917
2 0.116406 0.835417 0.054688 0.070833
1 0.320312 0.394792 0.178125 0.239583
2 0.017188 0.625000 0.034375 0.062500
1 0.133594 0.105208 0.179688 0.210417
1 0.442188 0.872917 0.171875 0.179167
0 0.494531 0.620833 0.210938 0.308333
1 0.745313 0.547917 0.178125 0.237500
1 0.274219 0.583333 0.170313 0.187500
