1 0.090625 0.934375 0.181250 0.127083
1 0.124219 0.022917 0.164062 0.045833
1 0.830469 0.952083 0.220313 0.091667
1 0.958594 0.197917 0.079687 0.179167
1 0.357031 0.244792 0.185938 0.235417
1 0.957812 0.328125 0.081250 0.235417
1 0.819531 0.551042 0.173438 0.222917
1 0.310156 0.118750 0.189063 0.179167
1 0.089844 0.750000 0.148438 0.150000
1 0.971094 0.570833 0.057813 0.195833
1 0.933594 0.788542 0.126563 0.243750
2 0.235938 0.560417 0.115625 0.145833
1 0.069531 0.430208 0.139063 0.218750
1 0.932813 0.062500 0.134375 0.125000
2 0.105469 0.113542 0.070312 0.089583
1 0.251563 0.787500 0.212500 0.245833
0 0.428125 0.525000 0.200000 0.258333
1 0.636719 0.463542 0.154688 0.181250
1 0.535937 0.303125 0.162500 0.214583
1 0.167187 0.244792 0.190625 0.222917
1 0.090625 0.934375 0.181250 0.127083
1 0.124219 0.022917 0.164062 0.045833
1 0.830469 0.952083 0.220313 0.091667
1 0.958594 0.197917 0.079687 0.179167
1 0.357031 0.244792 0.185938 0.235417
1 0.957812 0.328125 0.081250 0.235417
1 0.819531 0.551042 0.173438 0.222917
1 0.310156 0.118750 0.189063 0.179167
1 0.089844 0.750000 0.148438 0.150000
1 0.971094 0.570833 0.057813 0.195833
1 0.933594 0.788542 0.126563 0.243750
2 0.235938 0.560417 0.115625 0.145833
1 0.069531 0.430208 0.139063 0.218750
1 0.932813 0.062500 0.134375 0.125000
2 0.105469 0.113542 0.070312 0.089583
1 0.251563 0.787500 0.212500 0.245833
0 0.428125 0.525000 0.200000 0.258333
1 0.636719 0.463542 0.154688 0.181250
1 0.535937 0.303125 0.162500 0.214583
1 0.167187 0.244792 0.190625 0.222917
1 0.090625 0.934375 0.181250 0.127083
1 0.124219 0.022917 0.164062 0.045833
1 0.830469 0.952083 0.220313 0.091667
1 0.958594 0.197917 0.079687 0.179167
1 0.357031 0.244792 0.185938 0.235417
1 0.957812 0.328125 0.081250 0.235417
1 0.819531 0.551042 0.173438 0.222917
1 0.310156 0.118750 0.189063 0.179167
1 0.089844 0.750000 0.148438 0.150000
1 0.971094 0.570833 0.057813 0.195833
1 0.933594 0.788542 0.126563 0.243750
2 0.235938 0.560417 0.115625 0.145833
1 0.069531 0.430208 0.139063 0.218750
1 0.932813 0.062500 0.134375 0.125000
2 0.105469 0.113542 0.070312 0.089583
1 0.251563 0.787500 0.212500 0.245833
0 0.428125 0.525000 0.200000 0.258333
1 0.636719 0.463542 0.154688 0.181250
1 0.535937 0.303125 0.162500 0.214583
1 0.167187 0.244792 0.190625 0.222917
1 0.090625 0.934375 0.181250 0.127083
1 0.124219 0.022917 0.164062 0.045833
1 0.830469 0.952083 0.220313 0.091667
1 0.958594 0.197917 0.079687 0.179167
1 0.357031 0.244792 0.185938 0.235417
1 0.957812 0.328125 0.081250 0.235417
1 0.819531 0.551042 0.173438 0.222917
1 0.310156 0.118750 0.189063 0.179167
1 0.089844 0.750000 0.148438 0.150000
1 0.971094 0.570833 0.057813 0.195833
1 0.933594 0.788542 0.126563 0.243750
2 0.235938 0.560417 0.115625 0.145833
1 0.069531 0.430208 0.139063 0.218750
1 0.932813 0.062500 0.134375 0.125000
2 0.105469 0.113542 0.070312 0.089583
1 0.251563 0.787500 0.212500 0.245833
0 0.428125 0.525000 0.200000 0.258333
1 0.636719 0.463542 0.154688 0.181250
1 0.535937 0.303125 0.162500 0.214583
1 0.167187 0.244792 0.190625 0.222917
1 0.090625 0.934375 0.181250 0.127083
1 0.124219 0.022917 0.164062 0.045833
1 0.830469 0.952083 0.220313 0.091667
1 0.958594 0.197917 0.079687 0.179167
1 0.357031 0.244792 0.185938 0.235417
1 0.957812 0.328125 0.081250 0.235417
1 0.819531 0.551042 0.173438 0.222917
1 0.310156 0.118750 0.189063 0.179167
1 0.089844 0.750000 0.148438 0.150000
1 0.971094 0.570833 0.057813 0.195833
1 0.933594 0.788542 0.126563 0.243750
2 0.235938 0.560417 0.115625 0.145833
1 0.069531 0.430208 0.139063 0.218750
1 0.932813 0.062500 0.134375 0.125000
2 0.105469 0.113542 0.070312 0.089583
1 0.251563 0.787500 0.212500 0.245833
0 0.428125 0.525000 0.200000 0.258333
1 0.636719 0.463542 0.154688 0.181250
1 0.535937 0.303125 0.162500 0.214583
1 0.167187 0.244792 0.190625 0.222917
1 0.090625 0.934375 0.181250 0.127083
1 0.124219 0.022917 0.164062 0.045833
1 0.830469 0.952083 0.220313 0.091667
1 0.958594 0.197917 0.079687 0.179167
1 0.357031 0.244792 0.185938 0.235417
1 0.957812 0.328125 0.081250 0.235417
1 0.819531 0.551042 0.173438 0.222917
1 0.310156 0.118750 0.189063 0.179167
1 0.089844 0.750000 0.148438 0.150000
1 0.971094 0.570833 0.057813 0.195833
1 0.933594 0.788542 0.126563 0.243750
2 0.235938 0.560417 0.115625 0.145833
1 0.069531 0.430208 0.139063 0.218750
1 0.932813 0.062500 0.134375 0.125000
2 0.105469 0.113542 0.070312 0.089583
1 0.251563 0.787500 0.212500 0.245833
0 0.428125 0.525000 0.200000 0.258333
1 0.636719 0.463542 0.154688 0.181250
1 0.535937 0.303125 0.162500 0.214583
1 0.167187 0.244792 0.190625 0.222917
1 0.090625 0.934375 0.181250 0.127083
1 0.124219 0.022917 0.164062 0.045833
1 0.830469 0.952083 0.220313 0.091667
1 0.958594 0.197917 0.079687 0.179167
1 0.357031 0.244792 0.185938 0.235417
1 0.957812 0.328125 0.081250 0.235417
1 0.819531 0.551042 0.173438 0.222917
1 0.310156 0.118750 0.189063 0.179167
1 0.089844 0.750000 0.148438 0.150000
1 0.971094 0.570833 0.057813 0.195833
1 0.933594 0.788542 0.126563 0.243750
2 0.235938 0.560417 0.115625 0.145833
1 0.069531 0.430208 0.139063 0.218750
1 0.932813 0.062500 0.134375 0.125000
2 0.105469 0.113542 0.070312 0.089583
1 0.251563 0.787500 0.212500 0.245833
0 0.428125 0.525000 0.200000 0.258333
1 0.636719 0.463542 0.154688 0.181250
1 0.535937 0.303125 0.162500 0.214583
1 0.167187 0.244792 0.190625 0.222917
1 0.090625 0.934375 0.181250 0.127083
1 0.124219 0.022917 0.164062 0.045833
1 0.830469 0.952083 0.220313 0.091667
1 0.958594 0.197917 0.079687 0.179167
1 0.357031 0.244792 0.185938 0.235417
1 0.957812 0.328125 0.081250 0.235417
1 0.819531 0.551042 0.173438 0.222917
1 0.310156 0.118750 0.189063 0.179167
1 0.089844 0.750000 0.148438 0.150000
1 0.971094 0.570833 0.057813 0.195833
1 0.933594 0.788542 0.126563 0.243750
2 0.235938 0.560417 0.115625 0.145833
1 0.069531 0.430208 0.139063 0.218750
1 0.932813 0.062500 0.134375 0.125000
2 0.105469 0.113542 0.070312 0.089583
1 0.251563 0.787500 0.212500 0.245833
0 0.428125 0.525000 0.200000 0.258333
1 0.636719 0.463542 0.154688 0.181250
1 0.535937 0.303125 0.162500 0.214583
1 0.167187 0.244792 0.190625 0.222917
1 0.090625 0.934375 0.181250 0.127083
1 0.124219 0.022917 0.164062 0.045833
1 0.830469 0.952083 0.220313 0.091667
1 0.958594 0.197917 0.079687 0.179167
1 0.357031 0.244792 0.185938 0.235417
1 0.957812 0.328125 0.081250 0.235417
1 0.819531 0.551042 0.173438 0.222917
1 0.310156 0.118750 0.189063 0.179167
1 0.089844 0.750000 0.148438 0.150000
1 0.971094 0.570833 0.057813 0.195833
1 0.933594 0.788542 0.126563 0.243750
2 0.235938 0.560417 0.115625 0.145833
1 0.069531 0.430208 0.139063 0.218750
1 0.932813 0.062500 0.134375 0.125000
2 0.105469 0.113542 0.070312 0.089583
1 0.251563 0.787500 0.212500 0.245833
0 0.428125 0.525000 0.200000 0.258333
1 0.636719 0.463542 0.154688 0.181250
1 0.535937 0.303125 0.162500 0.214583
1 0.167187 0.244792 0.190625 0.222917
1 0.090625 0.934375 0.181250 0.127083
1 0.124219 0.022917 0.164062 0.045833
1 0.830469 0.952083 0.220313 0.091667
1 0.958594 0.197917 0.079687 0.179167
1 0.357031 0.244792 0.185938 0.235417
1 0.957812 0.328125 0.081250 0.235417
1 0.819531 0.551042 0.173438 0.222917
1 0.310156 0.118750 0.189063 0.179167
1 0.089844 0.750000 0.148438 0.150000
1 0.971094 0.570833 0.057813 0.195833
1 0.933594 0.788542 0.126563 0.243750
2 0.235938 0.560417 0.115625 0.145833
1 0.069531 0.430208 0.139063 0.218750
1 0.932813 0.062500 0.134375 0.125000
2 0.105469 0.113542 0.070312 0.089583
1 0.251563 0.787500 0.212500 0.245833
0 0.428125 0.525000 0.200000 0.258333
1 0.636719 0.463542 0.154688 0.181250
1 0.535937 0.303125 0.162500 0.214583
1 0.167187 0.244792 0.190625 0.222917
1 0.090625 0.934375 0.181250 0.127083
1 0.124219 0.022917 0.164062 0.045833
1 0.830469 0.952083 0.220313 0.091667
1 0.958594 0.197917 0.079687 0.179167
1 0.357031 0.244792 0.185938 0.235417
1 0.957812 0.328125 0.081250 0.235417
1 0.819531 0.551042 0.173438 0.222917
1 0.310156 0.118750 0.189063 0.179167
1 0.089844 0.750000 0.148438 0.150000
1 0.971094 0.570833 0.057813 0.195833
1 0.933594 0.788542 0.126563 0.243750
2 0.235938 0.560417 0.115625 0.145833
1 0.069531 0.430208 0.139063 0.218750
1 0.932813 0.062500 0.134375 0.125000
2 0.105469 0.113542 0.070312 0.089583
1 0.251563 0.787500 0.212500 0.245833
0 0.428125 0.525000 0.200000 0.258333
1 0.636719 0.463542 0.154688 0.181250
1 0.535937 0.303125 0.162500 0.214583
1 0.167187 0.244792 0.190625 0.222917
1 0.090625 0.934375 0.181250 0.127083
1 0.124219 0.022917 0.164062 0.045833
1 0.830469 0.952083 0.220313 0.091667
1 0.958594 0.197917 0.079687 0.179167
1 0.357031 0.244792 0.185938 0.235417
1 0.957812 0.328125 0.081250 0.235417
1 0.819531 0.551042 0.173438 0.222917
1 0.310156 0.118750 0.189063 0.179167
1 0.089844 0.750000 0.148438 0.150000
1 0.971094 0.570833 0.057813 0.195833
1 0.933594 0.788542 0.126563 0.243750
2 0.235938 0.560417 0.115625 0.145833
1 0.069531 0.430208 0.139063 0.218750
1 0.932813 0.062500 0.134375 0.125000
2 0.105469 0.113542 0.070312 0.089583
1 0.251563 0.787500 0.212500 0.245833
0 0.428125 0.525000 0.200000 0.258333
1 0.636719 0.463542 0.154688 0.181250
1 0.535937 0.303125 0.162500 0.214583
1 0.167187 0.244792 0.190625 0.222917
1 0.090625 0.934375 0.181250 0.127083
1 0.124219 0.022917 0.164062 0.045833
1 0.830469 0.952083 0.220313 0.091667
1 0.958594 0.197917 0.079687 0.179167
1 0.357031 0.244792 0.185938 0.235417
1 0.957812 0.328125 0.081250 0.235417
1 0.819531 0.551042 0.173438 0.222917
1 0.310156 0.118750 0.189063 0.179167
1 0.089844 0.750000 0.148438 0.150000
1 0.971094 0.570833 0.057813 0.195833
1 0.933594 0.788542 0.126563 0.243750
2 0.235938 0.560417 0.115625 0.145833
1 0.069531 0.430208 0.139063 0.218750
1 0.932813 0.062500 0.134375 0.125000
2 0.105469 0.113542 0.070312 0.089583
1 0.251563 0.787500 0.212500 0.245833
0 0.428125 0.525000 0.200000 0.258333
1 0.636719 0.463542 0.154688 0.181250
1 0.535937 0.303125 0.162500 0.214583
1 0.167187 0.244792 0.190625 0.222917
1 0.090625 0.934375 0.181250 0.127083
1 0.124219 0.022917 0.164062 0.045833
1 0.830469 0.952083 0.220313 0.091667
1 0.958594 0.197917 0.079687 0.179167
1 0.357031 0.244792 0.185938 0.235417
1 0.957812 0.328125 0.081250 0.235417
1 0.819531 0.551042 0.173438 0.222917
1 0.310156 0.118750 0.189063 0.179167
1 0.089844 0.750000 0.148438 0.150000
1 0.971094 0.570833 0.057813 0.195833
1 0.933594 0.788542 0.126563 0.243750
2 0.235938 0.560417 0.115625 0.145833
1 0.069531 0.430208 0.139063 0.218750
1 0.932813 0.062500 0.134375 0.125000
2 0.105469 0.113542 0.070312 0.089583
1 0.251563 0.787500 0.212500 0.245833
0 0.428125 0.525000 0.200000 0.258333
1 0.636719 0.463542 0.154688 0.181250
1 0.535937 0.303125 0.162500 0.214583
1 0.167187 0.244792 0.190625 0.222917
1 0.090625 0.934375 0.181250 0.127083
1 0.124219 0.022917 0.164062 0.045833
1 0.830469 0.952083 0.220313 0.091667
1 0.958594 0.197917 0.079687 0.179167
1 0.357031 0.244792 0.185938 0.235417
1 0.957812 0.328125 0.081250 0.235417
1 0.819531 0.551042 0.173438 0.222917
1 0.310156 0.118750 0.189063 0.179167
1 0.089844 0.750000 0.148438 0.150000
1 0.971094 0.570833 0.057813 0.195833
1 0.933594 0.788542 0.126563 0.243750
2 0.235938 0.560417 0.115625 0.145833
1 0.069531 0.430208 0.139063 0.218750
1 0.932813 0.062500 0.134375 0.125000
2 0.105469 0.113542 0.070312 0.089583
1 0.251563 0.787500 0.212500 0.245833
0 0.428125 0.525000 0.200000 0.258333
1 0.636719 0.463542 0.154688 0.181250
1 0.535937 0.303125 0.162500 0.214583
1 0.167187 0.244792 0.190625 0.222917
1 0.090625 0.934375 0.181250 0.127083
1 0.124219 0.022917 0.164062 0.045833
1 0.830469 0.952083 0.220313 0.091667
1 0.958594 0.197917 0.079687 0.179167
1 0.357031 0.244792 0.185938 0.235417
1 0.957812 0.328125 0.081250 0.235417
1 0.819531 0.551042 0.173438 0.222917
1 0.310156 0.118750 0.189063 0.179167
1 0.089844 0.750000 0.148438 0.150000
1 0.971094 0.570833 0.057813 0.195833
1 0.933594 0.788542 0.126563 0.243750
2 0.235938 0.560417 0.115625 0.145833
1 0.069531 0.430208 0.139063 0.218750
1 0.932813 0.062500 0.134375 0.125000
2 0.105469 0.113542 0.070312 0.089583
1 0.251563 0.787500 0.212500 0.245833
0 0.428125 0.525000 0.200000 0.258333
1 0.636719 0.463542 0.154688 0.181250
1 0.535937 0.303125 0.162500 0.214583
1 0.167187 0.244792 0.190625 0.222917
1 0.090625 0.934375 0.181250 0.127083
1 0.124219 0.022917 0.164062 0.045833
1 0.830469 0.952083 0.220313 0.091667
1 0.958594 0.197917 0.079687 0.179167
1 0.357031 0.244792 0.185938 0.235417
1 0.957812 0.328125 0.081250 0.235417
1 0.819531 0.551042 0.173438 0.222917
1 0.310156 0.118750 0.189063 0.179167
1 0.089844 0.750000 0.148438 0.150000
1 0.971094 0.570833 0.057813 0.195833
1 0.933594 0.788542 0.126563 0.243750
2 0.235938 0.560417 0.115625 0.145833
1 0.069531 0.430208 0.139063 0.218750
1 0.932813 0.062500 0.134375 0.125000
2 0.105469 0.113542 0.070312 0.089583
1 0.251563 0.787500 0.212500 0.245833
0 0.428125 0.525000 0.200000 0.258333
1 0.636719 0.463542 0.154688 0.181250
1 0.535937 0.303125 0.162500 0.214583
1 0.167187 0.244792 0.190625 0.222917
1 0.090625 0.934375 0.181250 0.127083
1 0.124219 0.022917 0.164062 0.045833
1 0.830469 0.952083 0.220313 0.091667
1 0.958594 0.197917 0.079687 0.179167
1 0.357031 0.244792 0.185938 0.235417
1 0.957812 0.328125 0.081250 0.235417
1 0.819531 0.551042 0.173438 0.222917
1 0.310156 0.118750 0.189063 0.179167
1 0.089844 0.750000 0.148438 0.150000
1 0.971094 0.570833 0.057813 0.195833
1 0.933594 0.788542 0.126563 0.243750
2 0.235938 0.560417 0.115625 0.145833
1 0.069531 0.430208 0.139063 0.218750
1 0.932813 0.062500 0.134375 0.125000
2 0.105469 0.113542 0.070312 0.089583
1 0.251563 0.787500 0.212500 0.245833
0 0.428125 0.525000 0.200000 0.258333
1 0.636719 0.463542 0.154688 0.181250
1 0.535937 0.303125 0.162500 0.214583
1 0.167187 0.244792 0.190625 0.222917
1 0.090625 0.934375 0.181250 0.127083
1 0.124219 0.022917 0.164062 0.045833
1 0.830469 0.952083 0.220313 0.091667
1 0.958594 0.197917 0.079687 0.179167
1 0.357031 0.244792 0.185938 0.235417
1 0.957812 0.328125 0.081250 0.235417
1 0.819531 0.551042 0.173438 0.222917
1 0.310156 0.118750 0.189063 0.179167
1 0.089844 0.750000 0.148438 0.150000
1 0.971094 0.570833 0.057813 0.195833
1 0.933594 0.788542 0.126563 0.243750
2 0.235938 0.560417 0.115625 0.145833
1 0.069531 0.430208 0.139063 0.218750
1 0.932813 0.062500 0.134375 0.125000
2 0.105469 0.113542 0.070312 0.089583
1 0.251563 0.787500 0.212500 0.245833
0 0.428125 0.525000 0.200000 0.258333
1 0.636719 0.463542 0.154688 0.181250
1 0.535937 0.303125 0.162500 0.214583
1 0.167187 0.244792 0.190625 0.222917
1 0.090625 0.934375 0.181250 0.127083
1 0.124219 0.022917 0.164062 0.045833
1 0.830469 0.952083 0.220313 0.091667
1 0.958594 0.197917 0.079687 0.179167
1 0.357031 0.244792 0.185938 0.235417
1 0.957812 0.328125 0.081250 0.235417
1 0.819531 0.551042 0.173438 0.222917
1 0.310156 0.118750 0.189063 0.179167
1 0.089844 0.750000 0.148438 0.150000
1 0.971094 0.570833 0.057813 0.195833
1 0.933594 0.788542 0.126563 0.243750
2 0.235938 0.560417 0.115625 0.145833
1 0.069531 0.430208 0.139063 0.218750
1 0.932813 0.062500 0.134375 0.125000
2 0.105469 0.113542 0.070312 0.089583
1 0.251563 0.787500 0.212500 0.245833
0 0.428125 0.525000 0.200000 0.258333
1 0.636719 0.463542 0.154688 0.181250
1 0.535937 0.303125 0.162500 0.214583
1 0.167187 0.244792 0.190625 0.222917
