1 0.044531 0.577083 0.089063 0.208333
1 0.892969 0.588542 0.182812 0.256250
1 0.157813 0.217708 0.146875 0.222917
1 0.254688 0.035417 0.159375 0.066667
1 0.951563 0.491667 0.093750 0.225000
1 0.609375 0.416667 0.165625 0.195833
2 0.982031 0.980208 0.035937 0.039583
1 0.651563 0.046875 0.184375 0.093750
1 0.154688 0.843750 0.162500 0.216667
2 0.671094 0.223958 0.064062 0.081250
2 0.719531 0.960417 0.045313 0.054167
1 0.147656 0.540625 0.145313 0.243750
1 0.571875 0.054167 0.184375 0.108333
1 0.132812 0.096875 0.193750 0.181250
1 0.039062 0.946875 0.078125 0.106250
1 0.822656 0.076042 0.217188 0.152083
1 0.310937 0.897917 0.165625 0.204167
0 0.312500 0.446875 0.215625 0.231250
2 0.427344 0.841667 0.076563 0.104167
1 0.063281 0.229167 0.126563 0.216667
1 0.874219 0.492708 0.154688 0.197917
1 0.920313 0.243750 0.156250 0.241667
1 0.712500 0.569792 0.165625 0.189583
0 0.575781 0.882292 0.242188 0.235417
1 0.899219 0.914583 0.154688 0.170833
1 0.044531 0.577083 0.089063 0.208333
1 0.892969 0.588542 0.182812 0.256250
1 0.157813 0.217708 0.146875 0.222917
1 0.254688 0.035417 0.159375 0.066667
1 0.951563 0.491667 0.093750 0.225000
1 0.609375 0.416667 0.165625 0.195833
2 0.982031 0.980208 0.035937 0.039583
1 0.651563 0.046875 0.184375 0.093750
1 0.154688 0.843750 0.162500 0.216667
2 0.671094 0.223958 0.064062 0.081250
2 0.719531 0.960417 0.045313 0.054167
1 0.147656 0.540625 0.145313 0.243750
1 0.571875 0.054167 0.184375 0.108333
1 0.132812 0.096875 0.193750 0.181250
1 0.039062 0.946875 0.078125 0.106250
1 0.822656 0.076042 0.217188 0.152083
1 0.310937 0.897917 0.165625 0.204167
0 0.312500 0.446875 0.215625 0.231250
2 0.427344 0.841667 0.076563 0.104167
1 0.063281 0.229167 0.126563 0.216667
1 0.874219 0.492708 0.154688 0.197917
1 0.920313 0.243750 0.156250 0.241667
1 0.712500 0.569792 0.165625 0.189583
0 0.575781 0.882292 0.242188 0.235417
1 0.899219 0.914583 0.154688 0.170833
1 0.044531 0.577083 0.089063 0.208333
1 0.892969 0.588542 0.182812 0.256250
1 0.157813 0.217708 0.146875 0.222917
1 0.254688 0.035417 0.159375 0.066667
1 0.951563 0.491667 0.093750 0.225000
1 0.609375 0.416667 0.165625 0.195833
2 0.982031 0.980208 0.035937 0.039583
1 0.651563 0.046875 0.184375 0.093750
1 0.154688 0.843750 0.162500 0.216667
2 0.671094 0.223958 0.064062 0.081250
2 0.719531 0.960417 0.045313 0.054167
1 0.147656 0.540625 0.145313 0.243750
1 0.571875 0.054167 0.184375 0.108333
1 0.132812 0.096875 0.193750 0.181250
1 0.039062 0.946875 0.078125 0.106250
1 0.822656 0.076042 0.217188 0.152083
1 0.310937 0.897917 0.165625 0.204167
0 0.312500 0.446875 0.215625 0.231250
2 0.427344 0.841667 0.076563 0.104167
1 0.063281 0.229167 0.126563 0.216667
1 0.874219 0.492708 0.154688 0.197917
1 0.920313 0.243750 0.156250 0.241667
1 0.712500 0.569792 0.165625 0.189583
0 0.575781 0.882292 0.242188 0.235417
1 0.899219 0.914583 0.154688 0.170833
1 0.044531 0.577083 0.089063 0.208333
1 0.892969 0.588542 0.182812 0.256250
1 0.157813 0.217708 0.146875 0.222917
1 0.254688 0.035417 0.159375 0.066667
1 0.951563 0.491667 0.093750 0.225000
1 0.609375 0.416667 0.165625 0.195833
2 0.982031 0.980208 0.035937 0.039583
1 0.651563 0.046875 0.184375 0.093750
1 0.154688 0.843750 0.162500 0.216667
2 0.671094 0.223958 0.064062 0.081250
2 0.719531 0.960417 0.045313 0.054167
1 0.147656 0.540625 0.145313 0.243750
1 0.571875 0.054167 0.184375 0.108333
1 0.132812 0.096875 0.193750 0.181250
1 0.039062 0.946875 0.078125 0.106250
1 0.822656 0.076042 0.217188 0.152083
1 0.310937 0.897917 0.165625 0.204167
0 0.312500 0.446875 0.215625 0.231250
2 0.427344 0.841667 0.076563 0.104167
1 0.063281 0.229167 0.126563 0.216667
1 0.874219 0.492708 0.154688 0.197917
1 0.920313 0.243750 0.156250 0.241667
1 0.712500 0.569792 0.165625 0.189583
0 0.575781 0.882292 0.242188 0.235417
1 0.899219 0.914583 0.154688 0.170833
1 0.044531 0.577083 0.089063 0.208333
1 0.892969 0.588542 0.182812 0.256250
1 0.157813 0.217708 0.146875 0.222917
1 0.254688 0.035417 0.159375 0.066667
1 0.951563 0.491667 0.093750 0.225000
1 0.609375 0.416667 0.165625 0.195833
2 0.982031 0.980208 0.035937 0.039583
1 0.651563 0.046875 0.184375 0.093750
1 0.154688 0.843750 0.162500 0.216667
2 0.671094 0.223958 0.064062 0.081250
2 0.719531 0.960417 0.045313 0.054167
1 0.147656 0.540625 0.145313 0.243750
1 0.571875 0.054167 0.184375 0.108333
1 0.132812 0.096875 0.193750 0.181250
1 0.039062 0.946875 0.078125 0.106250
1 0.822656 0.076042 0.217188 0.152083
1 0.310937 0.897917 0.165625 0.204167
0 0.312500 0.446875 0.215625 0.231250
2 0.427344 0.841667 0.076563 0.104167
1 0.063281 0.229167 0.126563 0.216667
1 0.874219 0.492708 0.154688 0.197917
1 0.920313 0.243750 0.156250 0.241667
1 0.712500 0.569792 0.165625 0.189583
0 0.575781 0.882292 0.242188 0.235417
1 0.899219 0.914583 0.154688 0.170833
1 0.044531 0.577083 0.089063 0.208333
1 0.892969 0.588542 0.182812 0.256250
1 0.157813 0.217708 0.146875 0.222917
1 0.254688 0.035417 0.159375 0.066667
1 0.951563 0.491667 0.093750 0.225000
1 0.609375 0.416667 0.165625 0.195833
2 0.982031 0.980208 0.035937 0.039583
1 0.651563 0.046875 0.184375 0.093750
1 0.154688 0.843750 0.162500 0.216667
2 0.671094 0.223958 0.064062 0.081250
2 0.719531 0.960417 0.045313 0.054167
1 0.147656 0.540625 0.145313 0.243750
1 0.571875 0.054167 0.184375 0.108333
1 0.132812 0.096875 0.193750 0.181250
1 0.039062 0.946875 0.078125 0.106250
1 0.822656 0.076042 0.217188 0.152083
1 0.310937 0.897917 0.165625 0.204167
0 0.312500 0.446875 0.215625 0.231250
2 0.427344 0.841667 0.076563 0.104167
1 0.063281 0.229167 0.126563 0.216667
1 0.874219 0.492708 0.154688 0.197917
1 0.920313 0.243750 0.156250 0.241667
1 0.712500 0.569792 0.165625 0.189583
0 0.575781 0.882292 0.242188 0.235417
1 0.899219 0.914583 0.154688 0.170833
1 0.044531 0.577083 0.089063 0.208333
1 0.892969 0.588542 0.182812 0.256250
1 0.157813 0.217708 0.146875 0.222917
1 0.254688 0.035417 0.159375 0.066667
1 0.951563 0.491667 0.093750 0.225000
1 0.609375 0.416667 0.165625 0.195833
2 0.982031 0.980208 0.035937 0.039583
1 0.651563 0.046875 0.184375 0.093750
1 0.154688 0.843750 0.162500 0.216667
2 0.671094 0.223958 0.064062 0.081250
2 0.719531 0.960417 0.045313 0.054167
1 0.147656 0.540625 0.145313 0.243750
1 0.571875 0.054167 0.184375 0.108333
1 0.132812 0.096875 0.193750 0.181250
1 0.039062 0.946875 0.078125 0.106250
1 0.822656 0.076042 0.217188 0.152083
1 0.310937 0.897917 0.165625 0.204167
0 0.312500 0.446875 0.215625 0.231250
2 0.427344 0.841667 0.076563 0.104167
1 0.063281 0.229167 0.126563 0.216667
1 0.874219 0.492708 0.154688 0.197917
1 0.920313 0.243750 0.156250 0.241667
1 0.712500 0.569792 0.165625 0.189583
0 0.575781 0.882292 0.242188 0.235417
1 0.899219 0.914583 0.154688 0.170833
1 0.044531 0.577083 0.089063 0.208333
1 0.892969 0.588542 0.182812 0.256250
1 0.157813 0.217708 0.146875 0.222917
1 0.254688 0.035417 0.159375 0.066667
1 0.951563 0.491667 0.093750 0.225000
1 0.609375 0.416667 0.165625 0.195833
2 0.982031 0.980208 0.035937 0.039583
1 0.651563 0.046875 0.184375 0.093750
1 0.154688 0.843750 0.162500 0.216667
2 0.671094 0.223958 0.064062 0.081250
2 0.719531 0.960417 0.045313 0.054167
1 0.147656 0.540625 0.145313 0.243750
1 0.571875 0.054167 0.184375 0.108333
1 0.132812 0.096875 0.193750 0.181250
1 0.039062 0.946875 0.078125 0.106250
1 0.822656 0.076042 0.217188 0.152083
1 0.310937 0.897917 0.165625 0.204167
0 0.312500 0.446875 0.215625 0.231250
2 0.427344 0.841667 0.076563 0.104167
1 0.063281 0.229167 0.126563 0.216667
1 0.874219 0.492708 0.154688 0.197917
1 0.920313 0.243750 0.156250 0.241667
1 0.712500 0.569792 0.165625 0.189583
0 0.575781 0.882292 0.242188 0.235417
1 0.899219 0.914583 0.154688 0.170833
1 0.044531 0.577083 0.089063 0.208333
1 0.892969 0.588542 0.182812 0.256250
1 0.157813 0.217708 0.146875 0.222917
1 0.254688 0.035417 0.159375 0.066667
1 0.951563 0.491667 0.093750 0.225000
1 0.609375 0.416667 0.165625 0.195833
2 0.982031 0.980208 0.035937 0.039583
1 0.651563 0.046875 0.184375 0.093750
1 0.154688 0.843750 0.162500 0.216667
2 0.671094 0.223958 0.064062 0.081250
2 0.719531 0.960417 0.045313 0.054167
1 0.147656 0.540625 0.145313 0.243750
1 0.571875 0.054167 0.184375 0.108333
1 0.132812 0.096875 0.193750 0.181250
1 0.039062 0.946875 0.078125 0.106250
1 0.822656 0.076042 0.217188 0.152083
1 0.310937 0.897917 0.165625 0.204167
0 0.312500 0.446875 0.215625 0.231250
2 0.427344 0.841667 0.076563 0.104167
1 0.063281 0.229167 0.126563 0.216667
1 0.874219 0.492708 0.154688 0.197917
1 0.920313 0.243750 0.156250 0.241667
1 0.712500 0.569792 0.165625 0.189583
0 0.575781 0.882292 0.242188 0.235417
1 0.899219 0.914583 0.154688 0.170833
1 0.044531 0.577083 0.089063 0.208333
1 0.892969 0.588542 0.182812 0.256250
1 0.157813 0.217708 0.146875 0.222917
1 0.254688 0.035417 0.159375 0.066667
1 0.951563 0.491667 0.093750 0.225000
1 0.609375 0.416667 0.165625 0.195833
2 0.982031 0.980208 0.035937 0.039583
1 0.651563 0.046875 0.184375 0.093750
1 0.154688 0.843750 0.162500 0.216667
2 0.671094 0.223958 0.064062 0.081250
2 0.719531 0.960417 0.045313 0.054167
1 0.147656 0.540625 0.145313 0.243750
1 0.571875 0.054167 0.184375 0.108333
1 0.132812 0.096875 0.193750 0.181250
1 0.039062 0.946875 0.078125 0.106250
1 0.822656 0.076042 0.217188 0.152083
1 0.310937 0.897917 0.165625 0.204167
0 0.312500 0.446875 0.215625 0.231250
2 0.427344 0.841667 0.076563 0.104167
1 0.063281 0.229167 0.126563 0.216667
1 0.874219 0.492708 0.154688 0.197917
1 0.920313 0.243750 0.156250 0.241667
1 0.712500 0.569792 0.165625 0.189583
0 0.575781 0.882292 0.242188 0.235417
1 0.899219 0.914583 0.154688 0.170833
1 0.044531 0.577083 0.089063 0.208333
1 0.892969 0.588542 0.182812 0.256250
1 0.157813 0.217708 0.146875 0.222917
1 0.254688 0.035417 0.159375 0.066667
1 0.951563 0.491667 0.093750 0.225000
1 0.609375 0.416667 0.165625 0.195833
2 0.982031 0.980208 0.035937 0.039583
1 0.651563 0.046875 0.184375 0.093750
1 0.154688 0.843750 0.162500 0.216667
2 0.671094 0.223958 0.064062 0.081250
2 0.719531 0.960417 0.045313 0.054167
1 0.147656 0.540625 0.145313 0.243750
1 0.571875 0.054167 0.184375 0.108333
1 0.132812 0.096875 0.193750 0.181250
1 0.039062 0.946875 0.078125 0.106250
1 0.822656 0.076042 0.217188 0.152083
1 0.310937 0.897917 0.165625 0.204167
0 0.312500 0.446875 0.215625 0.231250
2 0.427344 0.841667 0.076563 0.104167
1 0.063281 0.229167 0.126563 0.216667
1 0.874219 0.492708 0.154688 0.197917
1 0.920313 0.243750 0.156250 0.241667
1 0.712500 0.569792 0.165625 0.189583
0 0.575781 0.882292 0.242188 0.235417
1 0.899219 0.914583 0.154688 0.170833
1 0.044531 0.577083 0.089063 0.208333
1 0.892969 0.588542 0.182812 0.256250
1 0.157813 0.217708 0.146875 0.222917
1 0.254688 0.035417 0.159375 0.066667
1 0.951563 0.491667 0.093750 0.225000
1 0.609375 0.416667 0.165625 0.195833
2 0.982031 0.980208 0.035937 0.039583
1 0.651563 0.046875 0.184375 0.093750
1 0.154688 0.843750 0.162500 0.216667
2 0.671094 0.223958 0.064062 0.081250
2 0.719531 0.960417 0.045313 0.054167
1 0.147656 0.540625 0.145313 0.243750
1 0.571875 0.054167 0.184375 0.108333
1 0.132812 0.096875 0.193750 0.181250
1 0.039062 0.946875 0.078125 0.106250
1 0.822656 0.076042 0.217188 0.152083
1 0.310937 0.897917 0.165625 0.204167
0 0.312500 0.446875 0.215625 0.231250
2 0.427344 0.841667 0.076563 0.104167
1 0.063281 0.229167 0.126563 0.216667
1 0.874219 0.492708 0.154688 0.197917
1 0.920313 0.243750 0.156250 0.241667
1 0.712500 0.569792 0.165625 0.189583
0 0.575781 0.882292 0.242188 0.235417
1 0.899219 0.914583 0.154688 0.170833
1 0.044531 0.577083 0.089063 0.208333
1 0.892969 0.588542 0.182812 0.256250
1 0.157813 0.217708 0.146875 0.222917
1 0.254688 0.035417 0.159375 0.066667
1 0.951563 0.491667 0.093750 0.225000
1 0.609375 0.416667 0.165625 0.195833
2 0.982031 0.980208 0.035937 0.039583
1 0.651563 0.046875 0.184375 0.093750
1 0.154688 0.843750 0.162500 0.216667
2 0.671094 0.223958 0.064062 0.081250
2 0.719531 0.960417 0.045313 0.054167
1 0.147656 0.540625 0.145313 0.243750
1 0.571875 0.054167 0.184375 0.108333
1 0.132812 0.096875 0.193750 0.181250
1 0.039062 0.946875 0.078125 0.106250
1 0.822656 0.076042 0.217188 0.152083
1 0.310937 0.897917 0.165625 0.204167
0 0.312500 0.446875 0.215625 0.231250
2 0.427344 0.841667 0.076563 0.104167
1 0.063281 0.229167 0.126563 0.216667
1 0.874219 0.492708 0.154688 0.197917
1 0.920313 0.243750 0.156250 0.241667
1 0.712500 0.569792 0.165625 0.189583
0 0.575781 0.882292 0.242188 0.235417
1 0.899219 0.914583 0.154688 0.170833
1 0.044531 0.577083 0.089063 0.208333
1 0.892969 0.588542 0.182812 0.256250
1 0.157813 0.217708 0.146875 0.222917
1 0.254688 0.035417 0.159375 0.066667
1 0.951563 0.491667 0.093750 0.225000
1 0.609375 0.416667 0.165625 0.195833
2 0.982031 0.980208 0.035937 0.039583
1 0.651563 0.046875 0.184375 0.093750
1 0.154688 0.843750 0.162500 0.216667
2 0.671094 0.223958 0.064062 0.081250
2 0.719531 0.960417 0.045313 0.054167
1 0.147656 0.540625 0.145313 0.243750
1 0.571875 0.054167 0.184375 0.108333
1 0.132812 0.096875 0.193750 0.181250
1 0.039062 0.946875 0.078125 0.106250
1 0.822656 0.076042 0.217188 0.152083
1 0.310937 0.897917 0.165625 0.204167
0 0.312500 0.446875 0.215625 0.231250
2 0.427344 0.841667 0.076563 0.104167
1 0.063281 0.229167 0.126563 0.216667
1 0.874219 0.492708 0.154688 0.197917
1 0.920313 0.243750 0.156250 0.241667
1 0.712500 0.569792 0.165625 0.189583
0 0.575781 0.882292 0.242188 0.235417
1 0.899219 0.914583 0.154688 0.170833
1 0.044531 0.577083 0.089063 0.208333
1 0.892969 0.588542 0.182812 0.256250
1 0.157813 0.217708 0.146875 0.222917
1 0.254688 0.035417 0.159375 0.066667
1 0.951563 0.491667 0.093750 0.225000
1 0.609375 0.416667 0.165625 0.195833
2 0.982031 0.980208 0.035937 0.039583
1 0.651563 0.046875 0.184375 0.093750
1 0.154688 0.843750 0.162500 0.216667
2 0.671094 0.223958 0.064062 0.081250
2 0.719531 0.960417 0.045313 0.054167
1 0.147656 0.540625 0.145313 0.243750
1 0.571875 0.054167 0.184375 0.108333
1 0.132812 0.096875 0.193750 0.181250
1 0.039062 0.946875 0.078125 0.106250
1 0.822656 0.076042 0.217188 0.152083
1 0.310937 0.897917 0.165625 0.204167
0 0.312500 0.446875 0.215625 0.231250
2 0.427344 0.841667 0.076563 0.104167
1 0.063281 0.229167 0.126563 0.216667
1 0.874219 0.492708 0.154688 0.197917
1 0.920313 0.243750 0.156250 0.241667
1 0.712500 0.569792 0.165625 0.189583
0 0.575781 0.882292 0.242188 0.235417
1 0.899219 0.914583 0.154688 0.170833
1 0.044531 0.577083 0.089063 0.208333
1 0.892969 0.588542 0.182812 0.256250
1 0.157813 0.217708 0.146875 0.222917
1 0.254688 0.035417 0.159375 0.066667
1 0.951563 0.491667 0.093750 0.225000
1 0.609375 0.416667 0.165625 0.195833
2 0.982031 0.980208 0.035937 0.039583
1 0.651563 0.046875 0.184375 0.093750
1 0.154688 0.843750 0.162500 0.216667
2 0.671094 0.223958 0.064062 0.081250
2 0.719531 0.960417 0.045313 0.054167
1 0.147656 0.540625 0.145313 0.243750
1 0.571875 0.054167 0.184375 0.108333
1 0.132812 0.096875 0.193750 0.181250
1 0.039062 0.946875 0.078125 0.106250
1 0.822656 0.076042 0.217188 0.152083
1 0.310937 0.897917 0.165625 0.204167
0 0.312500 0.446875 0.215625 0.231250
2 0.427344 0.841667 0.076563 0.104167
1 0.063281 0.229167 0.126563 0.216667
1 0.874219 0.492708 0.154688 0.197917
1 0.920313 0.243750 0.156250 0.241667
1 0.712500 0.569792 0.165625 0.189583
0 0.575781 0.882292 0.242188 0.235417
1 0.899219 0.914583 0.154688 0.170833
1 0.044531 0.577083 0.089063 0.208333
1 0.892969 0.588542 0.182812 0.256250
1 0.157813 0.217708 0.146875 0.222917
1 0.254688 0.035417 0.159375 0.066667
1 0.951563 0.491667 0.093750 0.225000
1 0.609375 0.416667 0.165625 0.195833
2 0.982031 0.980208 0.035937 0.039583
1 0.651563 0.046875 0.184375 0.093750
1 0.154688 0.843750 0.162500 0.216667
2 0.671094 0.223958 0.064062 0.081250
2 0.719531 0.960417 0.045313 0.054167
1 0.147656 0.540625 0.145313 0.243750
1 0.571875 0.054167 0.184375 0.108333
1 0.132812 0.096875 0.193750 0.181250
1 0.039062 0.946875 0.078125 0.106250
1 0.822656 0.076042 0.217188 0.152083
1 0.310937 0.897917 0.165625 0.204167
0 0.312500 0.446875 0.215625 0.231250
2 0.427344 0.841667 0.076563 0.104167
1 0.063281 0.229167 0.126563 0.216667
1 0.874219 0.492708 0.154688 0.197917
1 0.920313 0.243750 0.156250 0.241667
1 0.712500 0.569792 0.165625 0.189583
0 0.575781 0.882292 0.242188 0.235417
1 0.899219 0.914583 0.154688 0.170833
1 0.044531 0.577083 0.089063 0.208333
1 0.892969 0.588542 0.182812 0.256250
1 0.157813 0.217708 0.146875 0.222917
1 0.254688 0.035417 0.159375 0.066667
1 0.951563 0.491667 0.093750 0.225000
1 0.609375 0.416667 0.165625 0.195833
2 0.982031 0.980208 0.035937 0.039583
1 0.651563 0.046875 0.184375 0.093750
1 0.154688 0.843750 0.162500 0.216667
2 0.671094 0.223958 0.064062 0.081250
2 0.719531 0.960417 0.045313 0.054167
1 0.147656 0.540625 0.145313 0.243750
1 0.571875 0.054167 0.184375 0.108333
1 0.132812 0.096875 0.193750 0.181250
1 0.039062 0.946875 0.078125 0.106250
1 0.822656 0.076042 0.217188 0.152083
1 0.310937 0.897917 0.165625 0.204167
0 0.312500 0.446875 0.215625 0.231250
2 0.427344 0.841667 0.076563 0.104167
1 0.063281 0.229167 0.126563 0.216667
1 0.874219 0.492708 0.154688 0.197917
1 0.920313 0.243750 0.156250 0.241667
1 0.712500 0.569792 0.165625 0.189583
0 0.575781 0.882292 0.242188 0.235417
1 0.899219 0.914583 0.154688 0.170833
1 0.044531 0.577083 0.089063 0.208333
1 0.892969 0.588542 0.182812 0.256250
1 0.157813 0.217708 0.146875 0.222917
1 0.254688 0.035417 0.159375 0.066667
1 0.951563 0.491667 0.093750 0.225000
1 0.609375 0.416667 0.165625 0.195833
2 0.982031 0.980208 0.035937 0.039583
1 0.651563 0.046875 0.184375 0.093750
1 0.154688 0.843750 0.162500 0.216667
2 0.671094 0.223958 0.064062 0.081250
2 0.719531 0.960417 0.045313 0.054167
1 0.147656 0.540625 0.145313 0.243750
1 0.571875 0.054167 0.184375 0.108333
1 0.132812 0.096875 0.193750 0.181250
1 0.039062 0.946875 0.078125 0.106250
1 0.822656 0.076042 0.217188 0.152083
1 0.310937 0.897917 0.165625 0.204167
0 0.312500 0.446875 0.215625 0.231250
2 0.427344 0.841667 0.076563 0.104167
1 0.063281 0.229167 0.126563 0.216667
1 0.874219 0.492708 0.154688 0.197917
1 0.920313 0.243750 0.156250 0.241667
1 0.712500 0.569792 0.165625 0.189583
0 0.575781 0.882292 0.242188 0.235417
1 0.899219 0.914583 0.154688 0.170833
1 0.044531 0.577083 0.089063 0.208333
1 0.892969 0.588542 0.182812 0.256250
1 0.157813 0.217708 0.146875 0.222917
1 0.254688 0.035417 0.159375 0.066667
1 0.951563 0.491667 0.093750 0.225000
1 0.609375 0.416667 0.165625 0.195833
2 0.982031 0.980208 0.035937 0.039583
1 0.651563 0.046875 0.184375 0.093750
1 0.154688 0.843750 0.162500 0.216667
2 0.671094 0.223958 0.064062 0.081250
2 0.719531 0.960417 0.045313 0.054167
1 0.147656 0.540625 0.145313 0.243750
1 0.571875 0.054167 0.184375 0.108333
1 0.132812 0.096875 0.193750 0.181250
1 0.039062 0.946875 0.078125 0.106250
1 0.822656 0.076042 0.217188 0.152083
1 0.310937 0.897917 0.165625 0.204167
0 0.312500 0.446875 0.215625 0.231250
2 0.427344 0.841667 0.076563 0.104167
1 0.063281 0.229167 0.126563 0.216667
1 0.874219 0.492708 0.154688 0.197917
1 0.920313 0.243750 0.156250 0.241667
1 0.712500 0.569792 0.165625 0.189583
0 0.575781 0.882292 0.242188 0.235417
1 0.899219 0.914583 0.154688 0.170833
1 0.044531 0.577083 0.089063 0.208333
1 0.892969 0.588542 0.182812 0.256250
1 0.157813 0.217708 0.146875 0.222917
1 0.254688 0.035417 0.159375 0.066667
1 0.951563 0.491667 0.093750 0.225000
1 0.609375 0.416667 0.165625 0.195833
2 0.982031 0.980208 0.035937 0.039583
1 0.651563 0.046875 0.184375 0.093750
1 0.154688 0.843750 0.162500 0.216667
2 0.671094 0.223958 0.064062 0.081250
2 0.719531 0.960417 0.045313 0.054167
1 0.147656 0.540625 0.145313 0.243750
1 0.571875 0.054167 0.184375 0.108333
1 0.132812 0.096875 0.193750 0.181250
1 0.039062 0.946875 0.078125 0.106250
1 0.822656 0.076042 0.217188 0.152083
1 0.310937 0.897917 0.165625 0.204167
0 0.312500 0.446875 0.215625 0.231250
2 0.427344 0.841667 0.076563 0.104167
1 0.063281 0.229167 0.126563 0.216667
1 0.874219 0.492708 0.154688 0.197917
1 0.920313 0.243750 0.156250 0.241667
1 0.712500 0.569792 0.165625 0.189583
0 0.575781 0.882292 0.242188 0.235417
1 0.899219 0.914583 0.154688 0.170833
1 0.044531 0.577083 0.089063 0.208333
1 0.892969 0.588542 0.182812 0.256250
1 0.157813 0.217708 0.146875 0.222917
1 0.254688 0.035417 0.159375 0.066667
1 0.951563 0.491667 0.093750 0.225000
1 0.609375 0.416667 0.165625 0.195833
2 0.982031 0.980208 0.035937 0.039583
1 0.651563 0.046875 0.184375 0.093750
1 0.154688 0.843750 0.162500 0.216667
2 0.671094 0.223958 0.064062 0.081250
2 0.719531 0.960417 0.045313 0.054167
1 0.147656 0.540625 0.145313 0.243750
1 0.571875 0.054167 0.184375 0.108333
1 0.132812 0.096875 0.193750 0.181250
1 0.039062 0.946875 0.078125 0.106250
1 0.822656 0.076042 0.217188 0.152083
1 0.310937 0.897917 0.165625 0.204167
0 0.312500 0.446875 0.215625 0.231250
2 0.427344 0.841667 0.076563 0.104167
1 0.063281 0.229167 0.126563 0.216667
1 0.874219 0.492708 0.154688 0.197917
1 0.920313 0.243750 0.156250 0.241667
1 0.712500 0.569792 0.165625 0.189583
0 0.575781 0.882292 0.242188 0.235417
1 0.899219 0.914583 0.154688 0.170833
1 0.044531 0.577083 0.089063 0.208333
1 0.892969 0.588542 0.182812 0.256250
1 0.157813 0.217708 0.146875 0.222917
1 0.254688 0.035417 0.159375 0.066667
1 0.951563 0.491667 0.093750 0.225000
1 0.609375 0.416667 0.165625 0.195833
2 0.982031 0.980208 0.035937 0.039583
1 0.651563 0.046875 0.184375 0.093750
1 0.154688 0.843750 0.162500 0.216667
2 0.671094 0.223958 0.064062 0.081250
2 0.719531 0.960417 0.045313 0.054167
1 0.147656 0.540625 0.145313 0.243750
1 0.571875 0.054167 0.184375 0.108333
1 0.132812 0.096875 0.193750 0.181250
1 0.039062 0.946875 0.078125 0.106250
1 0.822656 0.076042 0.217188 0.152083
1 0.310937 0.897917 0.165625 0.204167
0 0.312500 0.446875 0.215625 0.231250
2 0.427344 0.841667 0.076563 0.104167
1 0.063281 0.229167 0.126563 0.216667
1 0.874219 0.492708 0.154688 0.197917
1 0.920313 0.243750 0.156250 0.241667
1 0.712500 0.569792 0.165625 0.189583
0 0.575781 0.882292 0.242188 0.235417
1 0.899219 0.914583 0.154688 0.170833
1 0.044531 0.577083 0.089063 0.208333
1 0.892969 0.588542 0.182812 0.256250
1 0.157813 0.217708 0.146875 0.222917
1 0.254688 0.035417 0.159375 0.066667
1 0.951563 0.491667 0.093750 0.225000
1 0.609375 0.416667 0.165625 0.195833
2 0.982031 0.980208 0.035937 0.039583
1 0.651563 0.046875 0.184375 0.093750
1 0.154688 0.843750 0.162500 0.216667
2 0.671094 0.223958 0.064062 0.081250
2 0.719531 0.960417 0.045313 0.054167
1 0.147656 0.540625 0.145313 0.243750
1 0.571875 0.054167 0.184375 0.108333
1 0.132812 0.096875 0.193750 0.181250
1 0.039062 0.946875 0.078125 0.106250
1 0.822656 0.076042 0.217188 0.152083
1 0.310937 0.897917 0.165625 0.204167
0 0.312500 0.446875 0.215625 0.231250
2 0.427344 0.841667 0.076563 0.104167
1 0.063281 0.229167 0.126563 0.216667
1 0.874219 0.492708 0.154688 0.197917
1 0.920313 0.243750 0.156250 0.241667
1 0.712500 0.569792 0.165625 0.189583
0 0.575781 0.882292 0.242188 0.235417
1 0.899219 0.914583 0.154688 0.170833
1 0.044531 0.577083 0.089063 0.208333
1 0.892969 0.588542 0.182812 0.256250
1 0.157813 0.217708 0.146875 0.222917
1 0.254688 0.035417 0.159375 0.066667
1 0.951563 0.491667 0.093750 0.225000
1 0.609375 0.416667 0.165625 0.195833
2 0.982031 0.980208 0.035937 0.039583
1 0.651563 0.046875 0.184375 0.093750
1 0.154688 0.843750 0.162500 0.216667
2 0.671094 0.223958 0.064062 0.081250
2 0.719531 0.960417 0.045313 0.054167
1 0.147656 0.540625 0.145313 0.243750
1 0.571875 0.054167 0.184375 0.108333
1 0.132812 0.096875 0.193750 0.181250
1 0.039062 0.946875 0.078125 0.106250
1 0.822656 0.076042 0.217188 0.152083
1 0.310937 0.897917 0.165625 0.204167
0 0.312500 0.446875 0.215625 0.231250
2 0.427344 0.841667 0.076563 0.104167
1 0.063281 0.229167 0.126563 0.216667
1 0.874219 0.492708 0.154688 0.197917
1 0.920313 0.243750 0.156250 0.241667
1 0.712500 0.569792 0.165625 0.189583
0 0.575781 0.882292 0.242188 0.235417
1 0.899219 0.914583 0.154688 0.170833
