1 0.052344 0.881250 0.104688 0.237500
1 0.914844 0.400000 0.160938 0.220833
1 0.276563 0.935417 0.193750 0.129167
1 0.470313 0.059375 0.184375 0.118750
1 0.795313 0.087500 0.193750 0.175000
1 0.660156 0.095833 0.160938 0.179167
1 0.296094 0.430208 0.170313 0.185417
2 0.443750 0.205208 0.065625 0.093750
1 0.927344 0.201042 0.145313 0.222917
1 0.896094 0.577083 0.173438 0.204167
1 0.767969 0.746875 0.201563 0.243750
1 0.185156 0.093750 0.176563 0.187500
1 0.053125 0.144792 0.106250 0.210417
1 0.715625 0.427083 0.196875 0.241667
1 0.053906 0.382292 0.107813 0.177083
1 0.708594 0.205208 0.157813 0.227083
0 0.263281 0.681250 0.229687 0.300000
1 0.052344 0.881250 0.104688 0.237500
1 0.914844 0.400000 0.160938 0.220833
1 0.276563 0.935417 0.193750 0.129167
1 0.470313 0.059375 0.184375 0.118750
1 0.795313 0.087500 0.193750 0.175000
1 0.660156 0.095833 0.160938 0.179167
1 0.296094 0.430208 0.170313 0.185417
2 0.443750 0.205208 0.065625 0.093750
1 0.927344 0.201042 0.145313 0.222917
1 0.896094 0.577083 0.173438 0.204167
1 0.767969 0.746875 0.201563 0.243750
1 0.185156 0.093750 0.176563 0.187500
1 0.053125 0.144792 0.106250 0.210417
1 0.715625 0.427083 0.196875 0.241667
1 0.053906 0.382292 0.107813 0.177083
1 0.708594 0.205208 0.157813 0.227083
0 0.263281 0.681250 0.229687 0.300000
1 0.052344 0.881250 0.104688 0.237500
1 0.914844 0.400000 0.160938 0.220833
1 0.276563 0.935417 0.193750 0.129167
1 0.470313 0.059375 0.184375 0.118750
1 0.795313 0.087500 0.193750 0.175000
1 0.660156 0.095833 0.160938 0.179167
1 0.296094 0.430208 0.170313 0.185417
2 0.443750 0.205208 0.065625 0.093750
1 0.927344 0.201042 0.145313 0.222917
1 0.896094 0.577083 0.173438 0.204167
1 0.767969 0.746875 0.201563 0.243750
1 0.185156 0.093750 0.176563 0.187500
1 0.053125 0.144792 0.106250 0.210417
1 0.715625 0.427083 0.196875 0.241667
1 0.053906 0.382292 0.107813 0.177083
1 0.708594 0.205208 0.157813 0.227083
0 0.263281 0.681250 0.229687 0.300000
1 0.052344 0.881250 0.104688 0.237500
1 0.914844 0.400000 0.160938 0.220833
1 0.276563 0.935417 0.193750 0.129167
1 0.470313 0.059375 0.184375 0.118750
1 0.795313 0.087500 0.193750 0.175000
1 0.660156 0.095833 0.160938 0.179167
1 0.296094 0.430208 0.170313 0.185417
2 0.443750 0.205208 0.065625 0.093750
1 0.927344 0.201042 0.145313 0.222917
1 0.896094 0.577083 0.173438 0.204167
1 0.767969 0.746875 0.201563 0.243750
1 0.185156 0.093750 0.176563 0.187500
1 0.053125 0.144792 0.106250 0.210417
1 0.715625 0.427083 0.196875 0.241667
1 0.053906 0.382292 0.107813 0.177083
1 0.708594 0.205208 0.157813 0.227083
0 0.263281 0.681250 0.229687 0.300000
1 0.052344 0.881250 0.104688 0.237500
1 0.914844 0.400000 0.160938 0.220833
1 0.276563 0.935417 0.193750 0.129167
1 0.470313 0.059375 0.184375 0.118750
1 0.795313 0.087500 0.193750 0.175000
1 0.660156 0.095833 0.160938 0.179167
1 0.296094 0.430208 0.170313 0.185417
2 0.443750 0.205208 0.065625 0.093750
1 0.927344 0.201042 0.145313 0.222917
1 0.896094 0.577083 0.173438 0.204167
1 0.767969 0.746875 0.201563 0.243750
1 0.185156 0.093750 0.176563 0.187500
1 0.053125 0.144792 0.106250 0.210417
1 0.715625 0.427083 0.196875 0.241667
1 0.053906 0.382292 0.107813 0.177083
1 0.708594 0.205208 0.157813 0.227083
0 0.263281 0.681250 0.229687 0.300000
1 0.052344 0.881250 0.104688 0.237500
1 0.914844 0.400000 0.160938 0.220833
1 0.276563 0.935417 0.193750 0.129167
1 0.470313 0.059375 0.184375 0.118750
1 0.795313 0.087500 0.193750 0.175000
1 0.660156 0.095833 0.160938 0.179167
1 0.296094 0.430208 0.170313 0.185417
2 0.443750 0.205208 0.065625 0.093750
1 0.927344 0.201042 0.145313 0.222917
1 0.896094 0.577083 0.173438 0.204167
1 0.767969 0.746875 0.201563 0.243750
1 0.185156 0.093750 0.176563 0.187500
1 0.053125 0.144792 0.106250 0.210417
1 0.715625 0.427083 0.196875 0.241667
1 0.053906 0.382292 0.107813 0.177083
1 0.708594 0.205208 0.157813 0.227083
0 0.263281 0.681250 0.229687 0.300000
1 0.052344 0.881250 0.104688 0.237500
1 0.914844 0.400000 0.160938 0.220833
1 0.276563 0.935417 0.193750 0.129167
1 0.470313 0.059375 0.184375 0.118750
1 0.795313 0.087500 0.193750 0.175000
1 0.660156 0.095833 0.160938 0.179167
1 0.296094 0.430208 0.170313 0.185417
2 0.443750 0.205208 0.065625 0.093750
1 0.927344 0.201042 0.145313 0.222917
1 0.896094 0.577083 0.173438 0.204167
1 0.767969 0.746875 0.201563 0.243750
1 0.185156 0.093750 0.176563 0.187500
1 0.053125 0.144792 0.106250 0.210417
1 0.715625 0.427083 0.196875 0.241667
1 0.053906 0.382292 0.107813 0.177083
1 0.708594 0.205208 0.157813 0.227083
0 0.263281 0.681250 0.229687 0.300000
1 0.052344 0.881250 0.104688 0.237500
1 0.914844 0.400000 0.160938 0.220833
1 0.276563 0.935417 0.193750 0.129167
1 0.470313 0.059375 0.184375 0.118750
1 0.795313 0.087500 0.193750 0.175000
1 0.660156 0.095833 0.160938 0.179167
1 0.296094 0.430208 0.170313 0.185417
2 0.443750 0.205208 0.065625 0.093750
1 0.927344 0.201042 0.145313 0.222917
1 0.896094 0.577083 0.173438 0.204167
1 0.767969 0.746875 0.201563 0.243750
1 0.185156 0.093750 0.176563 0.187500
1 0.053125 0.144792 0.106250 0.210417
1 0.715625 0.427083 0.196875 0.241667
1 0.053906 0.382292 0.107813 0.177083
1 0.708594 0.205208 0.157813 0.227083
0 0.263281 0.681250 0.229687 0.300000
1 0.052344 0.881250 0.104688 0.237500
1 0.914844 0.400000 0.160938 0.220833
1 0.276563 0.935417 0.193750 0.129167
1 0.470313 0.059375 0.184375 0.118750
1 0.795313 0.087500 0.193750 0.175000
1 0.660156 0.095833 0.160938 0.179167
1 0.296094 0.430208 0.170313 0.185417
2 0.443750 0.205208 0.065625 0.093750
1 0.927344 0.201042 0.145313 0.222917
1 0.896094 0.577083 0.173438 0.204167
1 0.767969 0.746875 0.201563 0.243750
1 0.185156 0.093750 0.176563 0.187500
1 0.053125 0.144792 0.106250 0.210417
1 0.715625 0.427083 0.196875 0.241667
1 0.053906 0.382292 0.107813 0.177083
1 0.708594 0.205208 0.157813 0.227083
0 0.263281 0.681250 0.229687 0.300000
1 0.052344 0.881250 0.104688 0.237500
1 0.914844 0.400000 0.160938 0.220833
1 0.276563 0.935417 0.193750 0.129167
1 0.470313 0.059375 0.184375 0.118750
1 0.795313 0.087500 0.193750 0.175000
1 0.660156 0.095833 0.160938 0.179167
1 0.296094 0.430208 0.170313 0.185417
2 0.443750 0.205208 0.065625 0.093750
1 0.927344 0.201042 0.145313 0.222917
1 0.896094 0.577083 0.173438 0.204167
1 0.767969 0.746875 0.201563 0.243750
1 0.185156 0.093750 0.176563 0.187500
1 0.053125 0.144792 0.106250 0.210417
1 0.715625 0.427083 0.196875 0.241667
1 0.053906 0.382292 0.107813 0.177083
1 0.708594 0.205208 0.157813 0.227083
0 0.263281 0.681250 0.229687 0.300000
1 0.052344 0.881250 0.104688 0.237500
1 0.914844 0.400000 0.160938 0.220833
1 0.276563 0.935417 0.193750 0.129167
1 0.470313 0.059375 0.184375 0.118750
1 0.795313 0.087500 0.193750 0.175000
1 0.660156 0.095833 0.160938 0.179167
1 0.296094 0.430208 0.170313 0.185417
2 0.443750 0.205208 0.065625 0.093750
1 0.927344 0.201042 0.145313 0.222917
1 0.896094 0.577083 0.173438 0.204167
1 0.767969 0.746875 0.201563 0.243750
1 0.185156 0.093750 0.176563 0.187500
1 0.053125 0.144792 0.106250 0.210417
1 0.715625 0.427083 0.196875 0.241667
1 0.053906 0.382292 0.107813 0.177083
1 0.708594 0.205208 0.157813 0.227083
0 0.263281 0.681250 0.229687 0.300000
1 0.052344 0.881250 0.104688 0.237500
1 0.914844 0.400000 0.160938 0.220833
1 0.276563 0.935417 0.193750 0.129167
1 0.470313 0.059375 0.184375 0.118750
1 0.795313 0.087500 0.193750 0.175000
1 0.660156 0.095833 0.160938 0.179167
1 0.296094 0.430208 0.170313 0.185417
2 0.443750 0.205208 0.065625 0.093750
1 0.927344 0.201042 0.145313 0.222917
1 0.896094 0.577083 0.173438 0.204167
1 0.767969 0.746875 0.201563 0.243750
1 0.185156 0.093750 0.176563 0.187500
1 0.053125 0.144792 0.106250 0.210417
1 0.715625 0.427083 0.196875 0.241667
1 0.053906 0.382292 0.107813 0.177083
1 0.708594 0.205208 0.157813 0.227083
0 0.263281 0.681250 0.229687 0.300000
1 0.052344 0.881250 0.104688 0.237500
1 0.914844 0.400000 0.160938 0.220833
1 0.276563 0.935417 0.193750 0.129167
1 0.470313 0.059375 0.184375 0.118750
1 0.795313 0.087500 0.193750 0.175000
1 0.660156 0.095833 0.160938 0.179167
1 0.296094 0.430208 0.170313 0.185417
2 0.443750 0.205208 0.065625 0.093750
1 0.927344 0.201042 0.145313 0.222917
1 0.896094 0.577083 0.173438 0.204167
1 0.767969 0.746875 0.201563 0.243750
1 0.185156 0.093750 0.176563 0.187500
1 0.053125 0.144792 0.106250 0.210417
1 0.715625 0.427083 0.196875 0.241667
1 0.053906 0.382292 0.107813 0.177083
1 0.708594 0.205208 0.157813 0.227083
0 0.263281 0.681250 0.229687 0.300000
1 0.052344 0.881250 0.104688 0.237500
1 0.914844 0.400000 0.160938 0.220833
1 0.276563 0.935417 0.193750 0.129167
1 0.470313 0.059375 0.184375 0.118750
1 0.795313 0.087500 0.193750 0.175000
1 0.660156 0.095833 0.160938 0.179167
1 0.296094 0.430208 0.170313 0.185417
2 0.443750 0.205208 0.065625 0.093750
1 0.927344 0.201042 0.145313 0.222917
1 0.896094 0.577083 0.173438 0.204167
1 0.767969 0.746875 0.201563 0.243750
1 0.185156 0.093750 0.176563 0.187500
1 0.053125 0.144792 0.106250 0.210417
1 0.715625 0.427083 0.196875 0.241667
1 0.053906 0.382292 0.107813 0.177083
1 0.708594 0.205208 0.157813 0.227083
0 0.263281 0.681250 0.229687 0.300000
1 0.052344 0.881250 0.104688 0.237500
1 0.914844 0.400000 0.160938 0.220833
1 0.276563 0.935417 0.193750 0.129167
1 0.470313 0.059375 0.184375 0.118750
1 0.795313 0.087500 0.193750 0.175000
1 0.660156 0.095833 0.160938 0.179167
1 0.296094 0.430208 0.170313 0.185417
2 0.443750 0.205208 0.065625 0.093750
1 0.927344 0.201042 0.145313 0.222917
1 0.896094 0.577083 0.173438 0.204167
1 0.767969 0.746875 0.201563 0.243750
1 0.185156 0.093750 0.176563 0.187500
1 0.053125 0.144792 0.106250 0.210417
1 0.715625 0.427083 0.196875 0.241667
1 0.053906 0.382292 0.107813 0.177083
1 0.708594 0.205208 0.157813 0.227083
0 0.263281 0.681250 0.229687 0.300000
1 0.052344 0.881250 0.104688 0.237500
1 0.914844 0.400000 0.160938 0.220833
1 0.276563 0.935417 0.193750 0.129167
1 0.470313 0.059375 0.184375 0.118750
1 0.795313 0.087500 0.193750 0.175000
1 0.660156 0.095833 0.160938 0.179167
1 0.296094 0.430208 0.170313 0.185417
2 0.443750 0.205208 0.065625 0.093750
1 0.927344 0.201042 0.145313 0.222917
1 0.896094 0.577083 0.173438 0.204167
1 0.767969 0.746875 0.201563 0.243750
1 0.185156 0.093750 0.176563 0.187500
1 0.053125 0.144792 0.106250 0.210417
1 0.715625 0.427083 0.196875 0.241667
1 0.053906 0.382292 0.107813 0.177083
1 0.708594 0.205208 0.157813 0.227083
0 0.263281 0.681250 0.229687 0.300000
1 0.052344 0.881250 0.104688 0.237500
1 0.914844 0.400000 0.160938 0.220833
1 0.276563 0.935417 0.193750 0.129167
1 0.470313 0.059375 0.184375 0.118750
1 0.795313 0.087500 0.193750 0.175000
1 0.660156 0.095833 0.160938 0.179167
1 0.296094 0.430208 0.170313 0.185417
2 0.443750 0.205208 0.065625 0.093750
1 0.927344 0.201042 0.145313 0.222917
1 0.896094 0.577083 0.173438 0.204167
1 0.767969 0.746875 0.201563 0.243750
1 0.185156 0.093750 0.176563 0.187500
1 0.053125 0.144792 0.106250 0.210417
1 0.715625 0.427083 0.196875 0.241667
1 0.053906 0.382292 0.107813 0.177083
1 0.708594 0.205208 0.157813 0.227083
0 0.263281 0.681250 0.229687 0.300000
