1 0.860156 0.042708 0.179688 0.085417
1 0.927344 0.952083 0.142188 0.095833
1 0.790625 0.050000 0.162500 0.100000
1 0.845313 0.841667 0.131250 0.212500
1 0.841406 0.281250 0.176563 0.216667
2 0.101562 0.641667 0.103125 0.133333
1 0.670313 0.690625 0.156250 0.193750
1 0.246094 0.082292 0.179688 0.164583
1 0.048438 0.946875 0.096875 0.106250
1 0.050781 0.294792 0.101562 0.214583
1 0.959375 0.177083 0.081250 0.212500
1 0.491406 0.923958 0.157813 0.152083
1 0.175781 0.944792 0.117188 0.106250
1 0.303906 0.926042 0.154688 0.147917
1 0.260938 0.270833 0.159375 0.195833
1 0.659375 0.893750 0.196875 0.208333
1 0.639063 0.079167 0.156250 0.158333
1 0.437500 0.682292 0.181250 0.218750
1 0.416406 0.082292 0.176563 0.164583
1 0.883594 0.507292 0.145313 0.197917
1 0.146094 0.445833 0.142188 0.225000
0 0.470313 0.356250 0.300000 0.391667
1 0.745313 0.443750 0.171875 0.208333
1 0.860156 0.042708 0.179688 0.085417
1 0.927344 0.952083 0.142188 0.095833
1 0.790625 0.050000 0.162500 0.100000
1 0.845313 0.841667 0.131250 0.212500
1 0.841406 0.281250 0.176563 0.216667
2 0.101562 0.641667 0.103125 0.133333
1 0.670313 0.690625 0.156250 0.193750
1 0.246094 0.082292 0.179688 0.164583
1 0.048438 0.946875 0.096875 0.106250
1 0.050781 0.294792 0.101562 0.214583
1 0.959375 0.177083 0.081250 0.212500
1 0.491406 0.923958 0.157813 0.152083
1 0.175781 0.944792 0.117188 0.106250
1 0.303906 0.926042 0.154688 0.147917
1 0.260938 0.270833 0.159375 0.195833
1 0.659375 0.893750 0.196875 0.208333
1 0.639063 0.079167 0.156250 0.158333
1 0.437500 0.682292 0.181250 0.218750
1 0.416406 0.082292 0.176563 0.164583
1 0.883594 0.507292 0.145313 0.197917
1 0.146094 0.445833 0.142188 0.225000
0 0.470313 0.356250 0.300000 0.391667
1 0.745313 0.443750 0.171875 0.208333
1 0.860156 0.042708 0.179688 0.085417
1 0.927344 0.952083 0.142188 0.095833
1 0.790625 0.050000 0.162500 0.100000
1 0.845313 0.841667 0.131250 0.212500
1 0.841406 0.281250 0.176563 0.216667
2 0.101562 0.641667 0.103125 0.133333
1 0.670313 0.690625 0.156250 0.193750
1 0.246094 0.082292 0.179688 0.164583
1 0.048438 0.946875 0.096875 0.106250
1 0.050781 0.294792 0.101562 0.214583
1 0.959375 0.177083 0.081250 0.212500
1 0.491406 0.923958 0.157813 0.152083
1 0.175781 0.944792 0.117188 0.106250
1 0.303906 0.926042 0.154688 0.147917
1 0.260938 0.270833 0.159375 0.195833
1 0.659375 0.893750 0.196875 0.208333
1 0.639063 0.079167 0.156250 0.158333
1 0.437500 0.682292 0.181250 0.218750
1 0.416406 0.082292 0.176563 0.164583
1 0.883594 0.507292 0.145313 0.197917
1 0.146094 0.445833 0.142188 0.225000
0 0.470313 0.356250 0.300000 0.391667
1 0.745313 0.443750 0.171875 0.208333
1 0.860156 0.042708 0.179688 0.085417
1 0.927344 0.952083 0.142188 0.095833
1 0.790625 0.050000 0.162500 0.100000
1 0.845313 0.841667 0.131250 0.212500
1 0.841406 0.281250 0.176563 0.216667
2 0.101562 0.641667 0.103125 0.133333
1 0.670313 0.690625 0.156250 0.193750
1 0.246094 0.082292 0.179688 0.164583
1 0.048438 0.946875 0.096875 0.106250
1 0.050781 0.294792 0.101562 0.214583
1 0.959375 0.177083 0.081250 0.212500
1 0.491406 0.923958 0.157813 0.152083
1 0.175781 0.944792 0.117188 0.106250
1 0.303906 0.926042 0.154688 0.147917
1 0.260938 0.270833 0.159375 0.195833
1 0.659375 0.893750 0.196875 0.208333
1 0.639063 0.079167 0.156250 0.158333
1 0.437500 0.682292 0.181250 0.218750
1 0.416406 0.082292 0.176563 0.164583
1 0.883594 0.507292 0.145313 0.197917
1 0.146094 0.445833 0.142188 0.225000
0 0.470313 0.356250 0.300000 0.391667
1 0.745313 0.443750 0.171875 0.208333
1 0.860156 0.042708 0.179688 0.085417
1 0.927344 0.952083 0.142188 0.095833
1 0.790625 0.050000 0.162500 0.100000
1 0.845313 0.841667 0.131250 0.212500
1 0.841406 0.281250 0.176563 0.216667
2 0.101562 0.641667 0.103125 0.133333
1 0.670313 0.690625 0.156250 0.193750
1 0.246094 0.082292 0.179688 0.164583
1 0.048438 0.946875 0.096875 0.106250
1 0.050781 0.294792 0.101562 0.214583
1 0.959375 0.177083 0.081250 0.212500
1 0.491406 0.923958 0.157813 0.152083
1 0.175781 0.944792 0.117188 0.106250
1 0.303906 0.926042 0.154688 0.147917
1 0.260938 0.270833 0.159375 0.195833
1 0.659375 0.893750 0.196875 0.208333
1 0.639063 0.079167 0.156250 0.158333
1 0.437500 0.682292 0.181250 0.218750
1 0.416406 0.082292 0.176563 0.164583
1 0.883594 0.507292 0.145313 0.197917
1 0.146094 0.445833 0.142188 0.225000
0 0.470313 0.356250 0.300000 0.391667
1 0.745313 0.443750 0.171875 0.208333
1 0.860156 0.042708 0.179688 0.085417
1 0.927344 0.952083 0.142188 0.095833
1 0.790625 0.050000 0.162500 0.100000
1 0.845313 0.841667 0.131250 0.212500
1 0.841406 0.281250 0.176563 0.216667
2 0.101562 0.641667 0.103125 0.133333
1 0.670313 0.690625 0.156250 0.193750
1 0.246094 0.082292 0.179688 0.164583
1 0.048438 0.946875 0.096875 0.106250
1 0.050781 0.294792 0.101562 0.214583
1 0.959375 0.177083 0.081250 0.212500
1 0.491406 0.923958 0.157813 0.152083
1 0.175781 0.944792 0.117188 0.106250
1 0.303906 0.926042 0.154688 0.147917
1 0.260938 0.270833 0.159375 0.195833
1 0.659375 0.893750 0.196875 0.208333
1 0.639063 0.079167 0.156250 0.158333
1 0.437500 0.682292 0.181250 0.218750
1 0.416406 0.082292 0.176563 0.164583
1 0.883594 0.507292 0.145313 0.197917
1 0.146094 0.445833 0.142188 0.225000
0 0.470313 0.356250 0.300000 0.391667
1 0.745313 0.443750 0.171875 0.208333
1 0.860156 0.042708 0.179688 0.085417
1 0.927344 0.952083 0.142188 0.095833
1 0.790625 0.050000 0.162500 0.100000
1 0.845313 0.841667 0.131250 0.212500
1 0.841406 0.281250 0.176563 0.216667
2 0.101562 0.641667 0.103125 0.133333
1 0.670313 0.690625 0.156250 0.193750
1 0.246094 0.082292 0.179688 0.164583
1 0.048438 0.946875 0.096875 0.106250
1 0.050781 0.294792 0.101562 0.214583
1 0.959375 0.177083 0.081250 0.212500
1 0.491406 0.923958 0.157813 0.152083
1 0.175781 0.944792 0.117188 0.106250
1 0.303906 0.926042 0.154688 0.147917
1 0.260938 0.270833 0.159375 0.195833
1 0.659375 0.893750 0.196875 0.208333
1 0.639063 0.079167 0.156250 0.158333
1 0.437500 0.682292 0.181250 0.218750
1 0.416406 0.082292 0.176563 0.164583
1 0.883594 0.507292 0.145313 0.197917
1 0.146094 0.445833 0.142188 0.225000
0 0.470313 0.356250 0.300000 0.391667
1 0.745313 0.443750 0.171875 0.208333
1 0.860156 0.042708 0.179688 0.085417
1 0.927344 0.952083 0.142188 0.095833
1 0.790625 0.050000 0.162500 0.100000
1 0.845313 0.841667 0.131250 0.212500
1 0.841406 0.281250 0.176563 0.216667
2 0.101562 0.641667 0.103125 0.133333
1 0.670313 0.690625 0.156250 0.193750
1 0.246094 0.082292 0.179688 0.164583
1 0.048438 0.946875 0.096875 0.106250
1 0.050781 0.294792 0.101562 0.214583
1 0.959375 0.177083 0.081250 0.212500
1 0.491406 0.923958 0.157813 0.152083
1 0.175781 0.944792 0.117188 0.106250
1 0.303906 0.926042 0.154688 0.147917
1 0.260938 0.270833 0.159375 0.195833
1 0.659375 0.893750 0.196875 0.208333
1 0.639063 0.079167 0.156250 0.158333
1 0.437500 0.682292 0.181250 0.218750
1 0.416406 0.082292 0.176563 0.164583
1 0.883594 0.507292 0.145313 0.197917
1 0.146094 0.445833 0.142188 0.225000
0 0.470313 0.356250 0.300000 0.391667
1 0.745313 0.443750 0.171875 0.208333
1 0.860156 0.042708 0.179688 0.085417
1 0.927344 0.952083 0.142188 0.095833
1 0.790625 0.050000 0.162500 0.100000
1 0.845313 0.841667 0.131250 0.212500
1 0.841406 0.281250 0.176563 0.216667
2 0.101562 0.641667 0.103125 0.133333
1 0.670313 0.690625 0.156250 0.193750
1 0.246094 0.082292 0.179688 0.164583
1 0.048438 0.946875 0.096875 0.106250
1 0.050781 0.294792 0.101562 0.214583
1 0.959375 0.177083 0.081250 0.212500
1 0.491406 0.923958 0.157813 0.152083
1 0.175781 0.944792 0.117188 0.106250
1 0.303906 0.926042 0.154688 0.147917
1 0.260938 0.270833 0.159375 0.195833
1 0.659375 0.893750 0.196875 0.208333
1 0.639063 0.079167 0.156250 0.158333
1 0.437500 0.682292 0.181250 0.218750
1 0.416406 0.082292 0.176563 0.164583
1 0.883594 0.507292 0.145313 0.197917
1 0.146094 0.445833 0.142188 0.225000
0 0.470313 0.356250 0.300000 0.391667
1 0.745313 0.443750 0.171875 0.208333
1 0.860156 0.042708 0.179688 0.085417
1 0.927344 0.952083 0.142188 0.095833
1 0.790625 0.050000 0.162500 0.100000
1 0.845313 0.841667 0.131250 0.212500
1 0.841406 0.281250 0.176563 0.216667
2 0.101562 0.641667 0.103125 0.133333
1 0.670313 0.690625 0.156250 0.193750
1 0.246094 0.082292 0.179688 0.164583
1 0.048438 0.946875 0.096875 0.106250
1 0.050781 0.294792 0.101562 0.214583
1 0.959375 0.177083 0.081250 0.212500
1 0.491406 0.923958 0.157813 0.152083
1 0.175781 0.944792 0.117188 0.106250
1 0.303906 0.926042 0.154688 0.147917
1 0.260938 0.270833 0.159375 0.195833
1 0.659375 0.893750 0.196875 0.208333
1 0.639063 0.079167 0.156250 0.158333
1 0.437500 0.682292 0.181250 0.218750
1 0.416406 0.082292 0.176563 0.164583
1 0.883594 0.507292 0.145313 0.197917
1 0.146094 0.445833 0.142188 0.225000
0 0.470313 0.356250 0.300000 0.391667
1 0.745313 0.443750 0.171875 0.208333
1 0.860156 0.042708 0.179688 0.085417
1 0.927344 0.952083 0.142188 0.095833
1 0.790625 0.050000 0.162500 0.100000
1 0.845313 0.841667 0.131250 0.212500
1 0.841406 0.281250 0.176563 0.216667
2 0.101562 0.641667 0.103125 0.133333
1 0.670313 0.690625 0.156250 0.193750
1 0.246094 0.082292 0.179688 0.164583
1 0.048438 0.946875 0.096875 0.106250
1 0.050781 0.294792 0.101562 0.214583
1 0.959375 0.177083 0.081250 0.212500
1 0.491406 0.923958 0.157813 0.152083
1 0.175781 0.944792 0.117188 0.106250
1 0.303906 0.926042 0.154688 0.147917
1 0.260938 0.270833 0.159375 0.195833
1 0.659375 0.893750 0.196875 0.208333
1 0.639063 0.079167 0.156250 0.158333
1 0.437500 0.682292 0.181250 0.218750
1 0.416406 0.082292 0.176563 0.164583
1 0.883594 0.507292 0.145313 0.197917
1 0.146094 0.445833 0.142188 0.225000
0 0.470313 0.356250 0.300000 0.391667
1 0.745313 0.443750 0.171875 0.208333
1 0.860156 0.042708 0.179688 0.085417
1 0.927344 0.952083 0.142188 0.095833
1 0.790625 0.050000 0.162500 0.100000
1 0.845313 0.841667 0.131250 0.212500
1 0.841406 0.281250 0.176563 0.216667
2 0.101562 0.641667 0.103125 0.133333
1 0.670313 0.690625 0.156250 0.193750
1 0.246094 0.082292 0.179688 0.164583
1 0.048438 0.946875 0.096875 0.106250
1 0.050781 0.294792 0.101562 0.214583
1 0.959375 0.177083 0.081250 0.212500
1 0.491406 0.923958 0.157813 0.152083
1 0.175781 0.944792 0.117188 0.106250
1 0.303906 0.926042 0.154688 0.147917
1 0.260938 0.270833 0.159375 0.195833
1 0.659375 0.893750 0.196875 0.208333
1 0.639063 0.079167 0.156250 0.158333
1 0.437500 0.682292 0.181250 0.218750
1 0.416406 0.082292 0.176563 0.164583
1 0.883594 0.507292 0.145313 0.197917
1 0.146094 0.445833 0.142188 0.225000
0 0.470313 0.356250 0.300000 0.391667
1 0.745313 0.443750 0.171875 0.208333
1 0.860156 0.042708 0.179688 0.085417
1 0.927344 0.952083 0.142188 0.095833
1 0.790625 0.050000 0.162500 0.100000
1 0.845313 0.841667 0.131250 0.212500
1 0.841406 0.281250 0.176563 0.216667
2 0.101562 0.641667 0.103125 0.133333
1 0.670313 0.690625 0.156250 0.193750
1 0.246094 0.082292 0.179688 0.164583
1 0.048438 0.946875 0.096875 0.106250
1 0.050781 0.294792 0.101562 0.214583
1 0.959375 0.177083 0.081250 0.212500
1 0.491406 0.923958 0.157813 0.152083
1 0.175781 0.944792 0.117188 0.106250
1 0.303906 0.926042 0.154688 0.147917
1 0.260938 0.270833 0.159375 0.195833
1 0.659375 0.893750 0.196875 0.208333
1 0.639063 0.079167 0.156250 0.158333
1 0.437500 0.682292 0.181250 0.218750
1 0.416406 0.082292 0.176563 0.164583
1 0.883594 0.507292 0.145313 0.197917
1 0.146094 0.445833 0.142188 0.225000
0 0.470313 0.356250 0.300000 0.391667
1 0.745313 0.443750 0.171875 0.208333
1 0.860156 0.042708 0.179688 0.085417
1 0.927344 0.952083 0.142188 0.095833
1 0.790625 0.050000 0.162500 0.100000
1 0.845313 0.841667 0.131250 0.212500
1 0.841406 0.281250 0.176563 0.216667
2 0.101562 0.641667 0.103125 0.133333
1 0.670313 0.690625 0.156250 0.193750
1 0.246094 0.082292 0.179688 0.164583
1 0.048438 0.946875 0.096875 0.106250
1 0.050781 0.294792 0.101562 0.214583
1 0.959375 0.177083 0.081250 0.212500
1 0.491406 0.923958 0.157813 0.152083
1 0.175781 0.944792 0.117188 0.106250
1 0.303906 0.926042 0.154688 0.147917
1 0.260938 0.270833 0.159375 0.195833
1 0.659375 0.893750 0.196875 0.208333
1 0.639063 0.079167 0.156250 0.158333
1 0.437500 0.682292 0.181250 0.218750
1 0.416406 0.082292 0.176563 0.164583
1 0.883594 0.507292 0.145313 0.197917
1 0.146094 0.445833 0.142188 0.225000
0 0.470313 0.356250 0.300000 0.391667
1 0.745313 0.443750 0.171875 0.208333
1 0.860156 0.042708 0.179688 0.085417
1 0.927344 0.952083 0.142188 0.095833
1 0.790625 0.050000 0.162500 0.100000
1 0.845313 0.841667 0.131250 0.212500
1 0.841406 0.281250 0.176563 0.216667
2 0.101562 0.641667 0.103125 0.133333
1 0.670313 0.690625 0.156250 0.193750
1 0.246094 0.082292 0.179688 0.164583
1 0.048438 0.946875 0.096875 0.106250
1 0.050781 0.294792 0.101562 0.214583
1 0.959375 0.177083 0.081250 0.212500
1 0.491406 0.923958 0.157813 0.152083
1 0.175781 0.944792 0.117188 0.106250
1 0.303906 0.926042 0.154688 0.147917
1 0.260938 0.270833 0.159375 0.195833
1 0.659375 0.893750 0.196875 0.208333
1 0.639063 0.079167 0.156250 0.158333
1 0.437500 0.682292 0.181250 0.218750
1 0.416406 0.082292 0.176563 0.164583
1 0.883594 0.507292 0.145313 0.197917
1 0.146094 0.445833 0.142188 0.225000
0 0.470313 0.356250 0.300000 0.391667
1 0.745313 0.443750 0.171875 0.208333
1 0.860156 0.042708 0.179688 0.085417
1 0.927344 0.952083 0.142188 0.095833
1 0.790625 0.050000 0.162500 0.100000
1 0.845313 0.841667 0.131250 0.212500
1 0.841406 0.281250 0.176563 0.216667
2 0.101562 0.641667 0.103125 0.133333
1 0.670313 0.690625 0.156250 0.193750
1 0.246094 0.082292 0.179688 0.164583
1 0.048438 0.946875 0.096875 0.106250
1 0.050781 0.294792 0.101562 0.214583
1 0.959375 0.177083 0.081250 0.212500
1 0.491406 0.923958 0.157813 0.152083
1 0.175781 0.944792 0.117188 0.106250
1 0.303906 0.926042 0.154688 0.147917
1 0.260938 0.270833 0.159375 0.195833
1 0.659375 0.893750 0.196875 0.208333
1 0.639063 0.079167 0.156250 0.158333
1 0.437500 0.682292 0.181250 0.218750
1 0.416406 0.082292 0.176563 0.164583
1 0.883594 0.507292 0.145313 0.197917
1 0.146094 0.445833 0.142188 0.225000
0 0.470313 0.356250 0.300000 0.391667
1 0.745313 0.443750 0.171875 0.208333
1 0.860156 0.042708 0.179688 0.085417
1 0.927344 0.952083 0.142188 0.095833
1 0.790625 0.050000 0.162500 0.100000
1 0.845313 0.841667 0.131250 0.212500
1 0.841406 0.281250 0.176563 0.216667
2 0.101562 0.641667 0.103125 0.133333
1 0.670313 0.690625 0.156250 0.193750
1 0.246094 0.082292 0.179688 0.164583
1 0.048438 0.946875 0.096875 0.106250
1 0.050781 0.294792 0.101562 0.214583
1 0.959375 0.177083 0.081250 0.212500
1 0.491406 0.923958 0.157813 0.152083
1 0.175781 0.944792 0.117188 0.106250
1 0.303906 0.926042 0.154688 0.147917
1 0.260938 0.270833 0.159375 0.195833
1 0.659375 0.893750 0.196875 0.208333
1 0.639063 0.079167 0.156250 0.158333
1 0.437500 0.682292 0.181250 0.218750
1 0.416406 0.082292 0.176563 0.164583
1 0.883594 0.507292 0.145313 0.197917
1 0.146094 0.445833 0.142188 0.225000
0 0.470313 0.356250 0.300000 0.391667
1 0.745313 0.443750 0.171875 0.208333
1 0.860156 0.042708 0.179688 0.085417
1 0.927344 0.952083 0.142188 0.095833
1 0.790625 0.050000 0.162500 0.100000
1 0.845313 0.841667 0.131250 0.212500
1 0.841406 0.281250 0.176563 0.216667
2 0.101562 0.641667 0.103125 0.133333
1 0.670313 0.690625 0.156250 0.193750
1 0.246094 0.082292 0.179688 0.164583
1 0.048438 0.946875 0.096875 0.106250
1 0.050781 0.294792 0.101562 0.214583
1 0.959375 0.177083 0.081250 0.212500
1 0.491406 0.923958 0.157813 0.152083
1 0.175781 0.944792 0.117188 0.106250
1 0.303906 0.926042 0.154688 0.147917
1 0.260938 0.270833 0.159375 0.195833
1 0.659375 0.893750 0.196875 0.208333
1 0.639063 0.079167 0.156250 0.158333
1 0.437500 0.682292 0.181250 0.218750
1 0.416406 0.082292 0.176563 0.164583
1 0.883594 0.507292 0.145313 0.197917
1 0.146094 0.445833 0.142188 0.225000
0 0.470313 0.356250 0.300000 0.391667
1 0.745313 0.443750 0.171875 0.208333
1 0.860156 0.042708 0.179688 0.085417
1 0.927344 0.952083 0.142188 0.095833
1 0.790625 0.050000 0.162500 0.100000
1 0.845313 0.841667 0.131250 0.212500
1 0.841406 0.281250 0.176563 0.216667
2 0.101562 0.641667 0.103125 0.133333
1 0.670313 0.690625 0.156250 0.193750
1 0.246094 0.082292 0.179688 0.164583
1 0.048438 0.946875 0.096875 0.106250
1 0.050781 0.294792 0.101562 0.214583
1 0.959375 0.177083 0.081250 0.212500
1 0.491406 0.923958 0.157813 0.152083
1 0.175781 0.944792 0.117188 0.106250
1 0.303906 0.926042 0.154688 0.147917
1 0.260938 0.270833 0.159375 0.195833
1 0.659375 0.893750 0.196875 0.208333
1 0.639063 0.079167 0.156250 0.158333
1 0.437500 0.682292 0.181250 0.218750
1 0.416406 0.082292 0.176563 0.164583
1 0.883594 0.507292 0.145313 0.197917
1 0.146094 0.445833 0.142188 0.225000
0 0.470313 0.356250 0.300000 0.391667
1 0.745313 0.443750 0.171875 0.208333
1 0.860156 0.042708 0.179688 0.085417
1 0.927344 0.952083 0.142188 0.095833
1 0.790625 0.050000 0.162500 0.100000
1 0.845313 0.841667 0.131250 0.212500
1 0.841406 0.281250 0.176563 0.216667
2 0.101562 0.641667 0.103125 0.133333
1 0.670313 0.690625 0.156250 0.193750
1 0.246094 0.082292 0.179688 0.164583
1 0.048438 0.946875 0.096875 0.106250
1 0.050781 0.294792 0.101562 0.214583
1 0.959375 0.177083 0.081250 0.212500
1 0.491406 0.923958 0.157813 0.152083
1 0.175781 0.944792 0.117188 0.106250
1 0.303906 0.926042 0.154688 0.147917
1 0.260938 0.270833 0.159375 0.195833
1 0.659375 0.893750 0.196875 0.208333
1 0.639063 0.079167 0.156250 0.158333
1 0.437500 0.682292 0.181250 0.218750
1 0.416406 0.082292 0.176563 0.164583
1 0.883594 0.507292 0.145313 0.197917
1 0.146094 0.445833 0.142188 0.225000
0 0.470313 0.356250 0.300000 0.391667
1 0.745313 0.443750 0.171875 0.208333
1 0.860156 0.042708 0.179688 0.085417
1 0.927344 0.952083 0.142188 0.095833
1 0.790625 0.050000 0.162500 0.100000
1 0.845313 0.841667 0.131250 0.212500
1 0.841406 0.281250 0.176563 0.216667
2 0.101562 0.641667 0.103125 0.133333
1 0.670313 0.690625 0.156250 0.193750
1 0.246094 0.082292 0.179688 0.164583
1 0.048438 0.946875 0.096875 0.106250
1 0.050781 0.294792 0.101562 0.214583
1 0.959375 0.177083 0.081250 0.212500
1 0.491406 0.923958 0.157813 0.152083
1 0.175781 0.944792 0.117188 0.106250
1 0.303906 0.926042 0.154688 0.147917
1 0.260938 0.270833 0.159375 0.195833
1 0.659375 0.893750 0.196875 0.208333
1 0.639063 0.079167 0.156250 0.158333
1 0.437500 0.682292 0.181250 0.218750
1 0.416406 0.082292 0.176563 0.164583
1 0.883594 0.507292 0.145313 0.197917
1 0.146094 0.445833 0.142188 0.225000
0 0.470313 0.356250 0.300000 0.391667
1 0.745313 0.443750 0.171875 0.208333
1 0.860156 0.042708 0.179688 0.085417
1 0.927344 0.952083 0.142188 0.095833
1 0.790625 0.050000 0.162500 0.100000
1 0.845313 0.841667 0.131250 0.212500
1 0.841406 0.281250 0.176563 0.216667
2 0.101562 0.641667 0.103125 0.133333
1 0.670313 0.690625 0.156250 0.193750
1 0.246094 0.082292 0.179688 0.164583
1 0.048438 0.946875 0.096875 0.106250
1 0.050781 0.294792 0.101562 0.214583
1 0.959375 0.177083 0.081250 0.212500
1 0.491406 0.923958 0.157813 0.152083
1 0.175781 0.944792 0.117188 0.106250
1 0.303906 0.926042 0.154688 0.147917
1 0.260938 0.270833 0.159375 0.195833
1 0.659375 0.893750 0.196875 0.208333
1 0.639063 0.079167 0.156250 0.158333
1 0.437500 0.682292 0.181250 0.218750
1 0.416406 0.082292 0.176563 0.164583
1 0.883594 0.507292 0.145313 0.197917
1 0.146094 0.445833 0.142188 0.225000
0 0.470313 0.356250 0.300000 0.391667
1 0.745313 0.443750 0.171875 0.208333
1 0.860156 0.042708 0.179688 0.085417
1 0.927344 0.952083 0.142188 0.095833
1 0.790625 0.050000 0.162500 0.100000
1 0.845313 0.841667 0.131250 0.212500
1 0.841406 0.281250 0.176563 0.216667
2 0.101562 0.641667 0.103125 0.133333
1 0.670313 0.690625 0.156250 0.193750
1 0.246094 0.082292 0.179688 0.164583
1 0.048438 0.946875 0.096875 0.106250
1 0.050781 0.294792 0.101562 0.214583
1 0.959375 0.177083 0.081250 0.212500
1 0.491406 0.923958 0.157813 0.152083
1 0.175781 0.944792 0.117188 0.106250
1 0.303906 0.926042 0.154688 0.147917
1 0.260938 0.270833 0.159375 0.195833
1 0.659375 0.893750 0.196875 0.208333
1 0.639063 0.079167 0.156250 0.158333
1 0.437500 0.682292 0.181250 0.218750
1 0.416406 0.082292 0.176563 0.164583
1 0.883594 0.507292 0.145313 0.197917
1 0.146094 0.445833 0.142188 0.225000
0 0.470313 0.356250 0.300000 0.391667
1 0.745313 0.443750 0.171875 0.208333
