2 0.166406 0.913542 0.054688 0.072917
1 0.325000 0.677083 0.206250 0.229167
1 0.657031 0.407292 0.182812 0.210417
1 0.068750 0.692708 0.121875 0.164583
1 0.089063 0.953125 0.165625 0.093750
1 0.573438 0.530208 0.193750 0.252083
1 0.095312 0.042708 0.190625 0.085417
2 0.475000 0.023958 0.068750 0.047917
1 0.915625 0.183333 0.162500 0.241667
1 0.041406 0.400000 0.082813 0.266667
1 0.153125 0.713542 0.159375 0.181250
1 0.890625 0.821875 0.162500 0.227083
1 0.263281 0.097917 0.204688 0.195833
0 0.325000 0.390625 0.284375 0.385417
1 0.452344 0.919792 0.145313 0.160417
1 0.132812 0.469792 0.156250 0.231250
1 0.719531 0.778125 0.160938 0.202083
2 0.166406 0.913542 0.054688 0.072917
1 0.325000 0.677083 0.206250 0.229167
1 0.657031 0.407292 0.182812 0.210417
1 0.068750 0.692708 0.121875 0.164583
1 0.089063 0.953125 0.165625 0.093750
1 0.573438 0.530208 0.193750 0.252083
1 0.095312 0.042708 0.190625 0.085417
2 0.475000 0.023958 0.068750 0.047917
1 0.915625 0.183333 0.162500 0.241667
1 0.041406 0.400000 0.082813 0.266667
1 0.153125 0.713542 0.159375 0.181250
1 0.890625 0.821875 0.162500 0.227083
1 0.263281 0.097917 0.204688 0.195833
0 0.325000 0.390625 0.284375 0.385417
1 0.452344 0.919792 0.145313 0.160417
1 0.132812 0.469792 0.156250 0.231250
1 0.719531 0.778125 0.160938 0.202083
2 0.166406 0.913542 0.054688 0.072917
1 0.325000 0.677083 0.206250 0.229167
1 0.657031 0.407292 0.182812 0.210417
1 0.068750 0.692708 0.121875 0.164583
1 0.089063 0.953125 0.165625 0.093750
1 0.573438 0.530208 0.193750 0.252083
1 0.095312 0.042708 0.190625 0.085417
2 0.475000 0.023958 0.068750 0.047917
1 0.915625 0.183333 0.162500 0.241667
1 0.041406 0.400000 0.082813 0.266667
1 0.153125 0.713542 0.159375 0.181250
1 0.890625 0.821875 0.162500 0.227083
1 0.263281 0.097917 0.204688 0.195833
0 0.325000 0.390625 0.284375 0.385417
1 0.452344 0.919792 0.145313 0.160417
1 0.132812 0.469792 0.156250 0.231250
1 0.719531 0.778125 0.160938 0.202083
2 0.166406 0.913542 0.054688 0.072917
1 0.325000 0.677083 0.206250 0.229167
1 0.657031 0.407292 0.182812 0.210417
1 0.068750 0.692708 0.121875 0.164583
1 0.089063 0.953125 0.165625 0.093750
1 0.573438 0.530208 0.193750 0.252083
1 0.095312 0.042708 0.190625 0.085417
2 0.475000 0.023958 0.068750 0.047917
1 0.915625 0.183333 0.162500 0.241667
1 0.041406 0.400000 0.082813 0.266667
1 0.153125 0.713542 0.159375 0.181250
1 0.890625 0.821875 0.162500 0.227083
1 0.263281 0.097917 0.204688 0.195833
0 0.325000 0.390625 0.284375 0.385417
1 0.452344 0.919792 0.145313 0.160417
1 0.132812 0.469792 0.156250 0.231250
1 0.719531 0.778125 0.160938 0.202083
2 0.166406 0.913542 0.054688 0.072917
1 0.325000 0.677083 0.206250 0.229167
1 0.657031 0.407292 0.182812 0.210417
1 0.068750 0.692708 0.121875 0.164583
1 0.089063 0.953125 0.165625 0.093750
1 0.573438 0.530208 0.193750 0.252083
1 0.095312 0.042708 0.190625 0.085417
2 0.475000 0.023958 0.068750 0.047917
1 0.915625 0.183333 0.162500 0.241667
1 0.041406 0.400000 0.082813 0.266667
1 0.153125 0.713542 0.159375 0.181250
1 0.890625 0.821875 0.162500 0.227083
1 0.263281 0.097917 0.204688 0.195833
0 0.325000 0.390625 0.284375 0.385417
1 0.452344 0.919792 0.145313 0.160417
1 0.132812 0.469792 0.156250 0.231250
1 0.719531 0.778125 0.160938 0.202083
2 0.166406 0.913542 0.054688 0.072917
1 0.325000 0.677083 0.206250 0.229167
1 0.657031 0.407292 0.182812 0.210417
1 0.068750 0.692708 0.121875 0.164583
1 0.089063 0.953125 0.165625 0.093750
1 0.573438 0.530208 0.193750 0.252083
1 0.095312 0.042708 0.190625 0.085417
2 0.475000 0.023958 0.068750 0.047917
1 0.915625 0.183333 0.162500 0.241667
1 0.041406 0.400000 0.082813 0.266667
1 0.153125 0.713542 0.159375 0.181250
1 0.890625 0.821875 0.162500 0.227083
1 0.263281 0.097917 0.204688 0.195833
0 0.325000 0.390625 0.284375 0.385417
1 0.452344 0.919792 0.145313 0.160417
1 0.132812 0.469792 0.156250 0.231250
1 0.719531 0.778125 0.160938 0.202083
2 0.166406 0.913542 0.054688 0.072917
1 0.325000 0.677083 0.206250 0.229167
1 0.657031 0.407292 0.182812 0.210417
1 0.068750 0.692708 0.121875 0.164583
1 0.089063 0.953125 0.165625 0.093750
1 0.573438 0.530208 0.193750 0.252083
1 0.095312 0.042708 0.190625 0.085417
2 0.475000 0.023958 0.068750 0.047917
1 0.915625 0.183333 0.162500 0.241667
1 0.041406 0.400000 0.082813 0.266667
1 0.153125 0.713542 0.159375 0.181250
1 0.890625 0.821875 0.162500 0.227083
1 0.263281 0.097917 0.204688 0.195833
0 0.325000 0.390625 0.284375 0.385417
1 0.452344 0.919792 0.145313 0.160417
1 0.132812 0.469792 0.156250 0.231250
1 0.719531 0.778125 0.160938 0.202083
2 0.166406 0.913542 0.054688 0.072917
1 0.325000 0.677083 0.206250 0.229167
1 0.657031 0.407292 0.182812 0.210417
1 0.068750 0.692708 0.121875 0.164583
1 0.089063 0.953125 0.165625 0.093750
1 0.573438 0.530208 0.193750 0.252083
1 0.095312 0.042708 0.190625 0.085417
2 0.475000 0.023958 0.068750 0.047917
1 0.915625 0.183333 0.162500 0.241667
1 0.041406 0.400000 0.082813 0.266667
1 0.153125 0.713542 0.159375 0.181250
1 0.890625 0.821875 0.162500 0.227083
1 0.263281 0.097917 0.204688 0.195833
0 0.325000 0.390625 0.284375 0.385417
1 0.452344 0.919792 0.145313 0.160417
1 0.132812 0.469792 0.156250 0.231250
1 0.719531 0.778125 0.160938 0.202083
2 0.166406 0.913542 0.054688 0.072917
1 0.325000 0.677083 0.206250 0.229167
1 0.657031 0.407292 0.182812 0.210417
1 0.068750 0.692708 0.121875 0.164583
1 0.089063 0.953125 0.165625 0.093750
1 0.573438 0.530208 0.193750 0.252083
1 0.095312 0.042708 0.190625 0.085417
2 0.475000 0.023958 0.068750 0.047917
1 0.915625 0.183333 0.162500 0.241667
1 0.041406 0.400000 0.082813 0.266667
1 0.153125 0.713542 0.159375 0.181250
1 0.890625 0.821875 0.162500 0.227083
1 0.263281 0.097917 0.204688 0.195833
0 0.325000 0.390625 0.284375 0.385417
1 0.452344 0.919792 0.145313 0.160417
1 0.132812 0.469792 0.156250 0.231250
1 0.719531 0.778125 0.160938 0.202083
2 0.166406 0.913542 0.054688 0.072917
1 0.325000 0.677083 0.206250 0.229167
1 0.657031 0.407292 0.182812 0.210417
1 0.068750 0.692708 0.121875 0.164583
1 0.089063 0.953125 0.165625 0.093750
1 0.573438 0.530208 0.193750 0.252083
1 0.095312 0.042708 0.190625 0.085417
2 0.475000 0.023958 0.068750 0.047917
1 0.915625 0.183333 0.162500 0.241667
1 0.041406 0.400000 0.082813 0.266667
1 0.153125 0.713542 0.159375 0.181250
1 0.890625 0.821875 0.162500 0.227083
1 0.263281 0.097917 0.204688 0.195833
0 0.325000 0.390625 0.284375 0.385417
1 0.452344 0.919792 0.145313 0.160417
1 0.132812 0.469792 0.156250 0.231250
1 0.719531 0.778125 0.160938 0.202083
2 0.166406 0.913542 0.054688 0.072917
1 0.325000 0.677083 0.206250 0.229167
1 0.657031 0.407292 0.182812 0.210417
1 0.068750 0.692708 0.121875 0.164583
1 0.089063 0.953125 0.165625 0.093750
1 0.573438 0.530208 0.193750 0.252083
1 0.095312 0.042708 0.190625 0.085417
2 0.475000 0.023958 0.068750 0.047917
1 0.915625 0.183333 0.162500 0.241667
1 0.041406 0.400000 0.082813 0.266667
1 0.153125 0.713542 0.159375 0.181250
1 0.890625 0.821875 0.162500 0.227083
1 0.263281 0.097917 0.204688 0.195833
0 0.325000 0.390625 0.284375 0.385417
1 0.452344 0.919792 0.145313 0.160417
1 0.132812 0.469792 0.156250 0.231250
1 0.719531 0.778125 0.160938 0.202083
2 0.166406 0.913542 0.054688 0.072917
1 0.325000 0.677083 0.206250 0.229167
1 0.657031 0.407292 0.182812 0.210417
1 0.068750 0.692708 0.121875 0.164583
1 0.089063 0.953125 0.165625 0.093750
1 0.573438 0.530208 0.193750 0.252083
1 0.095312 0.042708 0.190625 0.085417
2 0.475000 0.023958 0.068750 0.047917
1 0.915625 0.183333 0.162500 0.241667
1 0.041406 0.400000 0.082813 0.266667
1 0.153125 0.713542 0.159375 0.181250
1 0.890625 0.821875 0.162500 0.227083
1 0.263281 0.097917 0.204688 0.195833
0 0.325000 0.390625 0.284375 0.385417
1 0.452344 0.919792 0.145313 0.160417
1 0.132812 0.469792 0.156250 0.231250
1 0.719531 0.778125 0.160938 0.202083
2 0.166406 0.913542 0.054688 0.072917
1 0.325000 0.677083 0.206250 0.229167
1 0.657031 0.407292 0.182812 0.210417
1 0.068750 0.692708 0.121875 0.164583
1 0.089063 0.953125 0.165625 0.093750
1 0.573438 0.530208 0.193750 0.252083
1 0.095312 0.042708 0.190625 0.085417
2 0.475000 0.023958 0.068750 0.047917
1 0.915625 0.183333 0.162500 0.241667
1 0.041406 0.400000 0.082813 0.266667
1 0.153125 0.713542 0.159375 0.181250
1 0.890625 0.821875 0.162500 0.227083
1 0.263281 0.097917 0.204688 0.195833
0 0.325000 0.390625 0.284375 0.385417
1 0.452344 0.919792 0.145313 0.160417
1 0.132812 0.469792 0.156250 0.231250
1 0.719531 0.778125 0.160938 0.202083
2 0.166406 0.913542 0.054688 0.072917
1 0.325000 0.677083 0.206250 0.229167
1 0.657031 0.407292 0.182812 0.210417
1 0.068750 0.692708 0.121875 0.164583
1 0.089063 0.953125 0.165625 0.093750
1 0.573438 0.530208 0.193750 0.252083
1 0.095312 0.042708 0.190625 0.085417
2 0.475000 0.023958 0.068750 0.047917
1 0.915625 0.183333 0.162500 0.241667
1 0.041406 0.400000 0.082813 0.266667
1 0.153125 0.713542 0.159375 0.181250
1 0.890625 0.821875 0.162500 0.227083
1 0.263281 0.097917 0.204688 0.195833
0 0.325000 0.390625 0.284375 0.385417
1 0.452344 0.919792 0.145313 0.160417
1 0.132812 0.469792 0.156250 0.231250
1 0.719531 0.778125 0.160938 0.202083
2 0.166406 0.913542 0.054688 0.072917
1 0.325000 0.677083 0.206250 0.229167
1 0.657031 0.407292 0.182812 0.210417
1 0.068750 0.692708 0.121875 0.164583
1 0.089063 0.953125 0.165625 0.093750
1 0.573438 0.530208 0.193750 0.252083
1 0.095312 0.042708 0.190625 0.085417
2 0.475000 0.023958 0.068750 0.047917
1 0.915625 0.183333 0.162500 0.241667
1 0.041406 0.400000 0.082813 0.266667
1 0.153125 0.713542 0.159375 0.181250
1 0.890625 0.821875 0.162500 0.227083
1 0.263281 0.097917 0.204688 0.195833
0 0.325000 0.390625 0.284375 0.385417
1 0.452344 0.919792 0.145313 0.160417
1 0.132812 0.469792 0.156250 0.231250
1 0.719531 0.778125 0.160938 0.202083
2 0.166406 0.913542 0.054688 0.072917
1 0.325000 0.677083 0.206250 0.229167
1 0.657031 0.407292 0.182812 0.210417
1 0.068750 0.692708 0.121875 0.164583
1 0.089063 0.953125 0.165625 0.093750
1 0.573438 0.530208 0.193750 0.252083
1 0.095312 0.042708 0.190625 0.085417
2 0.475000 0.023958 0.068750 0.047917
1 0.915625 0.183333 0.162500 0.241667
1 0.041406 0.400000 0.082813 0.266667
1 0.153125 0.713542 0.159375 0.181250
1 0.890625 0.821875 0.162500 0.227083
1 0.263281 0.097917 0.204688 0.195833
0 0.325000 0.390625 0.284375 0.385417
1 0.452344 0.919792 0.145313 0.160417
1 0.132812 0.469792 0.156250 0.231250
1 0.719531 0.778125 0.160938 0.202083
2 0.166406 0.913542 0.054688 0.072917
1 0.325000 0.677083 0.206250 0.229167
1 0.657031 0.407292 0.182812 0.210417
1 0.068750 0.692708 0.121875 0.164583
1 0.089063 0.953125 0.165625 0.093750
1 0.573438 0.530208 0.193750 0.252083
1 0.095312 0.042708 0.190625 0.085417
2 0.475000 0.023958 0.068750 0.047917
1 0.915625 0.183333 0.162500 0.241667
1 0.041406 0.400000 0.082813 0.266667
1 0.153125 0.713542 0.159375 0.181250
1 0.890625 0.821875 0.162500 0.227083
1 0.263281 0.097917 0.204688 0.195833
0 0.325000 0.390625 0.284375 0.385417
1 0.452344 0.919792 0.145313 0.160417
1 0.132812 0.469792 0.156250 0.231250
1 0.719531 0.778125 0.160938 0.202083
