1 0.086719 0.047917 0.170313 0.095833
1 0.804688 0.067708 0.168750 0.135417
1 0.983594 0.478125 0.032813 0.206250
1 0.020313 0.655208 0.040625 0.235417
1 0.971094 0.285417 0.054688 0.200000
1 0.776563 0.710417 0.178125 0.220833
1 0.356250 0.035417 0.175000 0.070833
1 0.021875 0.904167 0.043750 0.191667
1 0.872656 0.765625 0.151562 0.197917
1 0.630469 0.817708 0.170313 0.214583
1 0.939063 0.096875 0.118750 0.185417
1 0.165625 0.896875 0.162500 0.197917
1 0.174219 0.188542 0.142188 0.197917
1 0.392969 0.915625 0.154688 0.168750
1 0.321094 0.773958 0.157813 0.210417
1 0.143750 0.397917 0.175000 0.229167
0 0.728125 0.398958 0.321875 0.497917
1 0.617188 0.102083 0.200000 0.204167
1 0.180469 0.680208 0.192188 0.218750
1 0.482812 0.731250 0.153125 0.212500
1 0.305469 0.494792 0.154688 0.227083
1 0.086719 0.047917 0.170313 0.095833
1 0.804688 0.067708 0.168750 0.135417
1 0.983594 0.478125 0.032813 0.206250
1 0.020313 0.655208 0.040625 0.235417
1 0.971094 0.285417 0.054688 0.200000
1 0.776563 0.710417 0.178125 0.220833
1 0.356250 0.035417 0.175000 0.070833
1 0.021875 0.904167 0.043750 0.191667
1 0.872656 0.765625 0.151562 0.197917
1 0.630469 0.817708 0.170313 0.214583
1 0.939063 0.096875 0.118750 0.185417
1 0.165625 0.896875 0.162500 0.197917
1 0.174219 0.188542 0.142188 0.197917
1 0.392969 0.915625 0.154688 0.168750
1 0.321094 0.773958 0.157813 0.210417
1 0.143750 0.397917 0.175000 0.229167
0 0.728125 0.398958 0.321875 0.497917
1 0.617188 0.102083 0.200000 0.204167
1 0.180469 0.680208 0.192188 0.218750
1 0.482812 0.731250 0.153125 0.212500
1 0.305469 0.494792 0.154688 0.227083
1 0.086719 0.047917 0.170313 0.095833
1 0.804688 0.067708 0.168750 0.135417
1 0.983594 0.478125 0.032813 0.206250
1 0.020313 0.655208 0.040625 0.235417
1 0.971094 0.285417 0.054688 0.200000
1 0.776563 0.710417 0.178125 0.220833
1 0.356250 0.035417 0.175000 0.070833
1 0.021875 0.904167 0.043750 0.191667
1 0.872656 0.765625 0.151562 0.197917
1 0.630469 0.817708 0.170313 0.214583
1 0.939063 0.096875 0.118750 0.185417
1 0.165625 0.896875 0.162500 0.197917
1 0.174219 0.188542 0.142188 0.197917
1 0.392969 0.915625 0.154688 0.168750
1 0.321094 0.773958 0.157813 0.210417
1 0.143750 0.397917 0.175000 0.229167
0 0.728125 0.398958 0.321875 0.497917
1 0.617188 0.102083 0.200000 0.204167
1 0.180469 0.680208 0.192188 0.218750
1 0.482812 0.731250 0.153125 0.212500
1 0.305469 0.494792 0.154688 0.227083
1 0.086719 0.047917 0.170313 0.095833
1 0.804688 0.067708 0.168750 0.135417
1 0.983594 0.478125 0.032813 0.206250
1 0.020313 0.655208 0.040625 0.235417
1 0.971094 0.285417 0.054688 0.200000
1 0.776563 0.710417 0.178125 0.220833
1 0.356250 0.035417 0.175000 0.070833
1 0.021875 0.904167 0.043750 0.191667
1 0.872656 0.765625 0.151562 0.197917
1 0.630469 0.817708 0.170313 0.214583
1 0.939063 0.096875 0.118750 0.185417
1 0.165625 0.896875 0.162500 0.197917
1 0.174219 0.188542 0.142188 0.197917
1 0.392969 0.915625 0.154688 0.168750
1 0.321094 0.773958 0.157813 0.210417
1 0.143750 0.397917 0.175000 0.229167
0 0.728125 0.398958 0.321875 0.497917
1 0.617188 0.102083 0.200000 0.204167
1 0.180469 0.680208 0.192188 0.218750
1 0.482812 0.731250 0.153125 0.212500
1 0.305469 0.494792 0.154688 0.227083
1 0.086719 0.047917 0.170313 0.095833
1 0.804688 0.067708 0.168750 0.135417
1 0.983594 0.478125 0.032813 0.206250
1 0.020313 0.655208 0.040625 0.235417
1 0.971094 0.285417 0.054688 0.200000
1 0.776563 0.710417 0.178125 0.220833
1 0.356250 0.035417 0.175000 0.070833
1 0.021875 0.904167 0.043750 0.191667
1 0.872656 0.765625 0.151562 0.197917
1 0.630469 0.817708 0.170313 0.214583
1 0.939063 0.096875 0.118750 0.185417
1 0.165625 0.896875 0.162500 0.197917
1 0.174219 0.188542 0.142188 0.197917
1 0.392969 0.915625 0.154688 0.168750
1 0.321094 0.773958 0.157813 0.210417
1 0.143750 0.397917 0.175000 0.229167
0 0.728125 0.398958 0.321875 0.497917
1 0.617188 0.102083 0.200000 0.204167
1 0.180469 0.680208 0.192188 0.218750
1 0.482812 0.731250 0.153125 0.212500
1 0.305469 0.494792 0.154688 0.227083
1 0.086719 0.047917 0.170313 0.095833
1 0.804688 0.067708 0.168750 0.135417
1 0.983594 0.478125 0.032813 0.206250
1 0.020313 0.655208 0.040625 0.235417
1 0.971094 0.285417 0.054688 0.200000
1 0.776563 0.710417 0.178125 0.220833
1 0.356250 0.035417 0.175000 0.070833
1 0.021875 0.904167 0.043750 0.191667
1 0.872656 0.765625 0.151562 0.197917
1 0.630469 0.817708 0.170313 0.214583
1 0.939063 0.096875 0.118750 0.185417
1 0.165625 0.896875 0.162500 0.197917
1 0.174219 0.188542 0.142188 0.197917
1 0.392969 0.915625 0.154688 0.168750
1 0.321094 0.773958 0.157813 0.210417
1 0.143750 0.397917 0.175000 0.229167
0 0.728125 0.398958 0.321875 0.497917
1 0.617188 0.102083 0.200000 0.204167
1 0.180469 0.680208 0.192188 0.218750
1 0.482812 0.731250 0.153125 0.212500
1 0.305469 0.494792 0.154688 0.227083
1 0.086719 0.047917 0.170313 0.095833
1 0.804688 0.067708 0.168750 0.135417
1 0.983594 0.478125 0.032813 0.206250
1 0.020313 0.655208 0.040625 0.235417
1 0.971094 0.285417 0.054688 0.200000
1 0.776563 0.710417 0.178125 0.220833
1 0.356250 0.035417 0.175000 0.070833
1 0.021875 0.904167 0.043750 0.191667
1 0.872656 0.765625 0.151562 0.197917
1 0.630469 0.817708 0.170313 0.214583
1 0.939063 0.096875 0.118750 0.185417
1 0.165625 0.896875 0.162500 0.197917
1 0.174219 0.188542 0.142188 0.197917
1 0.392969 0.915625 0.154688 0.168750
1 0.321094 0.773958 0.157813 0.210417
1 0.143750 0.397917 0.175000 0.229167
0 0.728125 0.398958 0.321875 0.497917
1 0.617188 0.102083 0.200000 0.204167
1 0.180469 0.680208 0.192188 0.218750
1 0.482812 0.731250 0.153125 0.212500
1 0.305469 0.494792 0.154688 0.227083
1 0.086719 0.047917 0.170313 0.095833
1 0.804688 0.067708 0.168750 0.135417
1 0.983594 0.478125 0.032813 0.206250
1 0.020313 0.655208 0.040625 0.235417
1 0.971094 0.285417 0.054688 0.200000
1 0.776563 0.710417 0.178125 0.220833
1 0.356250 0.035417 0.175000 0.070833
1 0.021875 0.904167 0.043750 0.191667
1 0.872656 0.765625 0.151562 0.197917
1 0.630469 0.817708 0.170313 0.214583
1 0.939063 0.096875 0.118750 0.185417
1 0.165625 0.896875 0.162500 0.197917
1 0.174219 0.188542 0.142188 0.197917
1 0.392969 0.915625 0.154688 0.168750
1 0.321094 0.773958 0.157813 0.210417
1 0.143750 0.397917 0.175000 0.229167
0 0.728125 0.398958 0.321875 0.497917
1 0.617188 0.102083 0.200000 0.204167
1 0.180469 0.680208 0.192188 0.218750
1 0.482812 0.731250 0.153125 0.212500
1 0.305469 0.494792 0.154688 0.227083
1 0.086719 0.047917 0.170313 0.095833
1 0.804688 0.067708 0.168750 0.135417
1 0.983594 0.478125 0.032813 0.206250
1 0.020313 0.655208 0.040625 0.235417
1 0.971094 0.285417 0.054688 0.200000
1 0.776563 0.710417 0.178125 0.220833
1 0.356250 0.035417 0.175000 0.070833
1 0.021875 0.904167 0.043750 0.191667
1 0.872656 0.765625 0.151562 0.197917
1 0.630469 0.817708 0.170313 0.214583
1 0.939063 0.096875 0.118750 0.185417
1 0.165625 0.896875 0.162500 0.197917
1 0.174219 0.188542 0.142188 0.197917
1 0.392969 0.915625 0.154688 0.168750
1 0.321094 0.773958 0.157813 0.210417
1 0.143750 0.397917 0.175000 0.229167
0 0.728125 0.398958 0.321875 0.497917
1 0.617188 0.102083 0.200000 0.204167
1 0.180469 0.680208 0.192188 0.218750
1 0.482812 0.731250 0.153125 0.212500
1 0.305469 0.494792 0.154688 0.227083
1 0.086719 0.047917 0.170313 0.095833
1 0.804688 0.067708 0.168750 0.135417
1 0.983594 0.478125 0.032813 0.206250
1 0.020313 0.655208 0.040625 0.235417
1 0.971094 0.285417 0.054688 0.200000
1 0.776563 0.710417 0.178125 0.220833
1 0.356250 0.035417 0.175000 0.070833
1 0.021875 0.904167 0.043750 0.191667
1 0.872656 0.765625 0.151562 0.197917
1 0.630469 0.817708 0.170313 0.214583
1 0.939063 0.096875 0.118750 0.185417
1 0.165625 0.896875 0.162500 0.197917
1 0.174219 0.188542 0.142188 0.197917
1 0.392969 0.915625 0.154688 0.168750
1 0.321094 0.773958 0.157813 0.210417
1 0.143750 0.397917 0.175000 0.229167
0 0.728125 0.398958 0.321875 0.497917
1 0.617188 0.102083 0.200000 0.204167
1 0.180469 0.680208 0.192188 0.218750
1 0.482812 0.731250 0.153125 0.212500
1 0.305469 0.494792 0.154688 0.227083
1 0.086719 0.047917 0.170313 0.095833
1 0.804688 0.067708 0.168750 0.135417
1 0.983594 0.478125 0.032813 0.206250
1 0.020313 0.655208 0.040625 0.235417
1 0.971094 0.285417 0.054688 0.200000
1 0.776563 0.710417 0.178125 0.220833
1 0.356250 0.035417 0.175000 0.070833
1 0.021875 0.904167 0.043750 0.191667
1 0.872656 0.765625 0.151562 0.197917
1 0.630469 0.817708 0.170313 0.214583
1 0.939063 0.096875 0.118750 0.185417
1 0.165625 0.896875 0.162500 0.197917
1 0.174219 0.188542 0.142188 0.197917
1 0.392969 0.915625 0.154688 0.168750
1 0.321094 0.773958 0.157813 0.210417
1 0.143750 0.397917 0.175000 0.229167
0 0.728125 0.398958 0.321875 0.497917
1 0.617188 0.102083 0.200000 0.204167
1 0.180469 0.680208 0.192188 0.218750
1 0.482812 0.731250 0.153125 0.212500
1 0.305469 0.494792 0.154688 0.227083
1 0.086719 0.047917 0.170313 0.095833
1 0.804688 0.067708 0.168750 0.135417
1 0.983594 0.478125 0.032813 0.206250
1 0.020313 0.655208 0.040625 0.235417
1 0.971094 0.285417 0.054688 0.200000
1 0.776563 0.710417 0.178125 0.220833
1 0.356250 0.035417 0.175000 0.070833
1 0.021875 0.904167 0.043750 0.191667
1 0.872656 0.765625 0.151562 0.197917
1 0.630469 0.817708 0.170313 0.214583
1 0.939063 0.096875 0.118750 0.185417
1 0.165625 0.896875 0.162500 0.197917
1 0.174219 0.188542 0.142188 0.197917
1 0.392969 0.915625 0.154688 0.168750
1 0.321094 0.773958 0.157813 0.210417
1 0.143750 0.397917 0.175000 0.229167
0 0.728125 0.398958 0.321875 0.497917
1 0.617188 0.102083 0.200000 0.204167
1 0.180469 0.680208 0.192188 0.218750
1 0.482812 0.731250 0.153125 0.212500
1 0.305469 0.494792 0.154688 0.227083
1 0.086719 0.047917 0.170313 0.095833
1 0.804688 0.067708 0.168750 0.135417
1 0.983594 0.478125 0.032813 0.206250
1 0.020313 0.655208 0.040625 0.235417
1 0.971094 0.285417 0.054688 0.200000
1 0.776563 0.710417 0.178125 0.220833
1 0.356250 0.035417 0.175000 0.070833
1 0.021875 0.904167 0.043750 0.191667
1 0.872656 0.765625 0.151562 0.197917
1 0.630469 0.817708 0.170313 0.214583
1 0.939063 0.096875 0.118750 0.185417
1 0.165625 0.896875 0.162500 0.197917
1 0.174219 0.188542 0.142188 0.197917
1 0.392969 0.915625 0.154688 0.168750
1 0.321094 0.773958 0.157813 0.210417
1 0.143750 0.397917 0.175000 0.229167
0 0.728125 0.398958 0.321875 0.497917
1 0.617188 0.102083 0.200000 0.204167
1 0.180469 0.680208 0.192188 0.218750
1 0.482812 0.731250 0.153125 0.212500
1 0.305469 0.494792 0.154688 0.227083
1 0.086719 0.047917 0.170313 0.095833
1 0.804688 0.067708 0.168750 0.135417
1 0.983594 0.478125 0.032813 0.206250
1 0.020313 0.655208 0.040625 0.235417
1 0.971094 0.285417 0.054688 0.200000
1 0.776563 0.710417 0.178125 0.220833
1 0.356250 0.035417 0.175000 0.070833
1 0.021875 0.904167 0.043750 0.191667
1 0.872656 0.765625 0.151562 0.197917
1 0.630469 0.817708 0.170313 0.214583
1 0.939063 0.096875 0.118750 0.185417
1 0.165625 0.896875 0.162500 0.197917
1 0.174219 0.188542 0.142188 0.197917
1 0.392969 0.915625 0.154688 0.168750
1 0.321094 0.773958 0.157813 0.210417
1 0.143750 0.397917 0.175000 0.229167
0 0.728125 0.398958 0.321875 0.497917
1 0.617188 0.102083 0.200000 0.204167
1 0.180469 0.680208 0.192188 0.218750
1 0.482812 0.731250 0.153125 0.212500
1 0.305469 0.494792 0.154688 0.227083
1 0.086719 0.047917 0.170313 0.095833
1 0.804688 0.067708 0.168750 0.135417
1 0.983594 0.478125 0.032813 0.206250
1 0.020313 0.655208 0.040625 0.235417
1 0.971094 0.285417 0.054688 0.200000
1 0.776563 0.710417 0.178125 0.220833
1 0.356250 0.035417 0.175000 0.070833
1 0.021875 0.904167 0.043750 0.191667
1 0.872656 0.765625 0.151562 0.197917
1 0.630469 0.817708 0.170313 0.214583
1 0.939063 0.096875 0.118750 0.185417
1 0.165625 0.896875 0.162500 0.197917
1 0.174219 0.188542 0.142188 0.197917
1 0.392969 0.915625 0.154688 0.168750
1 0.321094 0.773958 0.157813 0.210417
1 0.143750 0.397917 0.175000 0.229167
0 0.728125 0.398958 0.321875 0.497917
1 0.617188 0.102083 0.200000 0.204167
1 0.180469 0.680208 0.192188 0.218750
1 0.482812 0.731250 0.153125 0.212500
1 0.305469 0.494792 0.154688 0.227083
1 0.086719 0.047917 0.170313 0.095833
1 0.804688 0.067708 0.168750 0.135417
1 0.983594 0.478125 0.032813 0.206250
1 0.020313 0.655208 0.040625 0.235417
1 0.971094 0.285417 0.054688 0.200000
1 0.776563 0.710417 0.178125 0.220833
1 0.356250 0.035417 0.175000 0.070833
1 0.021875 0.904167 0.043750 0.191667
1 0.872656 0.765625 0.151562 0.197917
1 0.630469 0.817708 0.170313 0.214583
1 0.939063 0.096875 0.118750 0.185417
1 0.165625 0.896875 0.162500 0.197917
1 0.174219 0.188542 0.142188 0.197917
1 0.392969 0.915625 0.154688 0.168750
1 0.321094 0.773958 0.157813 0.210417
1 0.143750 0.397917 0.175000 0.229167
0 0.728125 0.398958 0.321875 0.497917
1 0.617188 0.102083 0.200000 0.204167
1 0.180469 0.680208 0.192188 0.218750
1 0.482812 0.731250 0.153125 0.212500
1 0.305469 0.494792 0.154688 0.227083
1 0.086719 0.047917 0.170313 0.095833
1 0.804688 0.067708 0.168750 0.135417
1 0.983594 0.478125 0.032813 0.206250
1 0.020313 0.655208 0.040625 0.235417
1 0.971094 0.285417 0.054688 0.200000
1 0.776563 0.710417 0.178125 0.220833
1 0.356250 0.035417 0.175000 0.070833
1 0.021875 0.904167 0.043750 0.191667
1 0.872656 0.765625 0.151562 0.197917
1 0.630469 0.817708 0.170313 0.214583
1 0.939063 0.096875 0.118750 0.185417
1 0.165625 0.896875 0.162500 0.197917
1 0.174219 0.188542 0.142188 0.197917
1 0.392969 0.915625 0.154688 0.168750
1 0.321094 0.773958 0.157813 0.210417
1 0.143750 0.397917 0.175000 0.229167
0 0.728125 0.398958 0.321875 0.497917
1 0.617188 0.102083 0.200000 0.204167
1 0.180469 0.680208 0.192188 0.218750
1 0.482812 0.731250 0.153125 0.212500
1 0.305469 0.494792 0.154688 0.227083
1 0.086719 0.047917 0.170313 0.095833
1 0.804688 0.067708 0.168750 0.135417
1 0.983594 0.478125 0.032813 0.206250
1 0.020313 0.655208 0.040625 0.235417
1 0.971094 0.285417 0.054688 0.200000
1 0.776563 0.710417 0.178125 0.220833
1 0.356250 0.035417 0.175000 0.070833
1 0.021875 0.904167 0.043750 0.191667
1 0.872656 0.765625 0.151562 0.197917
1 0.630469 0.817708 0.170313 0.214583
1 0.939063 0.096875 0.118750 0.185417
1 0.165625 0.896875 0.162500 0.197917
1 0.174219 0.188542 0.142188 0.197917
1 0.392969 0.915625 0.154688 0.168750
1 0.321094 0.773958 0.157813 0.210417
1 0.143750 0.397917 0.175000 0.229167
0 0.728125 0.398958 0.321875 0.497917
1 0.617188 0.102083 0.200000 0.204167
1 0.180469 0.680208 0.192188 0.218750
1 0.482812 0.731250 0.153125 0.212500
1 0.305469 0.494792 0.154688 0.227083
1 0.086719 0.047917 0.170313 0.095833
1 0.804688 0.067708 0.168750 0.135417
1 0.983594 0.478125 0.032813 0.206250
1 0.020313 0.655208 0.040625 0.235417
1 0.971094 0.285417 0.054688 0.200000
1 0.776563 0.710417 0.178125 0.220833
1 0.356250 0.035417 0.175000 0.070833
1 0.021875 0.904167 0.043750 0.191667
1 0.872656 0.765625 0.151562 0.197917
1 0.630469 0.817708 0.170313 0.214583
1 0.939063 0.096875 0.118750 0.185417
1 0.165625 0.896875 0.162500 0.197917
1 0.174219 0.188542 0.142188 0.197917
1 0.392969 0.915625 0.154688 0.168750
1 0.321094 0.773958 0.157813 0.210417
1 0.143750 0.397917 0.175000 0.229167
0 0.728125 0.398958 0.321875 0.497917
1 0.617188 0.102083 0.200000 0.204167
1 0.180469 0.680208 0.192188 0.218750
1 0.482812 0.731250 0.153125 0.212500
1 0.305469 0.494792 0.154688 0.227083
1 0.086719 0.047917 0.170313 0.095833
1 0.804688 0.067708 0.168750 0.135417
1 0.983594 0.478125 0.032813 0.206250
1 0.020313 0.655208 0.040625 0.235417
1 0.971094 0.285417 0.054688 0.200000
1 0.776563 0.710417 0.178125 0.220833
1 0.356250 0.035417 0.175000 0.070833
1 0.021875 0.904167 0.043750 0.191667
1 0.872656 0.765625 0.151562 0.197917
1 0.630469 0.817708 0.170313 0.214583
1 0.939063 0.096875 0.118750 0.185417
1 0.165625 0.896875 0.162500 0.197917
1 0.174219 0.188542 0.142188 0.197917
1 0.392969 0.915625 0.154688 0.168750
1 0.321094 0.773958 0.157813 0.210417
1 0.143750 0.397917 0.175000 0.229167
0 0.728125 0.398958 0.321875 0.497917
1 0.617188 0.102083 0.200000 0.204167
1 0.180469 0.680208 0.192188 0.218750
1 0.482812 0.731250 0.153125 0.212500
1 0.305469 0.494792 0.154688 0.227083
1 0.086719 0.047917 0.170313 0.095833
1 0.804688 0.067708 0.168750 0.135417
1 0.983594 0.478125 0.032813 0.206250
1 0.020313 0.655208 0.040625 0.235417
1 0.971094 0.285417 0.054688 0.200000
1 0.776563 0.710417 0.178125 0.220833
1 0.356250 0.035417 0.175000 0.070833
1 0.021875 0.904167 0.043750 0.191667
1 0.872656 0.765625 0.151562 0.197917
1 0.630469 0.817708 0.170313 0.214583
1 0.939063 0.096875 0.118750 0.185417
1 0.165625 0.896875 0.162500 0.197917
1 0.174219 0.188542 0.142188 0.197917
1 0.392969 0.915625 0.154688 0.168750
1 0.321094 0.773958 0.157813 0.210417
1 0.143750 0.397917 0.175000 0.229167
0 0.728125 0.398958 0.321875 0.497917
1 0.617188 0.102083 0.200000 0.204167
1 0.180469 0.680208 0.192188 0.218750
1 0.482812 0.731250 0.153125 0.212500
1 0.305469 0.494792 0.154688 0.227083
