0 0.660937 0.329167 0.250000 0.162500
1 0.934375 0.763542 0.131250 0.164583
1 0.607031 0.971875 0.160938 0.052083
1 0.059375 0.280208 0.115625 0.260417
1 0.955469 0.604167 0.089063 0.158333
1 0.950000 0.422917 0.100000 0.162500
1 0.056250 0.116667 0.109375 0.208333
1 0.720313 0.727083 0.128125 0.208333
1 0.095312 0.893750 0.153125 0.195833
1 0.042188 0.681250 0.081250 0.220833
2 0.089844 0.415625 0.045313 0.060417
1 0.065625 0.510417 0.131250 0.170833
0 0.953125 0.897917 0.090625 0.204167
1 0.473438 0.578125 0.153125 0.181250
1 0.778906 0.577083 0.151562 0.208333
1 0.365625 0.701042 0.156250 0.193750
1 0.293750 0.498958 0.146875 0.218750
1 0.816406 0.060417 0.126563 0.120833
1 0.828125 0.935417 0.162500 0.129167
1 0.607813 0.658333 0.162500 0.191667
1 0.537500 0.179167 0.134375 0.187500
0 0.327344 0.107292 0.251563 0.210417
1 0.803125 0.227083 0.156250 0.212500
1 0.656250 0.143750 0.162500 0.204167
0 0.660937 0.329167 0.250000 0.162500
1 0.934375 0.763542 0.131250 0.164583
1 0.607031 0.971875 0.160938 0.052083
1 0.059375 0.280208 0.115625 0.260417
1 0.955469 0.604167 0.089063 0.158333
1 0.950000 0.422917 0.100000 0.162500
1 0.056250 0.116667 0.109375 0.208333
1 0.720313 0.727083 0.128125 0.208333
1 0.095312 0.893750 0.153125 0.195833
1 0.042188 0.681250 0.081250 0.220833
2 0.089844 0.415625 0.045313 0.060417
1 0.065625 0.510417 0.131250 0.170833
0 0.953125 0.897917 0.090625 0.204167
1 0.473438 0.578125 0.153125 0.181250
1 0.778906 0.577083 0.151562 0.208333
1 0.365625 0.701042 0.156250 0.193750
1 0.293750 0.498958 0.146875 0.218750
1 0.816406 0.060417 0.126563 0.120833
1 0.828125 0.935417 0.162500 0.129167
1 0.607813 0.658333 0.162500 0.191667
1 0.537500 0.179167 0.134375 0.187500
0 0.327344 0.107292 0.251563 0.210417
1 0.803125 0.227083 0.156250 0.212500
1 0.656250 0.143750 0.162500 0.204167
0 0.660937 0.329167 0.250000 0.162500
1 0.934375 0.763542 0.131250 0.164583
1 0.607031 0.971875 0.160938 0.052083
1 0.059375 0.280208 0.115625 0.260417
1 0.955469 0.604167 0.089063 0.158333
1 0.950000 0.422917 0.100000 0.162500
1 0.056250 0.116667 0.109375 0.208333
1 0.720313 0.727083 0.128125 0.208333
1 0.095312 0.893750 0.153125 0.195833
1 0.042188 0.681250 0.081250 0.220833
2 0.089844 0.415625 0.045313 0.060417
1 0.065625 0.510417 0.131250 0.170833
0 0.953125 0.897917 0.090625 0.204167
1 0.473438 0.578125 0.153125 0.181250
1 0.778906 0.577083 0.151562 0.208333
1 0.365625 0.701042 0.156250 0.193750
1 0.293750 0.498958 0.146875 0.218750
1 0.816406 0.060417 0.126563 0.120833
1 0.828125 0.935417 0.162500 0.129167
1 0.607813 0.658333 0.162500 0.191667
1 0.537500 0.179167 0.134375 0.187500
0 0.327344 0.107292 0.251563 0.210417
1 0.803125 0.227083 0.156250 0.212500
1 0.656250 0.143750 0.162500 0.204167
0 0.660937 0.329167 0.250000 0.162500
1 0.934375 0.763542 0.131250 0.164583
1 0.607031 0.971875 0.160938 0.052083
1 0.059375 0.280208 0.115625 0.260417
1 0.955469 0.604167 0.089063 0.158333
1 0.950000 0.422917 0.100000 0.162500
1 0.056250 0.116667 0.109375 0.208333
1 0.720313 0.727083 0.128125 0.208333
1 0.095312 0.893750 0.153125 0.195833
1 0.042188 0.681250 0.081250 0.220833
2 0.089844 0.415625 0.045313 0.060417
1 0.065625 0.510417 0.131250 0.170833
0 0.953125 0.897917 0.090625 0.204167
1 0.473438 0.578125 0.153125 0.181250
1 0.778906 0.577083 0.151562 0.208333
1 0.365625 0.701042 0.156250 0.193750
1 0.293750 0.498958 0.146875 0.218750
1 0.816406 0.060417 0.126563 0.120833
1 0.828125 0.935417 0.162500 0.129167
1 0.607813 0.658333 0.162500 0.191667
1 0.537500 0.179167 0.134375 0.187500
0 0.327344 0.107292 0.251563 0.210417
1 0.803125 0.227083 0.156250 0.212500
1 0.656250 0.143750 0.162500 0.204167
0 0.660937 0.329167 0.250000 0.162500
1 0.934375 0.763542 0.131250 0.164583
1 0.607031 0.971875 0.160938 0.052083
1 0.059375 0.280208 0.115625 0.260417
1 0.955469 0.604167 0.089063 0.158333
1 0.950000 0.422917 0.100000 0.162500
1 0.056250 0.116667 0.109375 0.208333
1 0.720313 0.727083 0.128125 0.208333
1 0.095312 0.893750 0.153125 0.195833
1 0.042188 0.681250 0.081250 0.220833
2 0.089844 0.415625 0.045313 0.060417
1 0.065625 0.510417 0.131250 0.170833
0 0.953125 0.897917 0.090625 0.204167
1 0.473438 0.578125 0.153125 0.181250
1 0.778906 0.577083 0.151562 0.208333
1 0.365625 0.701042 0.156250 0.193750
1 0.293750 0.498958 0.146875 0.218750
1 0.816406 0.060417 0.126563 0.120833
1 0.828125 0.935417 0.162500 0.129167
1 0.607813 0.658333 0.162500 0.191667
1 0.537500 0.179167 0.134375 0.187500
0 0.327344 0.107292 0.251563 0.210417
1 0.803125 0.227083 0.156250 0.212500
1 0.656250 0.143750 0.162500 0.204167
0 0.660937 0.329167 0.250000 0.162500
1 0.934375 0.763542 0.131250 0.164583
1 0.607031 0.971875 0.160938 0.052083
1 0.059375 0.280208 0.115625 0.260417
1 0.955469 0.604167 0.089063 0.158333
1 0.950000 0.422917 0.100000 0.162500
1 0.056250 0.116667 0.109375 0.208333
1 0.720313 0.727083 0.128125 0.208333
1 0.095312 0.893750 0.153125 0.195833
1 0.042188 0.681250 0.081250 0.220833
2 0.089844 0.415625 0.045313 0.060417
1 0.065625 0.510417 0.131250 0.170833
0 0.953125 0.897917 0.090625 0.204167
1 0.473438 0.578125 0.153125 0.181250
1 0.778906 0.577083 0.151562 0.208333
1 0.365625 0.701042 0.156250 0.193750
1 0.293750 0.498958 0.146875 0.218750
1 0.816406 0.060417 0.126563 0.120833
1 0.828125 0.935417 0.162500 0.129167
1 0.607813 0.658333 0.162500 0.191667
1 0.537500 0.179167 0.134375 0.187500
0 0.327344 0.107292 0.251563 0.210417
1 0.803125 0.227083 0.156250 0.212500
1 0.656250 0.143750 0.162500 0.204167
0 0.660937 0.329167 0.250000 0.162500
1 0.934375 0.763542 0.131250 0.164583
1 0.607031 0.971875 0.160938 0.052083
1 0.059375 0.280208 0.115625 0.260417
1 0.955469 0.604167 0.089063 0.158333
1 0.950000 0.422917 0.100000 0.162500
1 0.056250 0.116667 0.109375 0.208333
1 0.720313 0.727083 0.128125 0.208333
1 0.095312 0.893750 0.153125 0.195833
1 0.042188 0.681250 0.081250 0.220833
2 0.089844 0.415625 0.045313 0.060417
1 0.065625 0.510417 0.131250 0.170833
0 0.953125 0.897917 0.090625 0.204167
1 0.473438 0.578125 0.153125 0.181250
1 0.778906 0.577083 0.151562 0.208333
1 0.365625 0.701042 0.156250 0.193750
1 0.293750 0.498958 0.146875 0.218750
1 0.816406 0.060417 0.126563 0.120833
1 0.828125 0.935417 0.162500 0.129167
1 0.607813 0.658333 0.162500 0.191667
1 0.537500 0.179167 0.134375 0.187500
0 0.327344 0.107292 0.251563 0.210417
1 0.803125 0.227083 0.156250 0.212500
1 0.656250 0.143750 0.162500 0.204167
0 0.660937 0.329167 0.250000 0.162500
1 0.934375 0.763542 0.131250 0.164583
1 0.607031 0.971875 0.160938 0.052083
1 0.059375 0.280208 0.115625 0.260417
1 0.955469 0.604167 0.089063 0.158333
1 0.950000 0.422917 0.100000 0.162500
1 0.056250 0.116667 0.109375 0.208333
1 0.720313 0.727083 0.128125 0.208333
1 0.095312 0.893750 0.153125 0.195833
1 0.042188 0.681250 0.081250 0.220833
2 0.089844 0.415625 0.045313 0.060417
1 0.065625 0.510417 0.131250 0.170833
0 0.953125 0.897917 0.090625 0.204167
1 0.473438 0.578125 0.153125 0.181250
1 0.778906 0.577083 0.151562 0.208333
1 0.365625 0.701042 0.156250 0.193750
1 0.293750 0.498958 0.146875 0.218750
1 0.816406 0.060417 0.126563 0.120833
1 0.828125 0.935417 0.162500 0.129167
1 0.607813 0.658333 0.162500 0.191667
1 0.537500 0.179167 0.134375 0.187500
0 0.327344 0.107292 0.251563 0.210417
1 0.803125 0.227083 0.156250 0.212500
1 0.656250 0.143750 0.162500 0.204167
0 0.660937 0.329167 0.250000 0.162500
1 0.934375 0.763542 0.131250 0.164583
1 0.607031 0.971875 0.160938 0.052083
1 0.059375 0.280208 0.115625 0.260417
1 0.955469 0.604167 0.089063 0.158333
1 0.950000 0.422917 0.100000 0.162500
1 0.056250 0.116667 0.109375 0.208333
1 0.720313 0.727083 0.128125 0.208333
1 0.095312 0.893750 0.153125 0.195833
1 0.042188 0.681250 0.081250 0.220833
2 0.089844 0.415625 0.045313 0.060417
1 0.065625 0.510417 0.131250 0.170833
0 0.953125 0.897917 0.090625 0.204167
1 0.473438 0.578125 0.153125 0.181250
1 0.778906 0.577083 0.151562 0.208333
1 0.365625 0.701042 0.156250 0.193750
1 0.293750 0.498958 0.146875 0.218750
1 0.816406 0.060417 0.126563 0.120833
1 0.828125 0.935417 0.162500 0.129167
1 0.607813 0.658333 0.162500 0.191667
1 0.537500 0.179167 0.134375 0.187500
0 0.327344 0.107292 0.251563 0.210417
1 0.803125 0.227083 0.156250 0.212500
1 0.656250 0.143750 0.162500 0.204167
0 0.660937 0.329167 0.250000 0.162500
1 0.934375 0.763542 0.131250 0.164583
1 0.607031 0.971875 0.160938 0.052083
1 0.059375 0.280208 0.115625 0.260417
1 0.955469 0.604167 0.089063 0.158333
1 0.950000 0.422917 0.100000 0.162500
1 0.056250 0.116667 0.109375 0.208333
1 0.720313 0.727083 0.128125 0.208333
1 0.095312 0.893750 0.153125 0.195833
1 0.042188 0.681250 0.081250 0.220833
2 0.089844 0.415625 0.045313 0.060417
1 0.065625 0.510417 0.131250 0.170833
0 0.953125 0.897917 0.090625 0.204167
1 0.473438 0.578125 0.153125 0.181250
1 0.778906 0.577083 0.151562 0.208333
1 0.365625 0.701042 0.156250 0.193750
1 0.293750 0.498958 0.146875 0.218750
1 0.816406 0.060417 0.126563 0.120833
1 0.828125 0.935417 0.162500 0.129167
1 0.607813 0.658333 0.162500 0.191667
1 0.537500 0.179167 0.134375 0.187500
0 0.327344 0.107292 0.251563 0.210417
1 0.803125 0.227083 0.156250 0.212500
1 0.656250 0.143750 0.162500 0.204167
0 0.660937 0.329167 0.250000 0.162500
1 0.934375 0.763542 0.131250 0.164583
1 0.607031 0.971875 0.160938 0.052083
1 0.059375 0.280208 0.115625 0.260417
1 0.955469 0.604167 0.089063 0.158333
1 0.950000 0.422917 0.100000 0.162500
1 0.056250 0.116667 0.109375 0.208333
1 0.720313 0.727083 0.128125 0.208333
1 0.095312 0.893750 0.153125 0.195833
1 0.042188 0.681250 0.081250 0.220833
2 0.089844 0.415625 0.045313 0.060417
1 0.065625 0.510417 0.131250 0.170833
0 0.953125 0.897917 0.090625 0.204167
1 0.473438 0.578125 0.153125 0.181250
1 0.778906 0.577083 0.151562 0.208333
1 0.365625 0.701042 0.156250 0.193750
1 0.293750 0.498958 0.146875 0.218750
1 0.816406 0.060417 0.126563 0.120833
1 0.828125 0.935417 0.162500 0.129167
1 0.607813 0.658333 0.162500 0.191667
1 0.537500 0.179167 0.134375 0.187500
0 0.327344 0.107292 0.251563 0.210417
1 0.803125 0.227083 0.156250 0.212500
1 0.656250 0.143750 0.162500 0.204167
0 0.660937 0.329167 0.250000 0.162500
1 0.934375 0.763542 0.131250 0.164583
1 0.607031 0.971875 0.160938 0.052083
1 0.059375 0.280208 0.115625 0.260417
1 0.955469 0.604167 0.089063 0.158333
1 0.950000 0.422917 0.100000 0.162500
1 0.056250 0.116667 0.109375 0.208333
1 0.720313 0.727083 0.128125 0.208333
1 0.095312 0.893750 0.153125 0.195833
1 0.042188 0.681250 0.081250 0.220833
2 0.089844 0.415625 0.045313 0.060417
1 0.065625 0.510417 0.131250 0.170833
0 0.953125 0.897917 0.090625 0.204167
1 0.473438 0.578125 0.153125 0.181250
1 0.778906 0.577083 0.151562 0.208333
1 0.365625 0.701042 0.156250 0.193750
1 0.293750 0.498958 0.146875 0.218750
1 0.816406 0.060417 0.126563 0.120833
1 0.828125 0.935417 0.162500 0.129167
1 0.607813 0.658333 0.162500 0.191667
1 0.537500 0.179167 0.134375 0.187500
0 0.327344 0.107292 0.251563 0.210417
1 0.803125 0.227083 0.156250 0.212500
1 0.656250 0.143750 0.162500 0.204167
0 0.660937 0.329167 0.250000 0.162500
1 0.934375 0.763542 0.131250 0.164583
1 0.607031 0.971875 0.160938 0.052083
1 0.059375 0.280208 0.115625 0.260417
1 0.955469 0.604167 0.089063 0.158333
1 0.950000 0.422917 0.100000 0.162500
1 0.056250 0.116667 0.109375 0.208333
1 0.720313 0.727083 0.128125 0.208333
1 0.095312 0.893750 0.153125 0.195833
1 0.042188 0.681250 0.081250 0.220833
2 0.089844 0.415625 0.045313 0.060417
1 0.065625 0.510417 0.131250 0.170833
0 0.953125 0.897917 0.090625 0.204167
1 0.473438 0.578125 0.153125 0.181250
1 0.778906 0.577083 0.151562 0.208333
1 0.365625 0.701042 0.156250 0.193750
1 0.293750 0.498958 0.146875 0.218750
1 0.816406 0.060417 0.126563 0.120833
1 0.828125 0.935417 0.162500 0.129167
1 0.607813 0.658333 0.162500 0.191667
1 0.537500 0.179167 0.134375 0.187500
0 0.327344 0.107292 0.251563 0.210417
1 0.803125 0.227083 0.156250 0.212500
1 0.656250 0.143750 0.162500 0.204167
0 0.660937 0.329167 0.250000 0.162500
1 0.934375 0.763542 0.131250 0.164583
1 0.607031 0.971875 0.160938 0.052083
1 0.059375 0.280208 0.115625 0.260417
1 0.955469 0.604167 0.089063 0.158333
1 0.950000 0.422917 0.100000 0.162500
1 0.056250 0.116667 0.109375 0.208333
1 0.720313 0.727083 0.128125 0.208333
1 0.095312 0.893750 0.153125 0.195833
1 0.042188 0.681250 0.081250 0.220833
2 0.089844 0.415625 0.045313 0.060417
1 0.065625 0.510417 0.131250 0.170833
0 0.953125 0.897917 0.090625 0.204167
1 0.473438 0.578125 0.153125 0.181250
1 0.778906 0.577083 0.151562 0.208333
1 0.365625 0.701042 0.156250 0.193750
1 0.293750 0.498958 0.146875 0.218750
1 0.816406 0.060417 0.126563 0.120833
1 0.828125 0.935417 0.162500 0.129167
1 0.607813 0.658333 0.162500 0.191667
1 0.537500 0.179167 0.134375 0.187500
0 0.327344 0.107292 0.251563 0.210417
1 0.803125 0.227083 0.156250 0.212500
1 0.656250 0.143750 0.162500 0.204167
0 0.660937 0.329167 0.250000 0.162500
1 0.934375 0.763542 0.131250 0.164583
1 0.607031 0.971875 0.160938 0.052083
1 0.059375 0.280208 0.115625 0.260417
1 0.955469 0.604167 0.089063 0.158333
1 0.950000 0.422917 0.100000 0.162500
1 0.056250 0.116667 0.109375 0.208333
1 0.720313 0.727083 0.128125 0.208333
1 0.095312 0.893750 0.153125 0.195833
1 0.042188 0.681250 0.081250 0.220833
2 0.089844 0.415625 0.045313 0.060417
1 0.065625 0.510417 0.131250 0.170833
0 0.953125 0.897917 0.090625 0.204167
1 0.473438 0.578125 0.153125 0.181250
1 0.778906 0.577083 0.151562 0.208333
1 0.365625 0.701042 0.156250 0.193750
1 0.293750 0.498958 0.146875 0.218750
1 0.816406 0.060417 0.126563 0.120833
1 0.828125 0.935417 0.162500 0.129167
1 0.607813 0.658333 0.162500 0.191667
1 0.537500 0.179167 0.134375 0.187500
0 0.327344 0.107292 0.251563 0.210417
1 0.803125 0.227083 0.156250 0.212500
1 0.656250 0.143750 0.162500 0.204167
0 0.660937 0.329167 0.250000 0.162500
1 0.934375 0.763542 0.131250 0.164583
1 0.607031 0.971875 0.160938 0.052083
1 0.059375 0.280208 0.115625 0.260417
1 0.955469 0.604167 0.089063 0.158333
1 0.950000 0.422917 0.100000 0.162500
1 0.056250 0.116667 0.109375 0.208333
1 0.720313 0.727083 0.128125 0.208333
1 0.095312 0.893750 0.153125 0.195833
1 0.042188 0.681250 0.081250 0.220833
2 0.089844 0.415625 0.045313 0.060417
1 0.065625 0.510417 0.131250 0.170833
0 0.953125 0.897917 0.090625 0.204167
1 0.473438 0.578125 0.153125 0.181250
1 0.778906 0.577083 0.151562 0.208333
1 0.365625 0.701042 0.156250 0.193750
1 0.293750 0.498958 0.146875 0.218750
1 0.816406 0.060417 0.126563 0.120833
1 0.828125 0.935417 0.162500 0.129167
1 0.607813 0.658333 0.162500 0.191667
1 0.537500 0.179167 0.134375 0.187500
0 0.327344 0.107292 0.251563 0.210417
1 0.803125 0.227083 0.156250 0.212500
1 0.656250 0.143750 0.162500 0.204167
0 0.660937 0.329167 0.250000 0.162500
1 0.934375 0.763542 0.131250 0.164583
1 0.607031 0.971875 0.160938 0.052083
1 0.059375 0.280208 0.115625 0.260417
1 0.955469 0.604167 0.089063 0.158333
1 0.950000 0.422917 0.100000 0.162500
1 0.056250 0.116667 0.109375 0.208333
1 0.720313 0.727083 0.128125 0.208333
1 0.095312 0.893750 0.153125 0.195833
1 0.042188 0.681250 0.081250 0.220833
2 0.089844 0.415625 0.045313 0.060417
1 0.065625 0.510417 0.131250 0.170833
0 0.953125 0.897917 0.090625 0.204167
1 0.473438 0.578125 0.153125 0.181250
1 0.778906 0.577083 0.151562 0.208333
1 0.365625 0.701042 0.156250 0.193750
1 0.293750 0.498958 0.146875 0.218750
1 0.816406 0.060417 0.126563 0.120833
1 0.828125 0.935417 0.162500 0.129167
1 0.607813 0.658333 0.162500 0.191667
1 0.537500 0.179167 0.134375 0.187500
0 0.327344 0.107292 0.251563 0.210417
1 0.803125 0.227083 0.156250 0.212500
1 0.656250 0.143750 0.162500 0.204167
0 0.660937 0.329167 0.250000 0.162500
1 0.934375 0.763542 0.131250 0.164583
1 0.607031 0.971875 0.160938 0.052083
1 0.059375 0.280208 0.115625 0.260417
1 0.955469 0.604167 0.089063 0.158333
1 0.950000 0.422917 0.100000 0.162500
1 0.056250 0.116667 0.109375 0.208333
1 0.720313 0.727083 0.128125 0.208333
1 0.095312 0.893750 0.153125 0.195833
1 0.042188 0.681250 0.081250 0.220833
2 0.089844 0.415625 0.045313 0.060417
1 0.065625 0.510417 0.131250 0.170833
0 0.953125 0.897917 0.090625 0.204167
1 0.473438 0.578125 0.153125 0.181250
1 0.778906 0.577083 0.151562 0.208333
1 0.365625 0.701042 0.156250 0.193750
1 0.293750 0.498958 0.146875 0.218750
1 0.816406 0.060417 0.126563 0.120833
1 0.828125 0.935417 0.162500 0.129167
1 0.607813 0.658333 0.162500 0.191667
1 0.537500 0.179167 0.134375 0.187500
0 0.327344 0.107292 0.251563 0.210417
1 0.803125 0.227083 0.156250 0.212500
1 0.656250 0.143750 0.162500 0.204167
0 0.660937 0.329167 0.250000 0.162500
1 0.934375 0.763542 0.131250 0.164583
1 0.607031 0.971875 0.160938 0.052083
1 0.059375 0.280208 0.115625 0.260417
1 0.955469 0.604167 0.089063 0.158333
1 0.950000 0.422917 0.100000 0.162500
1 0.056250 0.116667 0.109375 0.208333
1 0.720313 0.727083 0.128125 0.208333
1 0.095312 0.893750 0.153125 0.195833
1 0.042188 0.681250 0.081250 0.220833
2 0.089844 0.415625 0.045313 0.060417
1 0.065625 0.510417 0.131250 0.170833
0 0.953125 0.897917 0.090625 0.204167
1 0.473438 0.578125 0.153125 0.181250
1 0.778906 0.577083 0.151562 0.208333
1 0.365625 0.701042 0.156250 0.193750
1 0.293750 0.498958 0.146875 0.218750
1 0.816406 0.060417 0.126563 0.120833
1 0.828125 0.935417 0.162500 0.129167
1 0.607813 0.658333 0.162500 0.191667
1 0.537500 0.179167 0.134375 0.187500
0 0.327344 0.107292 0.251563 0.210417
1 0.803125 0.227083 0.156250 0.212500
1 0.656250 0.143750 0.162500 0.204167
0 0.660937 0.329167 0.250000 0.162500
1 0.934375 0.763542 0.131250 0.164583
1 0.607031 0.971875 0.160938 0.052083
1 0.059375 0.280208 0.115625 0.260417
1 0.955469 0.604167 0.089063 0.158333
1 0.950000 0.422917 0.100000 0.162500
1 0.056250 0.116667 0.109375 0.208333
1 0.720313 0.727083 0.128125 0.208333
1 0.095312 0.893750 0.153125 0.195833
1 0.042188 0.681250 0.081250 0.220833
2 0.089844 0.415625 0.045313 0.060417
1 0.065625 0.510417 0.131250 0.170833
0 0.953125 0.897917 0.090625 0.204167
1 0.473438 0.578125 0.153125 0.181250
1 0.778906 0.577083 0.151562 0.208333
1 0.365625 0.701042 0.156250 0.193750
1 0.293750 0.498958 0.146875 0.218750
1 0.816406 0.060417 0.126563 0.120833
1 0.828125 0.935417 0.162500 0.129167
1 0.607813 0.658333 0.162500 0.191667
1 0.537500 0.179167 0.134375 0.187500
0 0.327344 0.107292 0.251563 0.210417
1 0.803125 0.227083 0.156250 0.212500
1 0.656250 0.143750 0.162500 0.204167
0 0.660937 0.329167 0.250000 0.162500
1 0.934375 0.763542 0.131250 0.164583
1 0.607031 0.971875 0.160938 0.052083
1 0.059375 0.280208 0.115625 0.260417
1 0.955469 0.604167 0.089063 0.158333
1 0.950000 0.422917 0.100000 0.162500
1 0.056250 0.116667 0.109375 0.208333
1 0.720313 0.727083 0.128125 0.208333
1 0.095312 0.893750 0.153125 0.195833
1 0.042188 0.681250 0.081250 0.220833
2 0.089844 0.415625 0.045313 0.060417
1 0.065625 0.510417 0.131250 0.170833
0 0.953125 0.897917 0.090625 0.204167
1 0.473438 0.578125 0.153125 0.181250
1 0.778906 0.577083 0.151562 0.208333
1 0.365625 0.701042 0.156250 0.193750
1 0.293750 0.498958 0.146875 0.218750
1 0.816406 0.060417 0.126563 0.120833
1 0.828125 0.935417 0.162500 0.129167
1 0.607813 0.658333 0.162500 0.191667
1 0.537500 0.179167 0.134375 0.187500
0 0.327344 0.107292 0.251563 0.210417
1 0.803125 0.227083 0.156250 0.212500
1 0.656250 0.143750 0.162500 0.204167
0 0.660937 0.329167 0.250000 0.162500
1 0.934375 0.763542 0.131250 0.164583
1 0.607031 0.971875 0.160938 0.052083
1 0.059375 0.280208 0.115625 0.260417
1 0.955469 0.604167 0.089063 0.158333
1 0.950000 0.422917 0.100000 0.162500
1 0.056250 0.116667 0.109375 0.208333
1 0.720313 0.727083 0.128125 0.208333
1 0.095312 0.893750 0.153125 0.195833
1 0.042188 0.681250 0.081250 0.220833
2 0.089844 0.415625 0.045313 0.060417
1 0.065625 0.510417 0.131250 0.170833
0 0.953125 0.897917 0.090625 0.204167
1 0.473438 0.578125 0.153125 0.181250
1 0.778906 0.577083 0.151562 0.208333
1 0.365625 0.701042 0.156250 0.193750
1 0.293750 0.498958 0.146875 0.218750
1 0.816406 0.060417 0.126563 0.120833
1 0.828125 0.935417 0.162500 0.129167
1 0.607813 0.658333 0.162500 0.191667
1 0.537500 0.179167 0.134375 0.187500
0 0.327344 0.107292 0.251563 0.210417
1 0.803125 0.227083 0.156250 0.212500
1 0.656250 0.143750 0.162500 0.204167
0 0.660937 0.329167 0.250000 0.162500
1 0.934375 0.763542 0.131250 0.164583
1 0.607031 0.971875 0.160938 0.052083
1 0.059375 0.280208 0.115625 0.260417
1 0.955469 0.604167 0.089063 0.158333
1 0.950000 0.422917 0.100000 0.162500
1 0.056250 0.116667 0.109375 0.208333
1 0.720313 0.727083 0.128125 0.208333
1 0.095312 0.893750 0.153125 0.195833
1 0.042188 0.681250 0.081250 0.220833
2 0.089844 0.415625 0.045313 0.060417
1 0.065625 0.510417 0.131250 0.170833
0 0.953125 0.897917 0.090625 0.204167
1 0.473438 0.578125 0.153125 0.181250
1 0.778906 0.577083 0.151562 0.208333
1 0.365625 0.701042 0.156250 0.193750
1 0.293750 0.498958 0.146875 0.218750
1 0.816406 0.060417 0.126563 0.120833
1 0.828125 0.935417 0.162500 0.129167
1 0.607813 0.658333 0.162500 0.191667
1 0.537500 0.179167 0.134375 0.187500
0 0.327344 0.107292 0.251563 0.210417
1 0.803125 0.227083 0.156250 0.212500
1 0.656250 0.143750 0.162500 0.204167
0 0.660937 0.329167 0.250000 0.162500
1 0.934375 0.763542 0.131250 0.164583
1 0.607031 0.971875 0.160938 0.052083
1 0.059375 0.280208 0.115625 0.260417
1 0.955469 0.604167 0.089063 0.158333
1 0.950000 0.422917 0.100000 0.162500
1 0.056250 0.116667 0.109375 0.208333
1 0.720313 0.727083 0.128125 0.208333
1 0.095312 0.893750 0.153125 0.195833
1 0.042188 0.681250 0.081250 0.220833
2 0.089844 0.415625 0.045313 0.060417
1 0.065625 0.510417 0.131250 0.170833
0 0.953125 0.897917 0.090625 0.204167
1 0.473438 0.578125 0.153125 0.181250
1 0.778906 0.577083 0.151562 0.208333
1 0.365625 0.701042 0.156250 0.193750
1 0.293750 0.498958 0.146875 0.218750
1 0.816406 0.060417 0.126563 0.120833
1 0.828125 0.935417 0.162500 0.129167
1 0.607813 0.658333 0.162500 0.191667
1 0.537500 0.179167 0.134375 0.187500
0 0.327344 0.107292 0.251563 0.210417
1 0.803125 0.227083 0.156250 0.212500
1 0.656250 0.143750 0.162500 0.204167
