1 0.018750 0.710417 0.037500 0.229167
1 0.378125 0.969792 0.156250 0.060417
1 0.218750 0.435417 0.178125 0.208333
1 0.975781 0.651042 0.048438 0.193750
1 0.075781 0.553125 0.132812 0.218750
1 0.064844 0.400000 0.129688 0.241667
1 0.913281 0.828125 0.167187 0.218750
1 0.515625 0.628125 0.168750 0.197917
1 0.280469 0.115625 0.176563 0.227083
1 0.772656 0.093750 0.182812 0.187500
1 0.925000 0.160417 0.150000 0.204167
1 0.801562 0.569792 0.143750 0.189583
1 0.267969 0.305208 0.145313 0.156250
1 0.643750 0.540625 0.168750 0.222917
1 0.671875 0.748958 0.171875 0.189583
1 0.403906 0.619792 0.154688 0.214583
1 0.325000 0.821875 0.178125 0.252083
0 0.502344 0.182292 0.276563 0.322917
1 0.018750 0.710417 0.037500 0.229167
1 0.378125 0.969792 0.156250 0.060417
1 0.218750 0.435417 0.178125 0.208333
1 0.975781 0.651042 0.048438 0.193750
1 0.075781 0.553125 0.132812 0.218750
1 0.064844 0.400000 0.129688 0.241667
1 0.913281 0.828125 0.167187 0.218750
1 0.515625 0.628125 0.168750 0.197917
1 0.280469 0.115625 0.176563 0.227083
1 0.772656 0.093750 0.182812 0.187500
1 0.925000 0.160417 0.150000 0.204167
1 0.801562 0.569792 0.143750 0.189583
1 0.267969 0.305208 0.145313 0.156250
1 0.643750 0.540625 0.168750 0.222917
1 0.671875 0.748958 0.171875 0.189583
1 0.403906 0.619792 0.154688 0.214583
1 0.325000 0.821875 0.178125 0.252083
0 0.502344 0.182292 0.276563 0.322917
1 0.018750 0.710417 0.037500 0.229167
1 0.378125 0.969792 0.156250 0.060417
1 0.218750 0.435417 0.178125 0.208333
1 0.975781 0.651042 0.048438 0.193750
1 0.075781 0.553125 0.132812 0.218750
1 0.064844 0.400000 0.129688 0.241667
1 0.913281 0.828125 0.167187 0.218750
1 0.515625 0.628125 0.168750 0.197917
1 0.280469 0.115625 0.176563 0.227083
1 0.772656 0.093750 0.182812 0.187500
1 0.925000 0.160417 0.150000 0.204167
1 0.801562 0.569792 0.143750 0.189583
1 0.267969 0.305208 0.145313 0.156250
1 0.643750 0.540625 0.168750 0.222917
1 0.671875 0.748958 0.171875 0.189583
1 0.403906 0.619792 0.154688 0.214583
1 0.325000 0.821875 0.178125 0.252083
0 0.502344 0.182292 0.276563 0.322917
1 0.018750 0.710417 0.037500 0.229167
1 0.378125 0.969792 0.156250 0.060417
1 0.218750 0.435417 0.178125 0.208333
1 0.975781 0.651042 0.048438 0.193750
1 0.075781 0.553125 0.132812 0.218750
1 0.064844 0.400000 0.129688 0.241667
1 0.913281 0.828125 0.167187 0.218750
1 0.515625 0.628125 0.168750 0.197917
1 0.280469 0.115625 0.176563 0.227083
1 0.772656 0.093750 0.182812 0.187500
1 0.925000 0.160417 0.150000 0.204167
1 0.801562 0.569792 0.143750 0.189583
1 0.267969 0.305208 0.145313 0.156250
1 0.643750 0.540625 0.168750 0.222917
1 0.671875 0.748958 0.171875 0.189583
1 0.403906 0.619792 0.154688 0.214583
1 0.325000 0.821875 0.178125 0.252083
0 0.502344 0.182292 0.276563 0.322917
1 0.018750 0.710417 0.037500 0.229167
1 0.378125 0.969792 0.156250 0.060417
1 0.218750 0.435417 0.178125 0.208333
1 0.975781 0.651042 0.048438 0.193750
1 0.075781 0.553125 0.132812 0.218750
1 0.064844 0.400000 0.129688 0.241667
1 0.913281 0.828125 0.167187 0.218750
1 0.515625 0.628125 0.168750 0.197917
1 0.280469 0.115625 0.176563 0.227083
1 0.772656 0.093750 0.182812 0.187500
1 0.925000 0.160417 0.150000 0.204167
1 0.801562 0.569792 0.143750 0.189583
1 0.267969 0.305208 0.145313 0.156250
1 0.643750 0.540625 0.168750 0.222917
1 0.671875 0.748958 0.171875 0.189583
1 0.403906 0.619792 0.154688 0.214583
1 0.325000 0.821875 0.178125 0.252083
0 0.502344 0.182292 0.276563 0.322917
1 0.018750 0.710417 0.037500 0.229167
1 0.378125 0.969792 0.156250 0.060417
1 0.218750 0.435417 0.178125 0.208333
1 0.975781 0.651042 0.048438 0.193750
1 0.075781 0.553125 0.132812 0.218750
1 0.064844 0.400000 0.129688 0.241667
1 0.913281 0.828125 0.167187 0.218750
1 0.515625 0.628125 0.168750 0.197917
1 0.280469 0.115625 0.176563 0.227083
1 0.772656 0.093750 0.182812 0.187500
1 0.925000 0.160417 0.150000 0.204167
1 0.801562 0.569792 0.143750 0.189583
1 0.267969 0.305208 0.145313 0.156250
1 0.643750 0.540625 0.168750 0.222917
1 0.671875 0.748958 0.171875 0.189583
1 0.403906 0.619792 0.154688 0.214583
1 0.325000 0.821875 0.178125 0.252083
0 0.502344 0.182292 0.276563 0.322917
1 0.018750 0.710417 0.037500 0.229167
1 0.378125 0.969792 0.156250 0.060417
1 0.218750 0.435417 0.178125 0.208333
1 0.975781 0.651042 0.048438 0.193750
1 0.075781 0.553125 0.132812 0.218750
1 0.064844 0.400000 0.129688 0.241667
1 0.913281 0.828125 0.167187 0.218750
1 0.515625 0.628125 0.168750 0.197917
1 0.280469 0.115625 0.176563 0.227083
1 0.772656 0.093750 0.182812 0.187500
1 0.925000 0.160417 0.150000 0.204167
1 0.801562 0.569792 0.143750 0.189583
1 0.267969 0.305208 0.145313 0.156250
1 0.643750 0.540625 0.168750 0.222917
1 0.671875 0.748958 0.171875 0.189583
1 0.403906 0.619792 0.154688 0.214583
1 0.325000 0.821875 0.178125 0.252083
0 0.502344 0.182292 0.276563 0.322917
1 0.018750 0.710417 0.037500 0.229167
1 0.378125 0.969792 0.156250 0.060417
1 0.218750 0.435417 0.178125 0.208333
1 0.975781 0.651042 0.048438 0.193750
1 0.075781 0.553125 0.132812 0.218750
1 0.064844 0.400000 0.129688 0.241667
1 0.913281 0.828125 0.167187 0.218750
1 0.515625 0.628125 0.168750 0.197917
1 0.280469 0.115625 0.176563 0.227083
1 0.772656 0.093750 0.182812 0.187500
1 0.925000 0.160417 0.150000 0.204167
1 0.801562 0.569792 0.143750 0.189583
1 0.267969 0.305208 0.145313 0.156250
1 0.643750 0.540625 0.168750 0.222917
1 0.671875 0.748958 0.171875 0.189583
1 0.403906 0.619792 0.154688 0.214583
1 0.325000 0.821875 0.178125 0.252083
0 0.502344 0.182292 0.276563 0.322917
1 0.018750 0.710417 0.037500 0.229167
1 0.378125 0.969792 0.156250 0.060417
1 0.218750 0.435417 0.178125 0.208333
1 0.975781 0.651042 0.048438 0.193750
1 0.075781 0.553125 0.132812 0.218750
1 0.064844 0.400000 0.129688 0.241667
1 0.913281 0.828125 0.167187 0.218750
1 0.515625 0.628125 0.168750 0.197917
1 0.280469 0.115625 0.176563 0.227083
1 0.772656 0.093750 0.182812 0.187500
1 0.925000 0.160417 0.150000 0.204167
1 0.801562 0.569792 0.143750 0.189583
1 0.267969 0.305208 0.145313 0.156250
1 0.643750 0.540625 0.168750 0.222917
1 0.671875 0.748958 0.171875 0.189583
1 0.403906 0.619792 0.154688 0.214583
1 0.325000 0.821875 0.178125 0.252083
0 0.502344 0.182292 0.276563 0.322917
1 0.018750 0.710417 0.037500 0.229167
1 0.378125 0.969792 0.156250 0.060417
1 0.218750 0.435417 0.178125 0.208333
1 0.975781 0.651042 0.048438 0.193750
1 0.075781 0.553125 0.132812 0.218750
1 0.064844 0.400000 0.129688 0.241667
1 0.913281 0.828125 0.167187 0.218750
1 0.515625 0.628125 0.168750 0.197917
1 0.280469 0.115625 0.176563 0.227083
1 0.772656 0.093750 0.182812 0.187500
1 0.925000 0.160417 0.150000 0.204167
1 0.801562 0.569792 0.143750 0.189583
1 0.267969 0.305208 0.145313 0.156250
1 0.643750 0.540625 0.168750 0.222917
1 0.671875 0.748958 0.171875 0.189583
1 0.403906 0.619792 0.154688 0.214583
1 0.325000 0.821875 0.178125 0.252083
0 0.502344 0.182292 0.276563 0.322917
1 0.018750 0.710417 0.037500 0.229167
1 0.378125 0.969792 0.156250 0.060417
1 0.218750 0.435417 0.178125 0.208333
1 0.975781 0.651042 0.048438 0.193750
1 0.075781 0.553125 0.132812 0.218750
1 0.064844 0.400000 0.129688 0.241667
1 0.913281 0.828125 0.167187 0.218750
1 0.515625 0.628125 0.168750 0.197917
1 0.280469 0.115625 0.176563 0.227083
1 0.772656 0.093750 0.182812 0.187500
1 0.925000 0.160417 0.150000 0.204167
1 0.801562 0.569792 0.143750 0.189583
1 0.267969 0.305208 0.145313 0.156250
1 0.643750 0.540625 0.168750 0.222917
1 0.671875 0.748958 0.171875 0.189583
1 0.403906 0.619792 0.154688 0.214583
1 0.325000 0.821875 0.178125 0.252083
0 0.502344 0.182292 0.276563 0.322917
1 0.018750 0.710417 0.037500 0.229167
1 0.378125 0.969792 0.156250 0.060417
1 0.218750 0.435417 0.178125 0.208333
1 0.975781 0.651042 0.048438 0.193750
1 0.075781 0.553125 0.132812 0.218750
1 0.064844 0.400000 0.129688 0.241667
1 0.913281 0.828125 0.167187 0.218750
1 0.515625 0.628125 0.168750 0.197917
1 0.280469 0.115625 0.176563 0.227083
1 0.772656 0.093750 0.182812 0.187500
1 0.925000 0.160417 0.150000 0.204167
1 0.801562 0.569792 0.143750 0.189583
1 0.267969 0.305208 0.145313 0.156250
1 0.643750 0.540625 0.168750 0.222917
1 0.671875 0.748958 0.171875 0.189583
1 0.403906 0.619792 0.154688 0.214583
1 0.325000 0.821875 0.178125 0.252083
0 0.502344 0.182292 0.276563 0.322917
1 0.018750 0.710417 0.037500 0.229167
1 0.378125 0.969792 0.156250 0.060417
1 0.218750 0.435417 0.178125 0.208333
1 0.975781 0.651042 0.048438 0.193750
1 0.075781 0.553125 0.132812 0.218750
1 0.064844 0.400000 0.129688 0.241667
1 0.913281 0.828125 0.167187 0.218750
1 0.515625 0.628125 0.168750 0.197917
1 0.280469 0.115625 0.176563 0.227083
1 0.772656 0.093750 0.182812 0.187500
1 0.925000 0.160417 0.150000 0.204167
1 0.801562 0.569792 0.143750 0.189583
1 0.267969 0.305208 0.145313 0.156250
1 0.643750 0.540625 0.168750 0.222917
1 0.671875 0.748958 0.171875 0.189583
1 0.403906 0.619792 0.154688 0.214583
1 0.325000 0.821875 0.178125 0.252083
0 0.502344 0.182292 0.276563 0.322917
1 0.018750 0.710417 0.037500 0.229167
1 0.378125 0.969792 0.156250 0.060417
1 0.218750 0.435417 0.178125 0.208333
1 0.975781 0.651042 0.048438 0.193750
1 0.075781 0.553125 0.132812 0.218750
1 0.064844 0.400000 0.129688 0.241667
1 0.913281 0.828125 0.167187 0.218750
1 0.515625 0.628125 0.168750 0.197917
1 0.280469 0.115625 0.176563 0.227083
1 0.772656 0.093750 0.182812 0.187500
1 0.925000 0.160417 0.150000 0.204167
1 0.801562 0.569792 0.143750 0.189583
1 0.267969 0.305208 0.145313 0.156250
1 0.643750 0.540625 0.168750 0.222917
1 0.671875 0.748958 0.171875 0.189583
1 0.403906 0.619792 0.154688 0.214583
1 0.325000 0.821875 0.178125 0.252083
0 0.502344 0.182292 0.276563 0.322917
1 0.018750 0.710417 0.037500 0.229167
1 0.378125 0.969792 0.156250 0.060417
1 0.218750 0.435417 0.178125 0.208333
1 0.975781 0.651042 0.048438 0.193750
1 0.075781 0.553125 0.132812 0.218750
1 0.064844 0.400000 0.129688 0.241667
1 0.913281 0.828125 0.167187 0.218750
1 0.515625 0.628125 0.168750 0.197917
1 0.280469 0.115625 0.176563 0.227083
1 0.772656 0.093750 0.182812 0.187500
1 0.925000 0.160417 0.150000 0.204167
1 0.801562 0.569792 0.143750 0.189583
1 0.267969 0.305208 0.145313 0.156250
1 0.643750 0.540625 0.168750 0.222917
1 0.671875 0.748958 0.171875 0.189583
1 0.403906 0.619792 0.154688 0.214583
1 0.325000 0.821875 0.178125 0.252083
0 0.502344 0.182292 0.276563 0.322917
1 0.018750 0.710417 0.037500 0.229167
1 0.378125 0.969792 0.156250 0.060417
1 0.218750 0.435417 0.178125 0.208333
1 0.975781 0.651042 0.048438 0.193750
1 0.075781 0.553125 0.132812 0.218750
1 0.064844 0.400000 0.129688 0.241667
1 0.913281 0.828125 0.167187 0.218750
1 0.515625 0.628125 0.168750 0.197917
1 0.280469 0.115625 0.176563 0.227083
1 0.772656 0.093750 0.182812 0.187500
1 0.925000 0.160417 0.150000 0.204167
1 0.801562 0.569792 0.143750 0.189583
1 0.267969 0.305208 0.145313 0.156250
1 0.643750 0.540625 0.168750 0.222917
1 0.671875 0.748958 0.171875 0.189583
1 0.403906 0.619792 0.154688 0.214583
1 0.325000 0.821875 0.178125 0.252083
0 0.502344 0.182292 0.276563 0.322917
1 0.018750 0.710417 0.037500 0.229167
1 0.378125 0.969792 0.156250 0.060417
1 0.218750 0.435417 0.178125 0.208333
1 0.975781 0.651042 0.048438 0.193750
1 0.075781 0.553125 0.132812 0.218750
1 0.064844 0.400000 0.129688 0.241667
1 0.913281 0.828125 0.167187 0.218750
1 0.515625 0.628125 0.168750 0.197917
1 0.280469 0.115625 0.176563 0.227083
1 0.772656 0.093750 0.182812 0.187500
1 0.925000 0.160417 0.150000 0.204167
1 0.801562 0.569792 0.143750 0.189583
1 0.267969 0.305208 0.145313 0.156250
1 0.643750 0.540625 0.168750 0.222917
1 0.671875 0.748958 0.171875 0.189583
1 0.403906 0.619792 0.154688 0.214583
1 0.325000 0.821875 0.178125 0.252083
0 0.502344 0.182292 0.276563 0.322917
1 0.018750 0.710417 0.037500 0.229167
1 0.378125 0.969792 0.156250 0.060417
1 0.218750 0.435417 0.178125 0.208333
1 0.975781 0.651042 0.048438 0.193750
1 0.075781 0.553125 0.132812 0.218750
1 0.064844 0.400000 0.129688 0.241667
1 0.913281 0.828125 0.167187 0.218750
1 0.515625 0.628125 0.168750 0.197917
1 0.280469 0.115625 0.176563 0.227083
1 0.772656 0.093750 0.182812 0.187500
1 0.925000 0.160417 0.150000 0.204167
1 0.801562 0.569792 0.143750 0.189583
1 0.267969 0.305208 0.145313 0.156250
1 0.643750 0.540625 0.168750 0.222917
1 0.671875 0.748958 0.171875 0.189583
1 0.403906 0.619792 0.154688 0.214583
1 0.325000 0.821875 0.178125 0.252083
0 0.502344 0.182292 0.276563 0.322917
