1 0.544531 0.314583 0.148438 0.300000
1 0.031250 0.722917 0.062500 0.191667
1 0.957031 0.098958 0.085938 0.197917
2 0.435937 0.803125 0.059375 0.085417
1 0.946094 0.257292 0.104688 0.272917
2 0.765625 0.570833 0.065625 0.087500
1 0.675781 0.176042 0.170313 0.222917
1 0.074219 0.914583 0.148438 0.170833
1 0.843750 0.381250 0.187500 0.212500
1 0.735938 0.795833 0.184375 0.208333
1 0.088281 0.426042 0.151562 0.206250
1 0.472656 0.548958 0.198437 0.256250
0 0.335156 0.311458 0.267188 0.281250
1 0.544531 0.314583 0.148438 0.300000
1 0.031250 0.722917 0.062500 0.191667
1 0.957031 0.098958 0.085938 0.197917
2 0.435937 0.803125 0.059375 0.085417
1 0.946094 0.257292 0.104688 0.272917
2 0.765625 0.570833 0.065625 0.087500
1 0.675781 0.176042 0.170313 0.222917
1 0.074219 0.914583 0.148438 0.170833
1 0.843750 0.381250 0.187500 0.212500
1 0.735938 0.795833 0.184375 0.208333
1 0.088281 0.426042 0.151562 0.206250
1 0.472656 0.548958 0.198437 0.256250
0 0.335156 0.311458 0.267188 0.281250
1 0.544531 0.314583 0.148438 0.300000
1 0.031250 0.722917 0.062500 0.191667
1 0.957031 0.098958 0.085938 0.197917
2 0.435937 0.803125 0.059375 0.085417
1 0.946094 0.257292 0.104688 0.272917
2 0.765625 0.570833 0.065625 0.087500
1 0.675781 0.176042 0.170313 0.222917
1 0.074219 0.914583 0.148438 0.170833
1 0.843750 0.381250 0.187500 0.212500
1 0.735938 0.795833 0.184375 0.208333
1 0.088281 0.426042 0.151562 0.206250
1 0.472656 0.548958 0.198437 0.256250
0 0.335156 0.311458 0.267188 0.281250
1 0.544531 0.314583 0.148438 0.300000
1 0.031250 0.722917 0.062500 0.191667
1 0.957031 0.098958 0.085938 0.197917
2 0.435937 0.803125 0.059375 0.085417
1 0.946094 0.257292 0.104688 0.272917
2 0.765625 0.570833 0.065625 0.087500
1 0.675781 0.176042 0.170313 0.222917
1 0.074219 0.914583 0.148438 0.170833
1 0.843750 0.381250 0.187500 0.212500
1 0.735938 0.795833 0.184375 0.208333
1 0.088281 0.426042 0.151562 0.206250
1 0.472656 0.548958 0.198437 0.256250
0 0.335156 0.311458 0.267188 0.281250
1 0.544531 0.314583 0.148438 0.300000
1 0.031250 0.722917 0.062500 0.191667
1 0.957031 0.098958 0.085938 0.197917
2 0.435937 0.803125 0.059375 0.085417
1 0.946094 0.257292 0.104688 0.272917
2 0.765625 0.570833 0.065625 0.087500
1 0.675781 0.176042 0.170313 0.222917
1 0.074219 0.914583 0.148438 0.170833
1 0.843750 0.381250 0.187500 0.212500
1 0.735938 0.795833 0.184375 0.208333
1 0.088281 0.426042 0.151562 0.206250
1 0.472656 0.548958 0.198437 0.256250
0 0.335156 0.311458 0.267188 0.281250
1 0.544531 0.314583 0.148438 0.300000
1 0.031250 0.722917 0.062500 0.191667
1 0.957031 0.098958 0.085938 0.197917
2 0.435937 0.803125 0.059375 0.085417
1 0.946094 0.257292 0.104688 0.272917
2 0.765625 0.570833 0.065625 0.087500
1 0.675781 0.176042 0.170313 0.222917
1 0.074219 0.914583 0.148438 0.170833
1 0.843750 0.381250 0.187500 0.212500
1 0.735938 0.795833 0.184375 0.208333
1 0.088281 0.426042 0.151562 0.206250
1 0.472656 0.548958 0.198437 0.256250
0 0.335156 0.311458 0.267188 0.281250
1 0.544531 0.314583 0.148438 0.300000
1 0.031250 0.722917 0.062500 0.191667
1 0.957031 0.098958 0.085938 0.197917
2 0.435937 0.803125 0.059375 0.085417
1 0.946094 0.257292 0.104688 0.272917
2 0.765625 0.570833 0.065625 0.087500
1 0.675781 0.176042 0.170313 0.222917
1 0.074219 0.914583 0.148438 0.170833
1 0.843750 0.381250 0.187500 0.212500
1 0.735938 0.795833 0.184375 0.208333
1 0.088281 0.426042 0.151562 0.206250
1 0.472656 0.548958 0.198437 0.256250
0 0.335156 0.311458 0.267188 0.281250
1 0.544531 0.314583 0.148438 0.300000
1 0.031250 0.722917 0.062500 0.191667
1 0.957031 0.098958 0.085938 0.197917
2 0.435937 0.803125 0.059375 0.085417
1 0.946094 0.257292 0.104688 0.272917
2 0.765625 0.570833 0.065625 0.087500
1 0.675781 0.176042 0.170313 0.222917
1 0.074219 0.914583 0.148438 0.170833
1 0.843750 0.381250 0.187500 0.212500
1 0.735938 0.795833 0.184375 0.208333
1 0.088281 0.426042 0.151562 0.206250
1 0.472656 0.548958 0.198437 0.256250
0 0.335156 0.311458 0.267188 0.281250
1 0.544531 0.314583 0.148438 0.300000
1 0.031250 0.722917 0.062500 0.191667
1 0.957031 0.098958 0.085938 0.197917
2 0.435937 0.803125 0.059375 0.085417
1 0.946094 0.257292 0.104688 0.272917
2 0.765625 0.570833 0.065625 0.087500
1 0.675781 0.176042 0.170313 0.222917
1 0.074219 0.914583 0.148438 0.170833
1 0.843750 0.381250 0.187500 0.212500
1 0.735938 0.795833 0.184375 0.208333
1 0.088281 0.426042 0.151562 0.206250
1 0.472656 0.548958 0.198437 0.256250
0 0.335156 0.311458 0.267188 0.281250
1 0.544531 0.314583 0.148438 0.300000
1 0.031250 0.722917 0.062500 0.191667
1 0.957031 0.098958 0.085938 0.197917
2 0.435937 0.803125 0.059375 0.085417
1 0.946094 0.257292 0.104688 0.272917
2 0.765625 0.570833 0.065625 0.087500
1 0.675781 0.176042 0.170313 0.222917
1 0.074219 0.914583 0.148438 0.170833
1 0.843750 0.381250 0.187500 0.212500
1 0.735938 0.795833 0.184375 0.208333
1 0.088281 0.426042 0.151562 0.206250
1 0.472656 0.548958 0.198437 0.256250
0 0.335156 0.311458 0.267188 0.281250
1 0.544531 0.314583 0.148438 0.300000
1 0.031250 0.722917 0.062500 0.191667
1 0.957031 0.098958 0.085938 0.197917
2 0.435937 0.803125 0.059375 0.085417
1 0.946094 0.257292 0.104688 0.272917
2 0.765625 0.570833 0.065625 0.087500
1 0.675781 0.176042 0.170313 0.222917
1 0.074219 0.914583 0.148438 0.170833
1 0.843750 0.381250 0.187500 0.212500
1 0.735938 0.795833 0.184375 0.208333
1 0.088281 0.426042 0.151562 0.206250
1 0.472656 0.548958 0.198437 0.256250
0 0.335156 0.311458 0.267188 0.281250
1 0.544531 0.314583 0.148438 0.300000
1 0.031250 0.722917 0.062500 0.191667
1 0.957031 0.098958 0.085938 0.197917
2 0.435937 0.803125 0.059375 0.085417
1 0.946094 0.257292 0.104688 0.272917
2 0.765625 0.570833 0.065625 0.087500
1 0.675781 0.176042 0.170313 0.222917
1 0.074219 0.914583 0.148438 0.170833
1 0.843750 0.381250 0.187500 0.212500
1 0.735938 0.795833 0.184375 0.208333
1 0.088281 0.426042 0.151562 0.206250
1 0.472656 0.548958 0.198437 0.256250
0 0.335156 0.311458 0.267188 0.281250
1 0.544531 0.314583 0.148438 0.300000
1 0.031250 0.722917 0.062500 0.191667
1 0.957031 0.098958 0.085938 0.197917
2 0.435937 0.803125 0.059375 0.085417
1 0.946094 0.257292 0.104688 0.272917
2 0.765625 0.570833 0.065625 0.087500
1 0.675781 0.176042 0.170313 0.222917
1 0.074219 0.914583 0.148438 0.170833
1 0.843750 0.381250 0.187500 0.212500
1 0.735938 0.795833 0.184375 0.208333
1 0.088281 0.426042 0.151562 0.206250
1 0.472656 0.548958 0.198437 0.256250
0 0.335156 0.311458 0.267188 0.281250
