1 0.742188 0.229167 0.178125 0.212500
1 0.039062 0.045833 0.078125 0.091667
1 0.513281 0.946875 0.173438 0.102083
1 0.550000 0.838542 0.168750 0.193750
2 0.189063 0.973958 0.053125 0.052083
1 0.043750 0.903125 0.087500 0.193750
1 0.664844 0.846875 0.207813 0.227083
1 0.507812 0.062500 0.146875 0.125000
1 0.123438 0.773958 0.171875 0.210417
1 0.237500 0.627083 0.171875 0.225000
1 0.564844 0.318750 0.164062 0.220833
1 0.900781 0.373958 0.179688 0.218750
1 0.350000 0.090625 0.171875 0.181250
0 0.445312 0.558333 0.262500 0.325000
1 0.249219 0.412500 0.179688 0.204167
1 0.742188 0.229167 0.178125 0.212500
1 0.039062 0.045833 0.078125 0.091667
1 0.513281 0.946875 0.173438 0.102083
1 0.550000 0.838542 0.168750 0.193750
2 0.189063 0.973958 0.053125 0.052083
1 0.043750 0.903125 0.087500 0.193750
1 0.664844 0.846875 0.207813 0.227083
1 0.507812 0.062500 0.146875 0.125000
1 0.123438 0.773958 0.171875 0.210417
1 0.237500 0.627083 0.171875 0.225000
1 0.564844 0.318750 0.164062 0.220833
1 0.900781 0.373958 0.179688 0.218750
1 0.350000 0.090625 0.171875 0.181250
0 0.445312 0.558333 0.262500 0.325000
1 0.249219 0.412500 0.179688 0.204167
1 0.742188 0.229167 0.178125 0.212500
1 0.039062 0.045833 0.078125 0.091667
1 0.513281 0.946875 0.173438 0.102083
1 0.550000 0.838542 0.168750 0.193750
2 0.189063 0.973958 0.053125 0.052083
1 0.043750 0.903125 0.087500 0.193750
1 0.664844 0.846875 0.207813 0.227083
1 0.507812 0.062500 0.146875 0.125000
1 0.123438 0.773958 0.171875 0.210417
1 0.237500 0.627083 0.171875 0.225000
1 0.564844 0.318750 0.164062 0.220833
1 0.900781 0.373958 0.179688 0.218750
1 0.350000 0.090625 0.171875 0.181250
0 0.445312 0.558333 0.262500 0.325000
1 0.249219 0.412500 0.179688 0.204167
1 0.742188 0.229167 0.178125 0.212500
1 0.039062 0.045833 0.078125 0.091667
1 0.513281 0.946875 0.173438 0.102083
1 0.550000 0.838542 0.168750 0.193750
2 0.189063 0.973958 0.053125 0.052083
1 0.043750 0.903125 0.087500 0.193750
1 0.664844 0.846875 0.207813 0.227083
1 0.507812 0.062500 0.146875 0.125000
1 0.123438 0.773958 0.171875 0.210417
1 0.237500 0.627083 0.171875 0.225000
1 0.564844 0.318750 0.164062 0.220833
1 0.900781 0.373958 0.179688 0.218750
1 0.350000 0.090625 0.171875 0.181250
0 0.445312 0.558333 0.262500 0.325000
1 0.249219 0.412500 0.179688 0.204167
1 0.742188 0.229167 0.178125 0.212500
1 0.039062 0.045833 0.078125 0.091667
1 0.513281 0.946875 0.173438 0.102083
1 0.550000 0.838542 0.168750 0.193750
2 0.189063 0.973958 0.053125 0.052083
1 0.043750 0.903125 0.087500 0.193750
1 0.664844 0.846875 0.207813 0.227083
1 0.507812 0.062500 0.146875 0.125000
1 0.123438 0.773958 0.171875 0.210417
1 0.237500 0.627083 0.171875 0.225000
1 0.564844 0.318750 0.164062 0.220833
1 0.900781 0.373958 0.179688 0.218750
1 0.350000 0.090625 0.171875 0.181250
0 0.445312 0.558333 0.262500 0.325000
1 0.249219 0.412500 0.179688 0.204167
1 0.742188 0.229167 0.178125 0.212500
1 0.039062 0.045833 0.078125 0.091667
1 0.513281 0.946875 0.173438 0.102083
1 0.550000 0.838542 0.168750 0.193750
2 0.189063 0.973958 0.053125 0.052083
1 0.043750 0.903125 0.087500 0.193750
1 0.664844 0.846875 0.207813 0.227083
1 0.507812 0.062500 0.146875 0.125000
1 0.123438 0.773958 0.171875 0.210417
1 0.237500 0.627083 0.171875 0.225000
1 0.564844 0.318750 0.164062 0.220833
1 0.900781 0.373958 0.179688 0.218750
1 0.350000 0.090625 0.171875 0.181250
0 0.445312 0.558333 0.262500 0.325000
1 0.249219 0.412500 0.179688 0.204167
1 0.742188 0.229167 0.178125 0.212500
1 0.039062 0.045833 0.078125 0.091667
1 0.513281 0.946875 0.173438 0.102083
1 0.550000 0.838542 0.168750 0.193750
2 0.189063 0.973958 0.053125 0.052083
1 0.043750 0.903125 0.087500 0.193750
1 0.664844 0.846875 0.207813 0.227083
1 0.507812 0.062500 0.146875 0.125000
1 0.123438 0.773958 0.171875 0.210417
1 0.237500 0.627083 0.171875 0.225000
1 0.564844 0.318750 0.164062 0.220833
1 0.900781 0.373958 0.179688 0.218750
1 0.350000 0.090625 0.171875 0.181250
0 0.445312 0.558333 0.262500 0.325000
1 0.249219 0.412500 0.179688 0.204167
1 0.742188 0.229167 0.178125 0.212500
1 0.039062 0.045833 0.078125 0.091667
1 0.513281 0.946875 0.173438 0.102083
1 0.550000 0.838542 0.168750 0.193750
2 0.189063 0.973958 0.053125 0.052083
1 0.043750 0.903125 0.087500 0.193750
1 0.664844 0.846875 0.207813 0.227083
1 0.507812 0.062500 0.146875 0.125000
1 0.123438 0.773958 0.171875 0.210417
1 0.237500 0.627083 0.171875 0.225000
1 0.564844 0.318750 0.164062 0.220833
1 0.900781 0.373958 0.179688 0.218750
1 0.350000 0.090625 0.171875 0.181250
0 0.445312 0.558333 0.262500 0.325000
1 0.249219 0.412500 0.179688 0.204167
1 0.742188 0.229167 0.178125 0.212500
1 0.039062 0.045833 0.078125 0.091667
1 0.513281 0.946875 0.173438 0.102083
1 0.550000 0.838542 0.168750 0.193750
2 0.189063 0.973958 0.053125 0.052083
1 0.043750 0.903125 0.087500 0.193750
1 0.664844 0.846875 0.207813 0.227083
1 0.507812 0.062500 0.146875 0.125000
1 0.123438 0.773958 0.171875 0.210417
1 0.237500 0.627083 0.171875 0.225000
1 0.564844 0.318750 0.164062 0.220833
1 0.900781 0.373958 0.179688 0.218750
1 0.350000 0.090625 0.171875 0.181250
0 0.445312 0.558333 0.262500 0.325000
1 0.249219 0.412500 0.179688 0.204167
1 0.742188 0.229167 0.178125 0.212500
1 0.039062 0.045833 0.078125 0.091667
1 0.513281 0.946875 0.173438 0.102083
1 0.550000 0.838542 0.168750 0.193750
2 0.189063 0.973958 0.053125 0.052083
1 0.043750 0.903125 0.087500 0.193750
1 0.664844 0.846875 0.207813 0.227083
1 0.507812 0.062500 0.146875 0.125000
1 0.123438 0.773958 0.171875 0.210417
1 0.237500 0.627083 0.171875 0.225000
1 0.564844 0.318750 0.164062 0.220833
1 0.900781 0.373958 0.179688 0.218750
1 0.350000 0.090625 0.171875 0.181250
0 0.445312 0.558333 0.262500 0.325000
1 0.249219 0.412500 0.179688 0.204167
1 0.742188 0.229167 0.178125 0.212500
1 0.039062 0.045833 0.078125 0.091667
1 0.513281 0.946875 0.173438 0.102083
1 0.550000 0.838542 0.168750 0.193750
2 0.189063 0.973958 0.053125 0.052083
1 0.043750 0.903125 0.087500 0.193750
1 0.664844 0.846875 0.207813 0.227083
1 0.507812 0.062500 0.146875 0.125000
1 0.123438 0.773958 0.171875 0.210417
1 0.237500 0.627083 0.171875 0.225000
1 0.564844 0.318750 0.164062 0.220833
1 0.900781 0.373958 0.179688 0.218750
1 0.350000 0.090625 0.171875 0.181250
0 0.445312 0.558333 0.262500 0.325000
1 0.249219 0.412500 0.179688 0.204167
1 0.742188 0.229167 0.178125 0.212500
1 0.039062 0.045833 0.078125 0.091667
1 0.513281 0.946875 0.173438 0.102083
1 0.550000 0.838542 0.168750 0.193750
2 0.189063 0.973958 0.053125 0.052083
1 0.043750 0.903125 0.087500 0.193750
1 0.664844 0.846875 0.207813 0.227083
1 0.507812 0.062500 0.146875 0.125000
1 0.123438 0.773958 0.171875 0.210417
1 0.237500 0.627083 0.171875 0.225000
1 0.564844 0.318750 0.164062 0.220833
1 0.900781 0.373958 0.179688 0.218750
1 0.350000 0.090625 0.171875 0.181250
0 0.445312 0.558333 0.262500 0.325000
1 0.249219 0.412500 0.179688 0.204167
1 0.742188 0.229167 0.178125 0.212500
1 0.039062 0.045833 0.078125 0.091667
1 0.513281 0.946875 0.173438 0.102083
1 0.550000 0.838542 0.168750 0.193750
2 0.189063 0.973958 0.053125 0.052083
1 0.043750 0.903125 0.087500 0.193750
1 0.664844 0.846875 0.207813 0.227083
1 0.507812 0.062500 0.146875 0.125000
1 0.123438 0.773958 0.171875 0.210417
1 0.237500 0.627083 0.171875 0.225000
1 0.564844 0.318750 0.164062 0.220833
1 0.900781 0.373958 0.179688 0.218750
1 0.350000 0.090625 0.171875 0.181250
0 0.445312 0.558333 0.262500 0.325000
1 0.249219 0.412500 0.179688 0.204167
1 0.742188 0.229167 0.178125 0.212500
1 0.039062 0.045833 0.078125 0.091667
1 0.513281 0.946875 0.173438 0.102083
1 0.550000 0.838542 0.168750 0.193750
2 0.189063 0.973958 0.053125 0.052083
1 0.043750 0.903125 0.087500 0.193750
1 0.664844 0.846875 0.207813 0.227083
1 0.507812 0.062500 0.146875 0.125000
1 0.123438 0.773958 0.171875 0.210417
1 0.237500 0.627083 0.171875 0.225000
1 0.564844 0.318750 0.164062 0.220833
1 0.900781 0.373958 0.179688 0.218750
1 0.350000 0.090625 0.171875 0.181250
0 0.445312 0.558333 0.262500 0.325000
1 0.249219 0.412500 0.179688 0.204167
1 0.742188 0.229167 0.178125 0.212500
1 0.039062 0.045833 0.078125 0.091667
1 0.513281 0.946875 0.173438 0.102083
1 0.550000 0.838542 0.168750 0.193750
2 0.189063 0.973958 0.053125 0.052083
1 0.043750 0.903125 0.087500 0.193750
1 0.664844 0.846875 0.207813 0.227083
1 0.507812 0.062500 0.146875 0.125000
1 0.123438 0.773958 0.171875 0.210417
1 0.237500 0.627083 0.171875 0.225000
1 0.564844 0.318750 0.164062 0.220833
1 0.900781 0.373958 0.179688 0.218750
1 0.350000 0.090625 0.171875 0.181250
0 0.445312 0.558333 0.262500 0.325000
1 0.249219 0.412500 0.179688 0.204167
