1 0.077344 0.091667 0.154688 0.179167
1 0.758594 0.235417 0.173438 0.245833
1 0.944531 0.264583 0.104688 0.225000
1 0.467187 0.164583 0.137500 0.195833
1 0.185938 0.611458 0.162500 0.218750
1 0.061719 0.595833 0.123438 0.216667
1 0.805469 0.880208 0.189063 0.231250
1 0.214844 0.955208 0.192188 0.089583
1 0.054688 0.297917 0.106250 0.229167
1 0.906250 0.414583 0.171875 0.241667
1 0.935156 0.069792 0.129688 0.135417
1 0.569531 0.052083 0.139063 0.104167
1 0.967188 0.898958 0.065625 0.202083
0 0.370313 0.461458 0.309375 0.431250
1 0.195312 0.291667 0.128125 0.204167
1 0.069531 0.887500 0.135937 0.216667
1 0.645312 0.633333 0.190625 0.220833
1 0.491406 0.709375 0.170313 0.227083
1 0.077344 0.091667 0.154688 0.179167
1 0.758594 0.235417 0.173438 0.245833
1 0.944531 0.264583 0.104688 0.225000
1 0.467187 0.164583 0.137500 0.195833
1 0.185938 0.611458 0.162500 0.218750
1 0.061719 0.595833 0.123438 0.216667
1 0.805469 0.880208 0.189063 0.231250
1 0.214844 0.955208 0.192188 0.089583
1 0.054688 0.297917 0.106250 0.229167
1 0.906250 0.414583 0.171875 0.241667
1 0.935156 0.069792 0.129688 0.135417
1 0.569531 0.052083 0.139063 0.104167
1 0.967188 0.898958 0.065625 0.202083
0 0.370313 0.461458 0.309375 0.431250
1 0.195312 0.291667 0.128125 0.204167
1 0.069531 0.887500 0.135937 0.216667
1 0.645312 0.633333 0.190625 0.220833
1 0.491406 0.709375 0.170313 0.227083
1 0.077344 0.091667 0.154688 0.179167
1 0.758594 0.235417 0.173438 0.245833
1 0.944531 0.264583 0.104688 0.225000
1 0.467187 0.164583 0.137500 0.195833
1 0.185938 0.611458 0.162500 0.218750
1 0.061719 0.595833 0.123438 0.216667
1 0.805469 0.880208 0.189063 0.231250
1 0.214844 0.955208 0.192188 0.089583
1 0.054688 0.297917 0.106250 0.229167
1 0.906250 0.414583 0.171875 0.241667
1 0.935156 0.069792 0.129688 0.135417
1 0.569531 0.052083 0.139063 0.104167
1 0.967188 0.898958 0.065625 0.202083
0 0.370313 0.461458 0.309375 0.431250
1 0.195312 0.291667 0.128125 0.204167
1 0.069531 0.887500 0.135937 0.216667
1 0.645312 0.633333 0.190625 0.220833
1 0.491406 0.709375 0.170313 0.227083
1 0.077344 0.091667 0.154688 0.179167
1 0.758594 0.235417 0.173438 0.245833
1 0.944531 0.264583 0.104688 0.225000
1 0.467187 0.164583 0.137500 0.195833
1 0.185938 0.611458 0.162500 0.218750
1 0.061719 0.595833 0.123438 0.216667
1 0.805469 0.880208 0.189063 0.231250
1 0.214844 0.955208 0.192188 0.089583
1 0.054688 0.297917 0.106250 0.229167
1 0.906250 0.414583 0.171875 0.241667
1 0.935156 0.069792 0.129688 0.135417
1 0.569531 0.052083 0.139063 0.104167
1 0.967188 0.898958 0.065625 0.202083
0 0.370313 0.461458 0.309375 0.431250
1 0.195312 0.291667 0.128125 0.204167
1 0.069531 0.887500 0.135937 0.216667
1 0.645312 0.633333 0.190625 0.220833
1 0.491406 0.709375 0.170313 0.227083
1 0.077344 0.091667 0.154688 0.179167
1 0.758594 0.235417 0.173438 0.245833
1 0.944531 0.264583 0.104688 0.225000
1 0.467187 0.164583 0.137500 0.195833
1 0.185938 0.611458 0.162500 0.218750
1 0.061719 0.595833 0.123438 0.216667
1 0.805469 0.880208 0.189063 0.231250
1 0.214844 0.955208 0.192188 0.089583
1 0.054688 0.297917 0.106250 0.229167
1 0.906250 0.414583 0.171875 0.241667
1 0.935156 0.069792 0.129688 0.135417
1 0.569531 0.052083 0.139063 0.104167
1 0.967188 0.898958 0.065625 0.202083
0 0.370313 0.461458 0.309375 0.431250
1 0.195312 0.291667 0.128125 0.204167
1 0.069531 0.887500 0.135937 0.216667
1 0.645312 0.633333 0.190625 0.220833
1 0.491406 0.709375 0.170313 0.227083
1 0.077344 0.091667 0.154688 0.179167
1 0.758594 0.235417 0.173438 0.245833
1 0.944531 0.264583 0.104688 0.225000
1 0.467187 0.164583 0.137500 0.195833
1 0.185938 0.611458 0.162500 0.218750
1 0.061719 0.595833 0.123438 0.216667
1 0.805469 0.880208 0.189063 0.231250
1 0.214844 0.955208 0.192188 0.089583
1 0.054688 0.297917 0.106250 0.229167
1 0.906250 0.414583 0.171875 0.241667
1 0.935156 0.069792 0.129688 0.135417
1 0.569531 0.052083 0.139063 0.104167
1 0.967188 0.898958 0.065625 0.202083
0 0.370313 0.461458 0.309375 0.431250
1 0.195312 0.291667 0.128125 0.204167
1 0.069531 0.887500 0.135937 0.216667
1 0.645312 0.633333 0.190625 0.220833
1 0.491406 0.709375 0.170313 0.227083
1 0.077344 0.091667 0.154688 0.179167
1 0.758594 0.235417 0.173438 0.245833
1 0.944531 0.264583 0.104688 0.225000
1 0.467187 0.164583 0.137500 0.195833
1 0.185938 0.611458 0.162500 0.218750
1 0.061719 0.595833 0.123438 0.216667
1 0.805469 0.880208 0.189063 0.231250
1 0.214844 0.955208 0.192188 0.089583
1 0.054688 0.297917 0.106250 0.229167
1 0.906250 0.414583 0.171875 0.241667
1 0.935156 0.069792 0.129688 0.135417
1 0.569531 0.052083 0.139063 0.104167
1 0.967188 0.898958 0.065625 0.202083
0 0.370313 0.461458 0.309375 0.431250
1 0.195312 0.291667 0.128125 0.204167
1 0.069531 0.887500 0.135937 0.216667
1 0.645312 0.633333 0.190625 0.220833
1 0.491406 0.709375 0.170313 0.227083
1 0.077344 0.091667 0.154688 0.179167
1 0.758594 0.235417 0.173438 0.245833
1 0.944531 0.264583 0.104688 0.225000
1 0.467187 0.164583 0.137500 0.195833
1 0.185938 0.611458 0.162500 0.218750
1 0.061719 0.595833 0.123438 0.216667
1 0.805469 0.880208 0.189063 0.231250
1 0.214844 0.955208 0.192188 0.089583
1 0.054688 0.297917 0.106250 0.229167
1 0.906250 0.414583 0.171875 0.241667
1 0.935156 0.069792 0.129688 0.135417
1 0.569531 0.052083 0.139063 0.104167
1 0.967188 0.898958 0.065625 0.202083
0 0.370313 0.461458 0.309375 0.431250
1 0.195312 0.291667 0.128125 0.204167
1 0.069531 0.887500 0.135937 0.216667
1 0.645312 0.633333 0.190625 0.220833
1 0.491406 0.709375 0.170313 0.227083
1 0.077344 0.091667 0.154688 0.179167
1 0.758594 0.235417 0.173438 0.245833
1 0.944531 0.264583 0.104688 0.225000
1 0.467187 0.164583 0.137500 0.195833
1 0.185938 0.611458 0.162500 0.218750
1 0.061719 0.595833 0.123438 0.216667
1 0.805469 0.880208 0.189063 0.231250
1 0.214844 0.955208 0.192188 0.089583
1 0.054688 0.297917 0.106250 0.229167
1 0.906250 0.414583 0.171875 0.241667
1 0.935156 0.069792 0.129688 0.135417
1 0.569531 0.052083 0.139063 0.104167
1 0.967188 0.898958 0.065625 0.202083
0 0.370313 0.461458 0.309375 0.431250
1 0.195312 0.291667 0.128125 0.204167
1 0.069531 0.887500 0.135937 0.216667
1 0.645312 0.633333 0.190625 0.220833
1 0.491406 0.709375 0.170313 0.227083
1 0.077344 0.091667 0.154688 0.179167
1 0.758594 0.235417 0.173438 0.245833
1 0.944531 0.264583 0.104688 0.225000
1 0.467187 0.164583 0.137500 0.195833
1 0.185938 0.611458 0.162500 0.218750
1 0.061719 0.595833 0.123438 0.216667
1 0.805469 0.880208 0.189063 0.231250
1 0.214844 0.955208 0.192188 0.089583
1 0.054688 0.297917 0.106250 0.229167
1 0.906250 0.414583 0.171875 0.241667
1 0.935156 0.069792 0.129688 0.135417
1 0.569531 0.052083 0.139063 0.104167
1 0.967188 0.898958 0.065625 0.202083
0 0.370313 0.461458 0.309375 0.431250
1 0.195312 0.291667 0.128125 0.204167
1 0.069531 0.887500 0.135937 0.216667
1 0.645312 0.633333 0.190625 0.220833
1 0.491406 0.709375 0.170313 0.227083
1 0.077344 0.091667 0.154688 0.179167
1 0.758594 0.235417 0.173438 0.245833
1 0.944531 0.264583 0.104688 0.225000
1 0.467187 0.164583 0.137500 0.195833
1 0.185938 0.611458 0.162500 0.218750
1 0.061719 0.595833 0.123438 0.216667
1 0.805469 0.880208 0.189063 0.231250
1 0.214844 0.955208 0.192188 0.089583
1 0.054688 0.297917 0.106250 0.229167
1 0.906250 0.414583 0.171875 0.241667
1 0.935156 0.069792 0.129688 0.135417
1 0.569531 0.052083 0.139063 0.104167
1 0.967188 0.898958 0.065625 0.202083
0 0.370313 0.461458 0.309375 0.431250
1 0.195312 0.291667 0.128125 0.204167
1 0.069531 0.887500 0.135937 0.216667
1 0.645312 0.633333 0.190625 0.220833
1 0.491406 0.709375 0.170313 0.227083
1 0.077344 0.091667 0.154688 0.179167
1 0.758594 0.235417 0.173438 0.245833
1 0.944531 0.264583 0.104688 0.225000
1 0.467187 0.164583 0.137500 0.195833
1 0.185938 0.611458 0.162500 0.218750
1 0.061719 0.595833 0.123438 0.216667
1 0.805469 0.880208 0.189063 0.231250
1 0.214844 0.955208 0.192188 0.089583
1 0.054688 0.297917 0.106250 0.229167
1 0.906250 0.414583 0.171875 0.241667
1 0.935156 0.069792 0.129688 0.135417
1 0.569531 0.052083 0.139063 0.104167
1 0.967188 0.898958 0.065625 0.202083
0 0.370313 0.461458 0.309375 0.431250
1 0.195312 0.291667 0.128125 0.204167
1 0.069531 0.887500 0.135937 0.216667
1 0.645312 0.633333 0.190625 0.220833
1 0.491406 0.709375 0.170313 0.227083
1 0.077344 0.091667 0.154688 0.179167
1 0.758594 0.235417 0.173438 0.245833
1 0.944531 0.264583 0.104688 0.225000
1 0.467187 0.164583 0.137500 0.195833
1 0.185938 0.611458 0.162500 0.218750
1 0.061719 0.595833 0.123438 0.216667
1 0.805469 0.880208 0.189063 0.231250
1 0.214844 0.955208 0.192188 0.089583
1 0.054688 0.297917 0.106250 0.229167
1 0.906250 0.414583 0.171875 0.241667
1 0.935156 0.069792 0.129688 0.135417
1 0.569531 0.052083 0.139063 0.104167
1 0.967188 0.898958 0.065625 0.202083
0 0.370313 0.461458 0.309375 0.431250
1 0.195312 0.291667 0.128125 0.204167
1 0.069531 0.887500 0.135937 0.216667
1 0.645312 0.633333 0.190625 0.220833
1 0.491406 0.709375 0.170313 0.227083
1 0.077344 0.091667 0.154688 0.179167
1 0.758594 0.235417 0.173438 0.245833
1 0.944531 0.264583 0.104688 0.225000
1 0.467187 0.164583 0.137500 0.195833
1 0.185938 0.611458 0.162500 0.218750
1 0.061719 0.595833 0.123438 0.216667
1 0.805469 0.880208 0.189063 0.231250
1 0.214844 0.955208 0.192188 0.089583
1 0.054688 0.297917 0.106250 0.229167
1 0.906250 0.414583 0.171875 0.241667
1 0.935156 0.069792 0.129688 0.135417
1 0.569531 0.052083 0.139063 0.104167
1 0.967188 0.898958 0.065625 0.202083
0 0.370313 0.461458 0.309375 0.431250
1 0.195312 0.291667 0.128125 0.204167
1 0.069531 0.887500 0.135937 0.216667
1 0.645312 0.633333 0.190625 0.220833
1 0.491406 0.709375 0.170313 0.227083
1 0.077344 0.091667 0.154688 0.179167
1 0.758594 0.235417 0.173438 0.245833
1 0.944531 0.264583 0.104688 0.225000
1 0.467187 0.164583 0.137500 0.195833
1 0.185938 0.611458 0.162500 0.218750
1 0.061719 0.595833 0.123438 0.216667
1 0.805469 0.880208 0.189063 0.231250
1 0.214844 0.955208 0.192188 0.089583
1 0.054688 0.297917 0.106250 0.229167
1 0.906250 0.414583 0.171875 0.241667
1 0.935156 0.069792 0.129688 0.135417
1 0.569531 0.052083 0.139063 0.104167
1 0.967188 0.898958 0.065625 0.202083
0 0.370313 0.461458 0.309375 0.431250
1 0.195312 0.291667 0.128125 0.204167
1 0.069531 0.887500 0.135937 0.216667
1 0.645312 0.633333 0.190625 0.220833
1 0.491406 0.709375 0.170313 0.227083
1 0.077344 0.091667 0.154688 0.179167
1 0.758594 0.235417 0.173438 0.245833
1 0.944531 0.264583 0.104688 0.225000
1 0.467187 0.164583 0.137500 0.195833
1 0.185938 0.611458 0.162500 0.218750
1 0.061719 0.595833 0.123438 0.216667
1 0.805469 0.880208 0.189063 0.231250
1 0.214844 0.955208 0.192188 0.089583
1 0.054688 0.297917 0.106250 0.229167
1 0.906250 0.414583 0.171875 0.241667
1 0.935156 0.069792 0.129688 0.135417
1 0.569531 0.052083 0.139063 0.104167
1 0.967188 0.898958 0.065625 0.202083
0 0.370313 0.461458 0.309375 0.431250
1 0.195312 0.291667 0.128125 0.204167
1 0.069531 0.887500 0.135937 0.216667
1 0.645312 0.633333 0.190625 0.220833
1 0.491406 0.709375 0.170313 0.227083
1 0.077344 0.091667 0.154688 0.179167
1 0.758594 0.235417 0.173438 0.245833
1 0.944531 0.264583 0.104688 0.225000
1 0.467187 0.164583 0.137500 0.195833
1 0.185938 0.611458 0.162500 0.218750
1 0.061719 0.595833 0.123438 0.216667
1 0.805469 0.880208 0.189063 0.231250
1 0.214844 0.955208 0.192188 0.089583
1 0.054688 0.297917 0.106250 0.229167
1 0.906250 0.414583 0.171875 0.241667
1 0.935156 0.069792 0.129688 0.135417
1 0.569531 0.052083 0.139063 0.104167
1 0.967188 0.898958 0.065625 0.202083
0 0.370313 0.461458 0.309375 0.431250
1 0.195312 0.291667 0.128125 0.204167
1 0.069531 0.887500 0.135937 0.216667
1 0.645312 0.633333 0.190625 0.220833
1 0.491406 0.709375 0.170313 0.227083
1 0.077344 0.091667 0.154688 0.179167
1 0.758594 0.235417 0.173438 0.245833
1 0.944531 0.264583 0.104688 0.225000
1 0.467187 0.164583 0.137500 0.195833
1 0.185938 0.611458 0.162500 0.218750
1 0.061719 0.595833 0.123438 0.216667
1 0.805469 0.880208 0.189063 0.231250
1 0.214844 0.955208 0.192188 0.089583
1 0.054688 0.297917 0.106250 0.229167
1 0.906250 0.414583 0.171875 0.241667
1 0.935156 0.069792 0.129688 0.135417
1 0.569531 0.052083 0.139063 0.104167
1 0.967188 0.898958 0.065625 0.202083
0 0.370313 0.461458 0.309375 0.431250
1 0.195312 0.291667 0.128125 0.204167
1 0.069531 0.887500 0.135937 0.216667
1 0.645312 0.633333 0.190625 0.220833
1 0.491406 0.709375 0.170313 0.227083
