1 0.016406 0.503125 0.032813 0.210417
1 0.971875 0.782292 0.053125 0.193750
1 0.498437 0.968750 0.175000 0.062500
1 0.057813 0.864583 0.106250 0.212500
1 0.953906 0.218750 0.092188 0.245833
1 0.085938 0.133333 0.171875 0.266667
1 0.509375 0.743750 0.140625 0.191667
1 0.828125 0.938542 0.190625 0.118750
1 0.786719 0.725000 0.164062 0.225000
1 0.179688 0.768750 0.150000 0.208333
1 0.517969 0.425000 0.142188 0.191667
1 0.267188 0.445833 0.181250 0.216667
1 0.799219 0.353125 0.195312 0.222917
1 0.591406 0.255208 0.167187 0.214583
1 0.064844 0.667708 0.129688 0.164583
0 0.302344 0.171875 0.307813 0.335417
1 0.016406 0.503125 0.032813 0.210417
1 0.971875 0.782292 0.053125 0.193750
1 0.498437 0.968750 0.175000 0.062500
1 0.057813 0.864583 0.106250 0.212500
1 0.953906 0.218750 0.092188 0.245833
1 0.085938 0.133333 0.171875 0.266667
1 0.509375 0.743750 0.140625 0.191667
1 0.828125 0.938542 0.190625 0.118750
1 0.786719 0.725000 0.164062 0.225000
1 0.179688 0.768750 0.150000 0.208333
1 0.517969 0.425000 0.142188 0.191667
1 0.267188 0.445833 0.181250 0.216667
1 0.799219 0.353125 0.195312 0.222917
1 0.591406 0.255208 0.167187 0.214583
1 0.064844 0.667708 0.129688 0.164583
0 0.302344 0.171875 0.307813 0.335417
1 0.016406 0.503125 0.032813 0.210417
1 0.971875 0.782292 0.053125 0.193750
1 0.498437 0.968750 0.175000 0.062500
1 0.057813 0.864583 0.106250 0.212500
1 0.953906 0.218750 0.092188 0.245833
1 0.085938 0.133333 0.171875 0.266667
1 0.509375 0.743750 0.140625 0.191667
1 0.828125 0.938542 0.190625 0.118750
1 0.786719 0.725000 0.164062 0.225000
1 0.179688 0.768750 0.150000 0.208333
1 0.517969 0.425000 0.142188 0.191667
1 0.267188 0.445833 0.181250 0.216667
1 0.799219 0.353125 0.195312 0.222917
1 0.591406 0.255208 0.167187 0.214583
1 0.064844 0.667708 0.129688 0.164583
0 0.302344 0.171875 0.307813 0.335417
1 0.016406 0.503125 0.032813 0.210417
1 0.971875 0.782292 0.053125 0.193750
1 0.498437 0.968750 0.175000 0.062500
1 0.057813 0.864583 0.106250 0.212500
1 0.953906 0.218750 0.092188 0.245833
1 0.085938 0.133333 0.171875 0.266667
1 0.509375 0.743750 0.140625 0.191667
1 0.828125 0.938542 0.190625 0.118750
1 0.786719 0.725000 0.164062 0.225000
1 0.179688 0.768750 0.150000 0.208333
1 0.517969 0.425000 0.142188 0.191667
1 0.267188 0.445833 0.181250 0.216667
1 0.799219 0.353125 0.195312 0.222917
1 0.591406 0.255208 0.167187 0.214583
1 0.064844 0.667708 0.129688 0.164583
0 0.302344 0.171875 0.307813 0.335417
1 0.016406 0.503125 0.032813 0.210417
1 0.971875 0.782292 0.053125 0.193750
1 0.498437 0.968750 0.175000 0.062500
1 0.057813 0.864583 0.106250 0.212500
1 0.953906 0.218750 0.092188 0.245833
1 0.085938 0.133333 0.171875 0.266667
1 0.509375 0.743750 0.140625 0.191667
1 0.828125 0.938542 0.190625 0.118750
1 0.786719 0.725000 0.164062 0.225000
1 0.179688 0.768750 0.150000 0.208333
1 0.517969 0.425000 0.142188 0.191667
1 0.267188 0.445833 0.181250 0.216667
1 0.799219 0.353125 0.195312 0.222917
1 0.591406 0.255208 0.167187 0.214583
1 0.064844 0.667708 0.129688 0.164583
0 0.302344 0.171875 0.307813 0.335417
1 0.016406 0.503125 0.032813 0.210417
1 0.971875 0.782292 0.053125 0.193750
1 0.498437 0.968750 0.175000 0.062500
1 0.057813 0.864583 0.106250 0.212500
1 0.953906 0.218750 0.092188 0.245833
1 0.085938 0.133333 0.171875 0.266667
1 0.509375 0.743750 0.140625 0.191667
1 0.828125 0.938542 0.190625 0.118750
1 0.786719 0.725000 0.164062 0.225000
1 0.179688 0.768750 0.150000 0.208333
1 0.517969 0.425000 0.142188 0.191667
1 0.267188 0.445833 0.181250 0.216667
1 0.799219 0.353125 0.195312 0.222917
1 0.591406 0.255208 0.167187 0.214583
1 0.064844 0.667708 0.129688 0.164583
0 0.302344 0.171875 0.307813 0.335417
1 0.016406 0.503125 0.032813 0.210417
1 0.971875 0.782292 0.053125 0.193750
1 0.498437 0.968750 0.175000 0.062500
1 0.057813 0.864583 0.106250 0.212500
1 0.953906 0.218750 0.092188 0.245833
1 0.085938 0.133333 0.171875 0.266667
1 0.509375 0.743750 0.140625 0.191667
1 0.828125 0.938542 0.190625 0.118750
1 0.786719 0.725000 0.164062 0.225000
1 0.179688 0.768750 0.150000 0.208333
1 0.517969 0.425000 0.142188 0.191667
1 0.267188 0.445833 0.181250 0.216667
1 0.799219 0.353125 0.195312 0.222917
1 0.591406 0.255208 0.167187 0.214583
1 0.064844 0.667708 0.129688 0.164583
0 0.302344 0.171875 0.307813 0.335417
1 0.016406 0.503125 0.032813 0.210417
1 0.971875 0.782292 0.053125 0.193750
1 0.498437 0.968750 0.175000 0.062500
1 0.057813 0.864583 0.106250 0.212500
1 0.953906 0.218750 0.092188 0.245833
1 0.085938 0.133333 0.171875 0.266667
1 0.509375 0.743750 0.140625 0.191667
1 0.828125 0.938542 0.190625 0.118750
1 0.786719 0.725000 0.164062 0.225000
1 0.179688 0.768750 0.150000 0.208333
1 0.517969 0.425000 0.142188 0.191667
1 0.267188 0.445833 0.181250 0.216667
1 0.799219 0.353125 0.195312 0.222917
1 0.591406 0.255208 0.167187 0.214583
1 0.064844 0.667708 0.129688 0.164583
0 0.302344 0.171875 0.307813 0.335417
1 0.016406 0.503125 0.032813 0.210417
1 0.971875 0.782292 0.053125 0.193750
1 0.498437 0.968750 0.175000 0.062500
1 0.057813 0.864583 0.106250 0.212500
1 0.953906 0.218750 0.092188 0.245833
1 0.085938 0.133333 0.171875 0.266667
1 0.509375 0.743750 0.140625 0.191667
1 0.828125 0.938542 0.190625 0.118750
1 0.786719 0.725000 0.164062 0.225000
1 0.179688 0.768750 0.150000 0.208333
1 0.517969 0.425000 0.142188 0.191667
1 0.267188 0.445833 0.181250 0.216667
1 0.799219 0.353125 0.195312 0.222917
1 0.591406 0.255208 0.167187 0.214583
1 0.064844 0.667708 0.129688 0.164583
0 0.302344 0.171875 0.307813 0.335417
1 0.016406 0.503125 0.032813 0.210417
1 0.971875 0.782292 0.053125 0.193750
1 0.498437 0.968750 0.175000 0.062500
1 0.057813 0.864583 0.106250 0.212500
1 0.953906 0.218750 0.092188 0.245833
1 0.085938 0.133333 0.171875 0.266667
1 0.509375 0.743750 0.140625 0.191667
1 0.828125 0.938542 0.190625 0.118750
1 0.786719 0.725000 0.164062 0.225000
1 0.179688 0.768750 0.150000 0.208333
1 0.517969 0.425000 0.142188 0.191667
1 0.267188 0.445833 0.181250 0.216667
1 0.799219 0.353125 0.195312 0.222917
1 0.591406 0.255208 0.167187 0.214583
1 0.064844 0.667708 0.129688 0.164583
0 0.302344 0.171875 0.307813 0.335417
1 0.016406 0.503125 0.032813 0.210417
1 0.971875 0.782292 0.053125 0.193750
1 0.498437 0.968750 0.175000 0.062500
1 0.057813 0.864583 0.106250 0.212500
1 0.953906 0.218750 0.092188 0.245833
1 0.085938 0.133333 0.171875 0.266667
1 0.509375 0.743750 0.140625 0.191667
1 0.828125 0.938542 0.190625 0.118750
1 0.786719 0.725000 0.164062 0.225000
1 0.179688 0.768750 0.150000 0.208333
1 0.517969 0.425000 0.142188 0.191667
1 0.267188 0.445833 0.181250 0.216667
1 0.799219 0.353125 0.195312 0.222917
1 0.591406 0.255208 0.167187 0.214583
1 0.064844 0.667708 0.129688 0.164583
0 0.302344 0.171875 0.307813 0.335417
1 0.016406 0.503125 0.032813 0.210417
1 0.971875 0.782292 0.053125 0.193750
1 0.498437 0.968750 0.175000 0.062500
1 0.057813 0.864583 0.106250 0.212500
1 0.953906 0.218750 0.092188 0.245833
1 0.085938 0.133333 0.171875 0.266667
1 0.509375 0.743750 0.140625 0.191667
1 0.828125 0.938542 0.190625 0.118750
1 0.786719 0.725000 0.164062 0.225000
1 0.179688 0.768750 0.150000 0.208333
1 0.517969 0.425000 0.142188 0.191667
1 0.267188 0.445833 0.181250 0.216667
1 0.799219 0.353125 0.195312 0.222917
1 0.591406 0.255208 0.167187 0.214583
1 0.064844 0.667708 0.129688 0.164583
0 0.302344 0.171875 0.307813 0.335417
1 0.016406 0.503125 0.032813 0.210417
1 0.971875 0.782292 0.053125 0.193750
1 0.498437 0.968750 0.175000 0.062500
1 0.057813 0.864583 0.106250 0.212500
1 0.953906 0.218750 0.092188 0.245833
1 0.085938 0.133333 0.171875 0.266667
1 0.509375 0.743750 0.140625 0.191667
1 0.828125 0.938542 0.190625 0.118750
1 0.786719 0.725000 0.164062 0.225000
1 0.179688 0.768750 0.150000 0.208333
1 0.517969 0.425000 0.142188 0.191667
1 0.267188 0.445833 0.181250 0.216667
1 0.799219 0.353125 0.195312 0.222917
1 0.591406 0.255208 0.167187 0.214583
1 0.064844 0.667708 0.129688 0.164583
0 0.302344 0.171875 0.307813 0.335417
1 0.016406 0.503125 0.032813 0.210417
1 0.971875 0.782292 0.053125 0.193750
1 0.498437 0.968750 0.175000 0.062500
1 0.057813 0.864583 0.106250 0.212500
1 0.953906 0.218750 0.092188 0.245833
1 0.085938 0.133333 0.171875 0.266667
1 0.509375 0.743750 0.140625 0.191667
1 0.828125 0.938542 0.190625 0.118750
1 0.786719 0.725000 0.164062 0.225000
1 0.179688 0.768750 0.150000 0.208333
1 0.517969 0.425000 0.142188 0.191667
1 0.267188 0.445833 0.181250 0.216667
1 0.799219 0.353125 0.195312 0.222917
1 0.591406 0.255208 0.167187 0.214583
1 0.064844 0.667708 0.129688 0.164583
0 0.302344 0.171875 0.307813 0.335417
1 0.016406 0.503125 0.032813 0.210417
1 0.971875 0.782292 0.053125 0.193750
1 0.498437 0.968750 0.175000 0.062500
1 0.057813 0.864583 0.106250 0.212500
1 0.953906 0.218750 0.092188 0.245833
1 0.085938 0.133333 0.171875 0.266667
1 0.509375 0.743750 0.140625 0.191667
1 0.828125 0.938542 0.190625 0.118750
1 0.786719 0.725000 0.164062 0.225000
1 0.179688 0.768750 0.150000 0.208333
1 0.517969 0.425000 0.142188 0.191667
1 0.267188 0.445833 0.181250 0.216667
1 0.799219 0.353125 0.195312 0.222917
1 0.591406 0.255208 0.167187 0.214583
1 0.064844 0.667708 0.129688 0.164583
0 0.302344 0.171875 0.307813 0.335417
1 0.016406 0.503125 0.032813 0.210417
1 0.971875 0.782292 0.053125 0.193750
1 0.498437 0.968750 0.175000 0.062500
1 0.057813 0.864583 0.106250 0.212500
1 0.953906 0.218750 0.092188 0.245833
1 0.085938 0.133333 0.171875 0.266667
1 0.509375 0.743750 0.140625 0.191667
1 0.828125 0.938542 0.190625 0.118750
1 0.786719 0.725000 0.164062 0.225000
1 0.179688 0.768750 0.150000 0.208333
1 0.517969 0.425000 0.142188 0.191667
1 0.267188 0.445833 0.181250 0.216667
1 0.799219 0.353125 0.195312 0.222917
1 0.591406 0.255208 0.167187 0.214583
1 0.064844 0.667708 0.129688 0.164583
0 0.302344 0.171875 0.307813 0.335417
