1 0.020313 0.851042 0.040625 0.252083
1 0.711719 0.933333 0.157813 0.133333
2 0.135156 0.265625 0.067188 0.089583
1 0.075781 0.968750 0.151562 0.062500
1 0.291406 0.615625 0.120313 0.193750
1 0.881250 0.308333 0.168750 0.216667
1 0.496875 0.673958 0.165625 0.227083
1 0.421875 0.965625 0.178125 0.068750
1 0.951563 0.132292 0.093750 0.206250
1 0.964844 0.421875 0.070312 0.185417
2 0.216406 0.088542 0.076563 0.097917
1 0.128906 0.832292 0.170313 0.197917
2 0.705469 0.542708 0.095312 0.127083
1 0.266406 0.778125 0.154688 0.222917
1 0.723437 0.082292 0.225000 0.164583
1 0.638281 0.703125 0.176563 0.193750
1 0.104688 0.169792 0.162500 0.214583
1 0.364844 0.107292 0.192188 0.214583
1 0.133594 0.448958 0.173438 0.193750
1 0.907031 0.545833 0.170313 0.170833
1 0.614062 0.229167 0.196875 0.220833
1 0.462500 0.825000 0.162500 0.212500
0 0.862500 0.789583 0.275000 0.420833
1 0.020313 0.851042 0.040625 0.252083
1 0.711719 0.933333 0.157813 0.133333
2 0.135156 0.265625 0.067188 0.089583
1 0.075781 0.968750 0.151562 0.062500
1 0.291406 0.615625 0.120313 0.193750
1 0.881250 0.308333 0.168750 0.216667
1 0.496875 0.673958 0.165625 0.227083
1 0.421875 0.965625 0.178125 0.068750
1 0.951563 0.132292 0.093750 0.206250
1 0.964844 0.421875 0.070312 0.185417
2 0.216406 0.088542 0.076563 0.097917
1 0.128906 0.832292 0.170313 0.197917
2 0.705469 0.542708 0.095312 0.127083
1 0.266406 0.778125 0.154688 0.222917
1 0.723437 0.082292 0.225000 0.164583
1 0.638281 0.703125 0.176563 0.193750
1 0.104688 0.169792 0.162500 0.214583
1 0.364844 0.107292 0.192188 0.214583
1 0.133594 0.448958 0.173438 0.193750
1 0.907031 0.545833 0.170313 0.170833
1 0.614062 0.229167 0.196875 0.220833
1 0.462500 0.825000 0.162500 0.212500
0 0.862500 0.789583 0.275000 0.420833
1 0.020313 0.851042 0.040625 0.252083
1 0.711719 0.933333 0.157813 0.133333
2 0.135156 0.265625 0.067188 0.089583
1 0.075781 0.968750 0.151562 0.062500
1 0.291406 0.615625 0.120313 0.193750
1 0.881250 0.308333 0.168750 0.216667
1 0.496875 0.673958 0.165625 0.227083
1 0.421875 0.965625 0.178125 0.068750
1 0.951563 0.132292 0.093750 0.206250
1 0.964844 0.421875 0.070312 0.185417
2 0.216406 0.088542 0.076563 0.097917
1 0.128906 0.832292 0.170313 0.197917
2 0.705469 0.542708 0.095312 0.127083
1 0.266406 0.778125 0.154688 0.222917
1 0.723437 0.082292 0.225000 0.164583
1 0.638281 0.703125 0.176563 0.193750
1 0.104688 0.169792 0.162500 0.214583
1 0.364844 0.107292 0.192188 0.214583
1 0.133594 0.448958 0.173438 0.193750
1 0.907031 0.545833 0.170313 0.170833
1 0.614062 0.229167 0.196875 0.220833
1 0.462500 0.825000 0.162500 0.212500
0 0.862500 0.789583 0.275000 0.420833
1 0.020313 0.851042 0.040625 0.252083
1 0.711719 0.933333 0.157813 0.133333
2 0.135156 0.265625 0.067188 0.089583
1 0.075781 0.968750 0.151562 0.062500
1 0.291406 0.615625 0.120313 0.193750
1 0.881250 0.308333 0.168750 0.216667
1 0.496875 0.673958 0.165625 0.227083
1 0.421875 0.965625 0.178125 0.068750
1 0.951563 0.132292 0.093750 0.206250
1 0.964844 0.421875 0.070312 0.185417
2 0.216406 0.088542 0.076563 0.097917
1 0.128906 0.832292 0.170313 0.197917
2 0.705469 0.542708 0.095312 0.127083
1 0.266406 0.778125 0.154688 0.222917
1 0.723437 0.082292 0.225000 0.164583
1 0.638281 0.703125 0.176563 0.193750
1 0.104688 0.169792 0.162500 0.214583
1 0.364844 0.107292 0.192188 0.214583
1 0.133594 0.448958 0.173438 0.193750
1 0.907031 0.545833 0.170313 0.170833
1 0.614062 0.229167 0.196875 0.220833
1 0.462500 0.825000 0.162500 0.212500
0 0.862500 0.789583 0.275000 0.420833
1 0.020313 0.851042 0.040625 0.252083
1 0.711719 0.933333 0.157813 0.133333
2 0.135156 0.265625 0.067188 0.089583
1 0.075781 0.968750 0.151562 0.062500
1 0.291406 0.615625 0.120313 0.193750
1 0.881250 0.308333 0.168750 0.216667
1 0.496875 0.673958 0.165625 0.227083
1 0.421875 0.965625 0.178125 0.068750
1 0.951563 0.132292 0.093750 0.206250
1 0.964844 0.421875 0.070312 0.185417
2 0.216406 0.088542 0.076563 0.097917
1 0.128906 0.832292 0.170313 0.197917
2 0.705469 0.542708 0.095312 0.127083
1 0.266406 0.778125 0.154688 0.222917
1 0.723437 0.082292 0.225000 0.164583
1 0.638281 0.703125 0.176563 0.193750
1 0.104688 0.169792 0.162500 0.214583
1 0.364844 0.107292 0.192188 0.214583
1 0.133594 0.448958 0.173438 0.193750
1 0.907031 0.545833 0.170313 0.170833
1 0.614062 0.229167 0.196875 0.220833
1 0.462500 0.825000 0.162500 0.212500
0 0.862500 0.789583 0.275000 0.420833
1 0.020313 0.851042 0.040625 0.252083
1 0.711719 0.933333 0.157813 0.133333
2 0.135156 0.265625 0.067188 0.089583
1 0.075781 0.968750 0.151562 0.062500
1 0.291406 0.615625 0.120313 0.193750
1 0.881250 0.308333 0.168750 0.216667
1 0.496875 0.673958 0.165625 0.227083
1 0.421875 0.965625 0.178125 0.068750
1 0.951563 0.132292 0.093750 0.206250
1 0.964844 0.421875 0.070312 0.185417
2 0.216406 0.088542 0.076563 0.097917
1 0.128906 0.832292 0.170313 0.197917
2 0.705469 0.542708 0.095312 0.127083
1 0.266406 0.778125 0.154688 0.222917
1 0.723437 0.082292 0.225000 0.164583
1 0.638281 0.703125 0.176563 0.193750
1 0.104688 0.169792 0.162500 0.214583
1 0.364844 0.107292 0.192188 0.214583
1 0.133594 0.448958 0.173438 0.193750
1 0.907031 0.545833 0.170313 0.170833
1 0.614062 0.229167 0.196875 0.220833
1 0.462500 0.825000 0.162500 0.212500
0 0.862500 0.789583 0.275000 0.420833
1 0.020313 0.851042 0.040625 0.252083
1 0.711719 0.933333 0.157813 0.133333
2 0.135156 0.265625 0.067188 0.089583
1 0.075781 0.968750 0.151562 0.062500
1 0.291406 0.615625 0.120313 0.193750
1 0.881250 0.308333 0.168750 0.216667
1 0.496875 0.673958 0.165625 0.227083
1 0.421875 0.965625 0.178125 0.068750
1 0.951563 0.132292 0.093750 0.206250
1 0.964844 0.421875 0.070312 0.185417
2 0.216406 0.088542 0.076563 0.097917
1 0.128906 0.832292 0.170313 0.197917
2 0.705469 0.542708 0.095312 0.127083
1 0.266406 0.778125 0.154688 0.222917
1 0.723437 0.082292 0.225000 0.164583
1 0.638281 0.703125 0.176563 0.193750
1 0.104688 0.169792 0.162500 0.214583
1 0.364844 0.107292 0.192188 0.214583
1 0.133594 0.448958 0.173438 0.193750
1 0.907031 0.545833 0.170313 0.170833
1 0.614062 0.229167 0.196875 0.220833
1 0.462500 0.825000 0.162500 0.212500
0 0.862500 0.789583 0.275000 0.420833
1 0.020313 0.851042 0.040625 0.252083
1 0.711719 0.933333 0.157813 0.133333
2 0.135156 0.265625 0.067188 0.089583
1 0.075781 0.968750 0.151562 0.062500
1 0.291406 0.615625 0.120313 0.193750
1 0.881250 0.308333 0.168750 0.216667
1 0.496875 0.673958 0.165625 0.227083
1 0.421875 0.965625 0.178125 0.068750
1 0.951563 0.132292 0.093750 0.206250
1 0.964844 0.421875 0.070312 0.185417
2 0.216406 0.088542 0.076563 0.097917
1 0.128906 0.832292 0.170313 0.197917
2 0.705469 0.542708 0.095312 0.127083
1 0.266406 0.778125 0.154688 0.222917
1 0.723437 0.082292 0.225000 0.164583
1 0.638281 0.703125 0.176563 0.193750
1 0.104688 0.169792 0.162500 0.214583
1 0.364844 0.107292 0.192188 0.214583
1 0.133594 0.448958 0.173438 0.193750
1 0.907031 0.545833 0.170313 0.170833
1 0.614062 0.229167 0.196875 0.220833
1 0.462500 0.825000 0.162500 0.212500
0 0.862500 0.789583 0.275000 0.420833
1 0.020313 0.851042 0.040625 0.252083
1 0.711719 0.933333 0.157813 0.133333
2 0.135156 0.265625 0.067188 0.089583
1 0.075781 0.968750 0.151562 0.062500
1 0.291406 0.615625 0.120313 0.193750
1 0.881250 0.308333 0.168750 0.216667
1 0.496875 0.673958 0.165625 0.227083
1 0.421875 0.965625 0.178125 0.068750
1 0.951563 0.132292 0.093750 0.206250
1 0.964844 0.421875 0.070312 0.185417
2 0.216406 0.088542 0.076563 0.097917
1 0.128906 0.832292 0.170313 0.197917
2 0.705469 0.542708 0.095312 0.127083
1 0.266406 0.778125 0.154688 0.222917
1 0.723437 0.082292 0.225000 0.164583
1 0.638281 0.703125 0.176563 0.193750
1 0.104688 0.169792 0.162500 0.214583
1 0.364844 0.107292 0.192188 0.214583
1 0.133594 0.448958 0.173438 0.193750
1 0.907031 0.545833 0.170313 0.170833
1 0.614062 0.229167 0.196875 0.220833
1 0.462500 0.825000 0.162500 0.212500
0 0.862500 0.789583 0.275000 0.420833
1 0.020313 0.851042 0.040625 0.252083
1 0.711719 0.933333 0.157813 0.133333
2 0.135156 0.265625 0.067188 0.089583
1 0.075781 0.968750 0.151562 0.062500
1 0.291406 0.615625 0.120313 0.193750
1 0.881250 0.308333 0.168750 0.216667
1 0.496875 0.673958 0.165625 0.227083
1 0.421875 0.965625 0.178125 0.068750
1 0.951563 0.132292 0.093750 0.206250
1 0.964844 0.421875 0.070312 0.185417
2 0.216406 0.088542 0.076563 0.097917
1 0.128906 0.832292 0.170313 0.197917
2 0.705469 0.542708 0.095312 0.127083
1 0.266406 0.778125 0.154688 0.222917
1 0.723437 0.082292 0.225000 0.164583
1 0.638281 0.703125 0.176563 0.193750
1 0.104688 0.169792 0.162500 0.214583
1 0.364844 0.107292 0.192188 0.214583
1 0.133594 0.448958 0.173438 0.193750
1 0.907031 0.545833 0.170313 0.170833
1 0.614062 0.229167 0.196875 0.220833
1 0.462500 0.825000 0.162500 0.212500
0 0.862500 0.789583 0.275000 0.420833
1 0.020313 0.851042 0.040625 0.252083
1 0.711719 0.933333 0.157813 0.133333
2 0.135156 0.265625 0.067188 0.089583
1 0.075781 0.968750 0.151562 0.062500
1 0.291406 0.615625 0.120313 0.193750
1 0.881250 0.308333 0.168750 0.216667
1 0.496875 0.673958 0.165625 0.227083
1 0.421875 0.965625 0.178125 0.068750
1 0.951563 0.132292 0.093750 0.206250
1 0.964844 0.421875 0.070312 0.185417
2 0.216406 0.088542 0.076563 0.097917
1 0.128906 0.832292 0.170313 0.197917
2 0.705469 0.542708 0.095312 0.127083
1 0.266406 0.778125 0.154688 0.222917
1 0.723437 0.082292 0.225000 0.164583
1 0.638281 0.703125 0.176563 0.193750
1 0.104688 0.169792 0.162500 0.214583
1 0.364844 0.107292 0.192188 0.214583
1 0.133594 0.448958 0.173438 0.193750
1 0.907031 0.545833 0.170313 0.170833
1 0.614062 0.229167 0.196875 0.220833
1 0.462500 0.825000 0.162500 0.212500
0 0.862500 0.789583 0.275000 0.420833
1 0.020313 0.851042 0.040625 0.252083
1 0.711719 0.933333 0.157813 0.133333
2 0.135156 0.265625 0.067188 0.089583
1 0.075781 0.968750 0.151562 0.062500
1 0.291406 0.615625 0.120313 0.193750
1 0.881250 0.308333 0.168750 0.216667
1 0.496875 0.673958 0.165625 0.227083
1 0.421875 0.965625 0.178125 0.068750
1 0.951563 0.132292 0.093750 0.206250
1 0.964844 0.421875 0.070312 0.185417
2 0.216406 0.088542 0.076563 0.097917
1 0.128906 0.832292 0.170313 0.197917
2 0.705469 0.542708 0.095312 0.127083
1 0.266406 0.778125 0.154688 0.222917
1 0.723437 0.082292 0.225000 0.164583
1 0.638281 0.703125 0.176563 0.193750
1 0.104688 0.169792 0.162500 0.214583
1 0.364844 0.107292 0.192188 0.214583
1 0.133594 0.448958 0.173438 0.193750
1 0.907031 0.545833 0.170313 0.170833
1 0.614062 0.229167 0.196875 0.220833
1 0.462500 0.825000 0.162500 0.212500
0 0.862500 0.789583 0.275000 0.420833
1 0.020313 0.851042 0.040625 0.252083
1 0.711719 0.933333 0.157813 0.133333
2 0.135156 0.265625 0.067188 0.089583
1 0.075781 0.968750 0.151562 0.062500
1 0.291406 0.615625 0.120313 0.193750
1 0.881250 0.308333 0.168750 0.216667
1 0.496875 0.673958 0.165625 0.227083
1 0.421875 0.965625 0.178125 0.068750
1 0.951563 0.132292 0.093750 0.206250
1 0.964844 0.421875 0.070312 0.185417
2 0.216406 0.088542 0.076563 0.097917
1 0.128906 0.832292 0.170313 0.197917
2 0.705469 0.542708 0.095312 0.127083
1 0.266406 0.778125 0.154688 0.222917
1 0.723437 0.082292 0.225000 0.164583
1 0.638281 0.703125 0.176563 0.193750
1 0.104688 0.169792 0.162500 0.214583
1 0.364844 0.107292 0.192188 0.214583
1 0.133594 0.448958 0.173438 0.193750
1 0.907031 0.545833 0.170313 0.170833
1 0.614062 0.229167 0.196875 0.220833
1 0.462500 0.825000 0.162500 0.212500
0 0.862500 0.789583 0.275000 0.420833
1 0.020313 0.851042 0.040625 0.252083
1 0.711719 0.933333 0.157813 0.133333
2 0.135156 0.265625 0.067188 0.089583
1 0.075781 0.968750 0.151562 0.062500
1 0.291406 0.615625 0.120313 0.193750
1 0.881250 0.308333 0.168750 0.216667
1 0.496875 0.673958 0.165625 0.227083
1 0.421875 0.965625 0.178125 0.068750
1 0.951563 0.132292 0.093750 0.206250
1 0.964844 0.421875 0.070312 0.185417
2 0.216406 0.088542 0.076563 0.097917
1 0.128906 0.832292 0.170313 0.197917
2 0.705469 0.542708 0.095312 0.127083
1 0.266406 0.778125 0.154688 0.222917
1 0.723437 0.082292 0.225000 0.164583
1 0.638281 0.703125 0.176563 0.193750
1 0.104688 0.169792 0.162500 0.214583
1 0.364844 0.107292 0.192188 0.214583
1 0.133594 0.448958 0.173438 0.193750
1 0.907031 0.545833 0.170313 0.170833
1 0.614062 0.229167 0.196875 0.220833
1 0.462500 0.825000 0.162500 0.212500
0 0.862500 0.789583 0.275000 0.420833
1 0.020313 0.851042 0.040625 0.252083
1 0.711719 0.933333 0.157813 0.133333
2 0.135156 0.265625 0.067188 0.089583
1 0.075781 0.968750 0.151562 0.062500
1 0.291406 0.615625 0.120313 0.193750
1 0.881250 0.308333 0.168750 0.216667
1 0.496875 0.673958 0.165625 0.227083
1 0.421875 0.965625 0.178125 0.068750
1 0.951563 0.132292 0.093750 0.206250
1 0.964844 0.421875 0.070312 0.185417
2 0.216406 0.088542 0.076563 0.097917
1 0.128906 0.832292 0.170313 0.197917
2 0.705469 0.542708 0.095312 0.127083
1 0.266406 0.778125 0.154688 0.222917
1 0.723437 0.082292 0.225000 0.164583
1 0.638281 0.703125 0.176563 0.193750
1 0.104688 0.169792 0.162500 0.214583
1 0.364844 0.107292 0.192188 0.214583
1 0.133594 0.448958 0.173438 0.193750
1 0.907031 0.545833 0.170313 0.170833
1 0.614062 0.229167 0.196875 0.220833
1 0.462500 0.825000 0.162500 0.212500
0 0.862500 0.789583 0.275000 0.420833
1 0.020313 0.851042 0.040625 0.252083
1 0.711719 0.933333 0.157813 0.133333
2 0.135156 0.265625 0.067188 0.089583
1 0.075781 0.968750 0.151562 0.062500
1 0.291406 0.615625 0.120313 0.193750
1 0.881250 0.308333 0.168750 0.216667
1 0.496875 0.673958 0.165625 0.227083
1 0.421875 0.965625 0.178125 0.068750
1 0.951563 0.132292 0.093750 0.206250
1 0.964844 0.421875 0.070312 0.185417
2 0.216406 0.088542 0.076563 0.097917
1 0.128906 0.832292 0.170313 0.197917
2 0.705469 0.542708 0.095312 0.127083
1 0.266406 0.778125 0.154688 0.222917
1 0.723437 0.082292 0.225000 0.164583
1 0.638281 0.703125 0.176563 0.193750
1 0.104688 0.169792 0.162500 0.214583
1 0.364844 0.107292 0.192188 0.214583
1 0.133594 0.448958 0.173438 0.193750
1 0.907031 0.545833 0.170313 0.170833
1 0.614062 0.229167 0.196875 0.220833
1 0.462500 0.825000 0.162500 0.212500
0 0.862500 0.789583 0.275000 0.420833
1 0.020313 0.851042 0.040625 0.252083
1 0.711719 0.933333 0.157813 0.133333
2 0.135156 0.265625 0.067188 0.089583
1 0.075781 0.968750 0.151562 0.062500
1 0.291406 0.615625 0.120313 0.193750
1 0.881250 0.308333 0.168750 0.216667
1 0.496875 0.673958 0.165625 0.227083
1 0.421875 0.965625 0.178125 0.068750
1 0.951563 0.132292 0.093750 0.206250
1 0.964844 0.421875 0.070312 0.185417
2 0.216406 0.088542 0.076563 0.097917
1 0.128906 0.832292 0.170313 0.197917
2 0.705469 0.542708 0.095312 0.127083
1 0.266406 0.778125 0.154688 0.222917
1 0.723437 0.082292 0.225000 0.164583
1 0.638281 0.703125 0.176563 0.193750
1 0.104688 0.169792 0.162500 0.214583
1 0.364844 0.107292 0.192188 0.214583
1 0.133594 0.448958 0.173438 0.193750
1 0.907031 0.545833 0.170313 0.170833
1 0.614062 0.229167 0.196875 0.220833
1 0.462500 0.825000 0.162500 0.212500
0 0.862500 0.789583 0.275000 0.420833
1 0.020313 0.851042 0.040625 0.252083
1 0.711719 0.933333 0.157813 0.133333
2 0.135156 0.265625 0.067188 0.089583
1 0.075781 0.968750 0.151562 0.062500
1 0.291406 0.615625 0.120313 0.193750
1 0.881250 0.308333 0.168750 0.216667
1 0.496875 0.673958 0.165625 0.227083
1 0.421875 0.965625 0.178125 0.068750
1 0.951563 0.132292 0.093750 0.206250
1 0.964844 0.421875 0.070312 0.185417
2 0.216406 0.088542 0.076563 0.097917
1 0.128906 0.832292 0.170313 0.197917
2 0.705469 0.542708 0.095312 0.127083
1 0.266406 0.778125 0.154688 0.222917
1 0.723437 0.082292 0.225000 0.164583
1 0.638281 0.703125 0.176563 0.193750
1 0.104688 0.169792 0.162500 0.214583
1 0.364844 0.107292 0.192188 0.214583
1 0.133594 0.448958 0.173438 0.193750
1 0.907031 0.545833 0.170313 0.170833
1 0.614062 0.229167 0.196875 0.220833
1 0.462500 0.825000 0.162500 0.212500
0 0.862500 0.789583 0.275000 0.420833
1 0.020313 0.851042 0.040625 0.252083
1 0.711719 0.933333 0.157813 0.133333
2 0.135156 0.265625 0.067188 0.089583
1 0.075781 0.968750 0.151562 0.062500
1 0.291406 0.615625 0.120313 0.193750
1 0.881250 0.308333 0.168750 0.216667
1 0.496875 0.673958 0.165625 0.227083
1 0.421875 0.965625 0.178125 0.068750
1 0.951563 0.132292 0.093750 0.206250
1 0.964844 0.421875 0.070312 0.185417
2 0.216406 0.088542 0.076563 0.097917
1 0.128906 0.832292 0.170313 0.197917
2 0.705469 0.542708 0.095312 0.127083
1 0.266406 0.778125 0.154688 0.222917
1 0.723437 0.082292 0.225000 0.164583
1 0.638281 0.703125 0.176563 0.193750
1 0.104688 0.169792 0.162500 0.214583
1 0.364844 0.107292 0.192188 0.214583
1 0.133594 0.448958 0.173438 0.193750
1 0.907031 0.545833 0.170313 0.170833
1 0.614062 0.229167 0.196875 0.220833
1 0.462500 0.825000 0.162500 0.212500
0 0.862500 0.789583 0.275000 0.420833
1 0.020313 0.851042 0.040625 0.252083
1 0.711719 0.933333 0.157813 0.133333
2 0.135156 0.265625 0.067188 0.089583
1 0.075781 0.968750 0.151562 0.062500
1 0.291406 0.615625 0.120313 0.193750
1 0.881250 0.308333 0.168750 0.216667
1 0.496875 0.673958 0.165625 0.227083
1 0.421875 0.965625 0.178125 0.068750
1 0.951563 0.132292 0.093750 0.206250
1 0.964844 0.421875 0.070312 0.185417
2 0.216406 0.088542 0.076563 0.097917
1 0.128906 0.832292 0.170313 0.197917
2 0.705469 0.542708 0.095312 0.127083
1 0.266406 0.778125 0.154688 0.222917
1 0.723437 0.082292 0.225000 0.164583
1 0.638281 0.703125 0.176563 0.193750
1 0.104688 0.169792 0.162500 0.214583
1 0.364844 0.107292 0.192188 0.214583
1 0.133594 0.448958 0.173438 0.193750
1 0.907031 0.545833 0.170313 0.170833
1 0.614062 0.229167 0.196875 0.220833
1 0.462500 0.825000 0.162500 0.212500
0 0.862500 0.789583 0.275000 0.420833
1 0.020313 0.851042 0.040625 0.252083
1 0.711719 0.933333 0.157813 0.133333
2 0.135156 0.265625 0.067188 0.089583
1 0.075781 0.968750 0.151562 0.062500
1 0.291406 0.615625 0.120313 0.193750
1 0.881250 0.308333 0.168750 0.216667
1 0.496875 0.673958 0.165625 0.227083
1 0.421875 0.965625 0.178125 0.068750
1 0.951563 0.132292 0.093750 0.206250
1 0.964844 0.421875 0.070312 0.185417
2 0.216406 0.088542 0.076563 0.097917
1 0.128906 0.832292 0.170313 0.197917
2 0.705469 0.542708 0.095312 0.127083
1 0.266406 0.778125 0.154688 0.222917
1 0.723437 0.082292 0.225000 0.164583
1 0.638281 0.703125 0.176563 0.193750
1 0.104688 0.169792 0.162500 0.214583
1 0.364844 0.107292 0.192188 0.214583
1 0.133594 0.448958 0.173438 0.193750
1 0.907031 0.545833 0.170313 0.170833
1 0.614062 0.229167 0.196875 0.220833
1 0.462500 0.825000 0.162500 0.212500
0 0.862500 0.789583 0.275000 0.420833
1 0.020313 0.851042 0.040625 0.252083
1 0.711719 0.933333 0.157813 0.133333
2 0.135156 0.265625 0.067188 0.089583
1 0.075781 0.968750 0.151562 0.062500
1 0.291406 0.615625 0.120313 0.193750
1 0.881250 0.308333 0.168750 0.216667
1 0.496875 0.673958 0.165625 0.227083
1 0.421875 0.965625 0.178125 0.068750
1 0.951563 0.132292 0.093750 0.206250
1 0.964844 0.421875 0.070312 0.185417
2 0.216406 0.088542 0.076563 0.097917
1 0.128906 0.832292 0.170313 0.197917
2 0.705469 0.542708 0.095312 0.127083
1 0.266406 0.778125 0.154688 0.222917
1 0.723437 0.082292 0.225000 0.164583
1 0.638281 0.703125 0.176563 0.193750
1 0.104688 0.169792 0.162500 0.214583
1 0.364844 0.107292 0.192188 0.214583
1 0.133594 0.448958 0.173438 0.193750
1 0.907031 0.545833 0.170313 0.170833
1 0.614062 0.229167 0.196875 0.220833
1 0.462500 0.825000 0.162500 0.212500
0 0.862500 0.789583 0.275000 0.420833
1 0.020313 0.851042 0.040625 0.252083
1 0.711719 0.933333 0.157813 0.133333
2 0.135156 0.265625 0.067188 0.089583
1 0.075781 0.968750 0.151562 0.062500
1 0.291406 0.615625 0.120313 0.193750
1 0.881250 0.308333 0.168750 0.216667
1 0.496875 0.673958 0.165625 0.227083
1 0.421875 0.965625 0.178125 0.068750
1 0.951563 0.132292 0.093750 0.206250
1 0.964844 0.421875 0.070312 0.185417
2 0.216406 0.088542 0.076563 0.097917
1 0.128906 0.832292 0.170313 0.197917
2 0.705469 0.542708 0.095312 0.127083
1 0.266406 0.778125 0.154688 0.222917
1 0.723437 0.082292 0.225000 0.164583
1 0.638281 0.703125 0.176563 0.193750
1 0.104688 0.169792 0.162500 0.214583
1 0.364844 0.107292 0.192188 0.214583
1 0.133594 0.448958 0.173438 0.193750
1 0.907031 0.545833 0.170313 0.170833
1 0.614062 0.229167 0.196875 0.220833
1 0.462500 0.825000 0.162500 0.212500
0 0.862500 0.789583 0.275000 0.420833
