1 0.579688 0.932292 0.184375 0.131250
2 0.014844 0.529167 0.029687 0.075000
1 0.290625 0.077083 0.225000 0.150000
1 0.392188 0.627083 0.184375 0.208333
1 0.859375 0.884375 0.190625 0.206250
1 0.244531 0.332292 0.160938 0.214583
1 0.719531 0.494792 0.192188 0.197917
1 0.032031 0.834375 0.064062 0.202083
1 0.069531 0.959375 0.139063 0.081250
1 0.163281 0.810417 0.170313 0.212500
1 0.875781 0.038542 0.179688 0.077083
1 0.075781 0.358333 0.151562 0.245833
1 0.626563 0.755208 0.181250 0.231250
1 0.139063 0.667708 0.171875 0.206250
1 0.353125 0.302083 0.181250 0.233333
1 0.915625 0.251042 0.168750 0.227083
1 0.889844 0.448958 0.185938 0.210417
1 0.308594 0.611458 0.139063 0.202083
0 0.636719 0.228125 0.426563 0.456250
1 0.382031 0.802083 0.167187 0.229167
1 0.579688 0.932292 0.184375 0.131250
2 0.014844 0.529167 0.029687 0.075000
1 0.290625 0.077083 0.225000 0.150000
1 0.392188 0.627083 0.184375 0.208333
1 0.859375 0.884375 0.190625 0.206250
1 0.244531 0.332292 0.160938 0.214583
1 0.719531 0.494792 0.192188 0.197917
1 0.032031 0.834375 0.064062 0.202083
1 0.069531 0.959375 0.139063 0.081250
1 0.163281 0.810417 0.170313 0.212500
1 0.875781 0.038542 0.179688 0.077083
1 0.075781 0.358333 0.151562 0.245833
1 0.626563 0.755208 0.181250 0.231250
1 0.139063 0.667708 0.171875 0.206250
1 0.353125 0.302083 0.181250 0.233333
1 0.915625 0.251042 0.168750 0.227083
1 0.889844 0.448958 0.185938 0.210417
1 0.308594 0.611458 0.139063 0.202083
0 0.636719 0.228125 0.426563 0.456250
1 0.382031 0.802083 0.167187 0.229167
1 0.579688 0.932292 0.184375 0.131250
2 0.014844 0.529167 0.029687 0.075000
1 0.290625 0.077083 0.225000 0.150000
1 0.392188 0.627083 0.184375 0.208333
1 0.859375 0.884375 0.190625 0.206250
1 0.244531 0.332292 0.160938 0.214583
1 0.719531 0.494792 0.192188 0.197917
1 0.032031 0.834375 0.064062 0.202083
1 0.069531 0.959375 0.139063 0.081250
1 0.163281 0.810417 0.170313 0.212500
1 0.875781 0.038542 0.179688 0.077083
1 0.075781 0.358333 0.151562 0.245833
1 0.626563 0.755208 0.181250 0.231250
1 0.139063 0.667708 0.171875 0.206250
1 0.353125 0.302083 0.181250 0.233333
1 0.915625 0.251042 0.168750 0.227083
1 0.889844 0.448958 0.185938 0.210417
1 0.308594 0.611458 0.139063 0.202083
0 0.636719 0.228125 0.426563 0.456250
1 0.382031 0.802083 0.167187 0.229167
1 0.579688 0.932292 0.184375 0.131250
2 0.014844 0.529167 0.029687 0.075000
1 0.290625 0.077083 0.225000 0.150000
1 0.392188 0.627083 0.184375 0.208333
1 0.859375 0.884375 0.190625 0.206250
1 0.244531 0.332292 0.160938 0.214583
1 0.719531 0.494792 0.192188 0.197917
1 0.032031 0.834375 0.064062 0.202083
1 0.069531 0.959375 0.139063 0.081250
1 0.163281 0.810417 0.170313 0.212500
1 0.875781 0.038542 0.179688 0.077083
1 0.075781 0.358333 0.151562 0.245833
1 0.626563 0.755208 0.181250 0.231250
1 0.139063 0.667708 0.171875 0.206250
1 0.353125 0.302083 0.181250 0.233333
1 0.915625 0.251042 0.168750 0.227083
1 0.889844 0.448958 0.185938 0.210417
1 0.308594 0.611458 0.139063 0.202083
0 0.636719 0.228125 0.426563 0.456250
1 0.382031 0.802083 0.167187 0.229167
1 0.579688 0.932292 0.184375 0.131250
2 0.014844 0.529167 0.029687 0.075000
1 0.290625 0.077083 0.225000 0.150000
1 0.392188 0.627083 0.184375 0.208333
1 0.859375 0.884375 0.190625 0.206250
1 0.244531 0.332292 0.160938 0.214583
1 0.719531 0.494792 0.192188 0.197917
1 0.032031 0.834375 0.064062 0.202083
1 0.069531 0.959375 0.139063 0.081250
1 0.163281 0.810417 0.170313 0.212500
1 0.875781 0.038542 0.179688 0.077083
1 0.075781 0.358333 0.151562 0.245833
1 0.626563 0.755208 0.181250 0.231250
1 0.139063 0.667708 0.171875 0.206250
1 0.353125 0.302083 0.181250 0.233333
1 0.915625 0.251042 0.168750 0.227083
1 0.889844 0.448958 0.185938 0.210417
1 0.308594 0.611458 0.139063 0.202083
0 0.636719 0.228125 0.426563 0.456250
1 0.382031 0.802083 0.167187 0.229167
1 0.579688 0.932292 0.184375 0.131250
2 0.014844 0.529167 0.029687 0.075000
1 0.290625 0.077083 0.225000 0.150000
1 0.392188 0.627083 0.184375 0.208333
1 0.859375 0.884375 0.190625 0.206250
1 0.244531 0.332292 0.160938 0.214583
1 0.719531 0.494792 0.192188 0.197917
1 0.032031 0.834375 0.064062 0.202083
1 0.069531 0.959375 0.139063 0.081250
1 0.163281 0.810417 0.170313 0.212500
1 0.875781 0.038542 0.179688 0.077083
1 0.075781 0.358333 0.151562 0.245833
1 0.626563 0.755208 0.181250 0.231250
1 0.139063 0.667708 0.171875 0.206250
1 0.353125 0.302083 0.181250 0.233333
1 0.915625 0.251042 0.168750 0.227083
1 0.889844 0.448958 0.185938 0.210417
1 0.308594 0.611458 0.139063 0.202083
0 0.636719 0.228125 0.426563 0.456250
1 0.382031 0.802083 0.167187 0.229167
1 0.579688 0.932292 0.184375 0.131250
2 0.014844 0.529167 0.029687 0.075000
1 0.290625 0.077083 0.225000 0.150000
1 0.392188 0.627083 0.184375 0.208333
1 0.859375 0.884375 0.190625 0.206250
1 0.244531 0.332292 0.160938 0.214583
1 0.719531 0.494792 0.192188 0.197917
1 0.032031 0.834375 0.064062 0.202083
1 0.069531 0.959375 0.139063 0.081250
1 0.163281 0.810417 0.170313 0.212500
1 0.875781 0.038542 0.179688 0.077083
1 0.075781 0.358333 0.151562 0.245833
1 0.626563 0.755208 0.181250 0.231250
1 0.139063 0.667708 0.171875 0.206250
1 0.353125 0.302083 0.181250 0.233333
1 0.915625 0.251042 0.168750 0.227083
1 0.889844 0.448958 0.185938 0.210417
1 0.308594 0.611458 0.139063 0.202083
0 0.636719 0.228125 0.426563 0.456250
1 0.382031 0.802083 0.167187 0.229167
1 0.579688 0.932292 0.184375 0.131250
2 0.014844 0.529167 0.029687 0.075000
1 0.290625 0.077083 0.225000 0.150000
1 0.392188 0.627083 0.184375 0.208333
1 0.859375 0.884375 0.190625 0.206250
1 0.244531 0.332292 0.160938 0.214583
1 0.719531 0.494792 0.192188 0.197917
1 0.032031 0.834375 0.064062 0.202083
1 0.069531 0.959375 0.139063 0.081250
1 0.163281 0.810417 0.170313 0.212500
1 0.875781 0.038542 0.179688 0.077083
1 0.075781 0.358333 0.151562 0.245833
1 0.626563 0.755208 0.181250 0.231250
1 0.139063 0.667708 0.171875 0.206250
1 0.353125 0.302083 0.181250 0.233333
1 0.915625 0.251042 0.168750 0.227083
1 0.889844 0.448958 0.185938 0.210417
1 0.308594 0.611458 0.139063 0.202083
0 0.636719 0.228125 0.426563 0.456250
1 0.382031 0.802083 0.167187 0.229167
1 0.579688 0.932292 0.184375 0.131250
2 0.014844 0.529167 0.029687 0.075000
1 0.290625 0.077083 0.225000 0.150000
1 0.392188 0.627083 0.184375 0.208333
1 0.859375 0.884375 0.190625 0.206250
1 0.244531 0.332292 0.160938 0.214583
1 0.719531 0.494792 0.192188 0.197917
1 0.032031 0.834375 0.064062 0.202083
1 0.069531 0.959375 0.139063 0.081250
1 0.163281 0.810417 0.170313 0.212500
1 0.875781 0.038542 0.179688 0.077083
1 0.075781 0.358333 0.151562 0.245833
1 0.626563 0.755208 0.181250 0.231250
1 0.139063 0.667708 0.171875 0.206250
1 0.353125 0.302083 0.181250 0.233333
1 0.915625 0.251042 0.168750 0.227083
1 0.889844 0.448958 0.185938 0.210417
1 0.308594 0.611458 0.139063 0.202083
0 0.636719 0.228125 0.426563 0.456250
1 0.382031 0.802083 0.167187 0.229167
1 0.579688 0.932292 0.184375 0.131250
2 0.014844 0.529167 0.029687 0.075000
1 0.290625 0.077083 0.225000 0.150000
1 0.392188 0.627083 0.184375 0.208333
1 0.859375 0.884375 0.190625 0.206250
1 0.244531 0.332292 0.160938 0.214583
1 0.719531 0.494792 0.192188 0.197917
1 0.032031 0.834375 0.064062 0.202083
1 0.069531 0.959375 0.139063 0.081250
1 0.163281 0.810417 0.170313 0.212500
1 0.875781 0.038542 0.179688 0.077083
1 0.075781 0.358333 0.151562 0.245833
1 0.626563 0.755208 0.181250 0.231250
1 0.139063 0.667708 0.171875 0.206250
1 0.353125 0.302083 0.181250 0.233333
1 0.915625 0.251042 0.168750 0.227083
1 0.889844 0.448958 0.185938 0.210417
1 0.308594 0.611458 0.139063 0.202083
0 0.636719 0.228125 0.426563 0.456250
1 0.382031 0.802083 0.167187 0.229167
1 0.579688 0.932292 0.184375 0.131250
2 0.014844 0.529167 0.029687 0.075000
1 0.290625 0.077083 0.225000 0.150000
1 0.392188 0.627083 0.184375 0.208333
1 0.859375 0.884375 0.190625 0.206250
1 0.244531 0.332292 0.160938 0.214583
1 0.719531 0.494792 0.192188 0.197917
1 0.032031 0.834375 0.064062 0.202083
1 0.069531 0.959375 0.139063 0.081250
1 0.163281 0.810417 0.170313 0.212500
1 0.875781 0.038542 0.179688 0.077083
1 0.075781 0.358333 0.151562 0.245833
1 0.626563 0.755208 0.181250 0.231250
1 0.139063 0.667708 0.171875 0.206250
1 0.353125 0.302083 0.181250 0.233333
1 0.915625 0.251042 0.168750 0.227083
1 0.889844 0.448958 0.185938 0.210417
1 0.308594 0.611458 0.139063 0.202083
0 0.636719 0.228125 0.426563 0.456250
1 0.382031 0.802083 0.167187 0.229167
1 0.579688 0.932292 0.184375 0.131250
2 0.014844 0.529167 0.029687 0.075000
1 0.290625 0.077083 0.225000 0.150000
1 0.392188 0.627083 0.184375 0.208333
1 0.859375 0.884375 0.190625 0.206250
1 0.244531 0.332292 0.160938 0.214583
1 0.719531 0.494792 0.192188 0.197917
1 0.032031 0.834375 0.064062 0.202083
1 0.069531 0.959375 0.139063 0.081250
1 0.163281 0.810417 0.170313 0.212500
1 0.875781 0.038542 0.179688 0.077083
1 0.075781 0.358333 0.151562 0.245833
1 0.626563 0.755208 0.181250 0.231250
1 0.139063 0.667708 0.171875 0.206250
1 0.353125 0.302083 0.181250 0.233333
1 0.915625 0.251042 0.168750 0.227083
1 0.889844 0.448958 0.185938 0.210417
1 0.308594 0.611458 0.139063 0.202083
0 0.636719 0.228125 0.426563 0.456250
1 0.382031 0.802083 0.167187 0.229167
1 0.579688 0.932292 0.184375 0.131250
2 0.014844 0.529167 0.029687 0.075000
1 0.290625 0.077083 0.225000 0.150000
1 0.392188 0.627083 0.184375 0.208333
1 0.859375 0.884375 0.190625 0.206250
1 0.244531 0.332292 0.160938 0.214583
1 0.719531 0.494792 0.192188 0.197917
1 0.032031 0.834375 0.064062 0.202083
1 0.069531 0.959375 0.139063 0.081250
1 0.163281 0.810417 0.170313 0.212500
1 0.875781 0.038542 0.179688 0.077083
1 0.075781 0.358333 0.151562 0.245833
1 0.626563 0.755208 0.181250 0.231250
1 0.139063 0.667708 0.171875 0.206250
1 0.353125 0.302083 0.181250 0.233333
1 0.915625 0.251042 0.168750 0.227083
1 0.889844 0.448958 0.185938 0.210417
1 0.308594 0.611458 0.139063 0.202083
0 0.636719 0.228125 0.426563 0.456250
1 0.382031 0.802083 0.167187 0.229167
1 0.579688 0.932292 0.184375 0.131250
2 0.014844 0.529167 0.029687 0.075000
1 0.290625 0.077083 0.225000 0.150000
1 0.392188 0.627083 0.184375 0.208333
1 0.859375 0.884375 0.190625 0.206250
1 0.244531 0.332292 0.160938 0.214583
1 0.719531 0.494792 0.192188 0.197917
1 0.032031 0.834375 0.064062 0.202083
1 0.069531 0.959375 0.139063 0.081250
1 0.163281 0.810417 0.170313 0.212500
1 0.875781 0.038542 0.179688 0.077083
1 0.075781 0.358333 0.151562 0.245833
1 0.626563 0.755208 0.181250 0.231250
1 0.139063 0.667708 0.171875 0.206250
1 0.353125 0.302083 0.181250 0.233333
1 0.915625 0.251042 0.168750 0.227083
1 0.889844 0.448958 0.185938 0.210417
1 0.308594 0.611458 0.139063 0.202083
0 0.636719 0.228125 0.426563 0.456250
1 0.382031 0.802083 0.167187 0.229167
1 0.579688 0.932292 0.184375 0.131250
2 0.014844 0.529167 0.029687 0.075000
1 0.290625 0.077083 0.225000 0.150000
1 0.392188 0.627083 0.184375 0.208333
1 0.859375 0.884375 0.190625 0.206250
1 0.244531 0.332292 0.160938 0.214583
1 0.719531 0.494792 0.192188 0.197917
1 0.032031 0.834375 0.064062 0.202083
1 0.069531 0.959375 0.139063 0.081250
1 0.163281 0.810417 0.170313 0.212500
1 0.875781 0.038542 0.179688 0.077083
1 0.075781 0.358333 0.151562 0.245833
1 0.626563 0.755208 0.181250 0.231250
1 0.139063 0.667708 0.171875 0.206250
1 0.353125 0.302083 0.181250 0.233333
1 0.915625 0.251042 0.168750 0.227083
1 0.889844 0.448958 0.185938 0.210417
1 0.308594 0.611458 0.139063 0.202083
0 0.636719 0.228125 0.426563 0.456250
1 0.382031 0.802083 0.167187 0.229167
1 0.579688 0.932292 0.184375 0.131250
2 0.014844 0.529167 0.029687 0.075000
1 0.290625 0.077083 0.225000 0.150000
1 0.392188 0.627083 0.184375 0.208333
1 0.859375 0.884375 0.190625 0.206250
1 0.244531 0.332292 0.160938 0.214583
1 0.719531 0.494792 0.192188 0.197917
1 0.032031 0.834375 0.064062 0.202083
1 0.069531 0.959375 0.139063 0.081250
1 0.163281 0.810417 0.170313 0.212500
1 0.875781 0.038542 0.179688 0.077083
1 0.075781 0.358333 0.151562 0.245833
1 0.626563 0.755208 0.181250 0.231250
1 0.139063 0.667708 0.171875 0.206250
1 0.353125 0.302083 0.181250 0.233333
1 0.915625 0.251042 0.168750 0.227083
1 0.889844 0.448958 0.185938 0.210417
1 0.308594 0.611458 0.139063 0.202083
0 0.636719 0.228125 0.426563 0.456250
1 0.382031 0.802083 0.167187 0.229167
1 0.579688 0.932292 0.184375 0.131250
2 0.014844 0.529167 0.029687 0.075000
1 0.290625 0.077083 0.225000 0.150000
1 0.392188 0.627083 0.184375 0.208333
1 0.859375 0.884375 0.190625 0.206250
1 0.244531 0.332292 0.160938 0.214583
1 0.719531 0.494792 0.192188 0.197917
1 0.032031 0.834375 0.064062 0.202083
1 0.069531 0.959375 0.139063 0.081250
1 0.163281 0.810417 0.170313 0.212500
1 0.875781 0.038542 0.179688 0.077083
1 0.075781 0.358333 0.151562 0.245833
1 0.626563 0.755208 0.181250 0.231250
1 0.139063 0.667708 0.171875 0.206250
1 0.353125 0.302083 0.181250 0.233333
1 0.915625 0.251042 0.168750 0.227083
1 0.889844 0.448958 0.185938 0.210417
1 0.308594 0.611458 0.139063 0.202083
0 0.636719 0.228125 0.426563 0.456250
1 0.382031 0.802083 0.167187 0.229167
1 0.579688 0.932292 0.184375 0.131250
2 0.014844 0.529167 0.029687 0.075000
1 0.290625 0.077083 0.225000 0.150000
1 0.392188 0.627083 0.184375 0.208333
1 0.859375 0.884375 0.190625 0.206250
1 0.244531 0.332292 0.160938 0.214583
1 0.719531 0.494792 0.192188 0.197917
1 0.032031 0.834375 0.064062 0.202083
1 0.069531 0.959375 0.139063 0.081250
1 0.163281 0.810417 0.170313 0.212500
1 0.875781 0.038542 0.179688 0.077083
1 0.075781 0.358333 0.151562 0.245833
1 0.626563 0.755208 0.181250 0.231250
1 0.139063 0.667708 0.171875 0.206250
1 0.353125 0.302083 0.181250 0.233333
1 0.915625 0.251042 0.168750 0.227083
1 0.889844 0.448958 0.185938 0.210417
1 0.308594 0.611458 0.139063 0.202083
0 0.636719 0.228125 0.426563 0.456250
1 0.382031 0.802083 0.167187 0.229167
1 0.579688 0.932292 0.184375 0.131250
2 0.014844 0.529167 0.029687 0.075000
1 0.290625 0.077083 0.225000 0.150000
1 0.392188 0.627083 0.184375 0.208333
1 0.859375 0.884375 0.190625 0.206250
1 0.244531 0.332292 0.160938 0.214583
1 0.719531 0.494792 0.192188 0.197917
1 0.032031 0.834375 0.064062 0.202083
1 0.069531 0.959375 0.139063 0.081250
1 0.163281 0.810417 0.170313 0.212500
1 0.875781 0.038542 0.179688 0.077083
1 0.075781 0.358333 0.151562 0.245833
1 0.626563 0.755208 0.181250 0.231250
1 0.139063 0.667708 0.171875 0.206250
1 0.353125 0.302083 0.181250 0.233333
1 0.915625 0.251042 0.168750 0.227083
1 0.889844 0.448958 0.185938 0.210417
1 0.308594 0.611458 0.139063 0.202083
0 0.636719 0.228125 0.426563 0.456250
1 0.382031 0.802083 0.167187 0.229167
1 0.579688 0.932292 0.184375 0.131250
2 0.014844 0.529167 0.029687 0.075000
1 0.290625 0.077083 0.225000 0.150000
1 0.392188 0.627083 0.184375 0.208333
1 0.859375 0.884375 0.190625 0.206250
1 0.244531 0.332292 0.160938 0.214583
1 0.719531 0.494792 0.192188 0.197917
1 0.032031 0.834375 0.064062 0.202083
1 0.069531 0.959375 0.139063 0.081250
1 0.163281 0.810417 0.170313 0.212500
1 0.875781 0.038542 0.179688 0.077083
1 0.075781 0.358333 0.151562 0.245833
1 0.626563 0.755208 0.181250 0.231250
1 0.139063 0.667708 0.171875 0.206250
1 0.353125 0.302083 0.181250 0.233333
1 0.915625 0.251042 0.168750 0.227083
1 0.889844 0.448958 0.185938 0.210417
1 0.308594 0.611458 0.139063 0.202083
0 0.636719 0.228125 0.426563 0.456250
1 0.382031 0.802083 0.167187 0.229167
