1 0.305469 0.186458 0.145313 0.181250
1 0.121875 0.366667 0.168750 0.233333
1 0.207031 0.246875 0.160938 0.218750
1 0.466406 0.947917 0.154688 0.104167
1 0.431250 0.764583 0.146875 0.179167
1 0.338281 0.655208 0.160938 0.189583
1 0.898438 0.195833 0.196875 0.245833
1 0.865625 0.487500 0.178125 0.254167
2 0.342187 0.056250 0.084375 0.100000
1 0.923438 0.887500 0.150000 0.204167
1 0.531250 0.083333 0.165625 0.166667
1 0.862500 0.721875 0.162500 0.185417
0 0.454688 0.416667 0.343750 0.404167
1 0.655469 0.286458 0.170313 0.222917
1 0.119531 0.719792 0.185938 0.227083
1 0.275000 0.804167 0.143750 0.208333
1 0.305469 0.186458 0.145313 0.181250
1 0.121875 0.366667 0.168750 0.233333
1 0.207031 0.246875 0.160938 0.218750
1 0.466406 0.947917 0.154688 0.104167
1 0.431250 0.764583 0.146875 0.179167
1 0.338281 0.655208 0.160938 0.189583
1 0.898438 0.195833 0.196875 0.245833
1 0.865625 0.487500 0.178125 0.254167
2 0.342187 0.056250 0.084375 0.100000
1 0.923438 0.887500 0.150000 0.204167
1 0.531250 0.083333 0.165625 0.166667
1 0.862500 0.721875 0.162500 0.185417
0 0.454688 0.416667 0.343750 0.404167
1 0.655469 0.286458 0.170313 0.222917
1 0.119531 0.719792 0.185938 0.227083
1 0.275000 0.804167 0.143750 0.208333
1 0.305469 0.186458 0.145313 0.181250
1 0.121875 0.366667 0.168750 0.233333
1 0.207031 0.246875 0.160938 0.218750
1 0.466406 0.947917 0.154688 0.104167
1 0.431250 0.764583 0.146875 0.179167
1 0.338281 0.655208 0.160938 0.189583
1 0.898438 0.195833 0.196875 0.245833
1 0.865625 0.487500 0.178125 0.254167
2 0.342187 0.056250 0.084375 0.100000
1 0.923438 0.887500 0.150000 0.204167
1 0.531250 0.083333 0.165625 0.166667
1 0.862500 0.721875 0.162500 0.185417
0 0.454688 0.416667 0.343750 0.404167
1 0.655469 0.286458 0.170313 0.222917
1 0.119531 0.719792 0.185938 0.227083
1 0.275000 0.804167 0.143750 0.208333
1 0.305469 0.186458 0.145313 0.181250
1 0.121875 0.366667 0.168750 0.233333
1 0.207031 0.246875 0.160938 0.218750
1 0.466406 0.947917 0.154688 0.104167
1 0.431250 0.764583 0.146875 0.179167
1 0.338281 0.655208 0.160938 0.189583
1 0.898438 0.195833 0.196875 0.245833
1 0.865625 0.487500 0.178125 0.254167
2 0.342187 0.056250 0.084375 0.100000
1 0.923438 0.887500 0.150000 0.204167
1 0.531250 0.083333 0.165625 0.166667
1 0.862500 0.721875 0.162500 0.185417
0 0.454688 0.416667 0.343750 0.404167
1 0.655469 0.286458 0.170313 0.222917
1 0.119531 0.719792 0.185938 0.227083
1 0.275000 0.804167 0.143750 0.208333
1 0.305469 0.186458 0.145313 0.181250
1 0.121875 0.366667 0.168750 0.233333
1 0.207031 0.246875 0.160938 0.218750
1 0.466406 0.947917 0.154688 0.104167
1 0.431250 0.764583 0.146875 0.179167
1 0.338281 0.655208 0.160938 0.189583
1 0.898438 0.195833 0.196875 0.245833
1 0.865625 0.487500 0.178125 0.254167
2 0.342187 0.056250 0.084375 0.100000
1 0.923438 0.887500 0.150000 0.204167
1 0.531250 0.083333 0.165625 0.166667
1 0.862500 0.721875 0.162500 0.185417
0 0.454688 0.416667 0.343750 0.404167
1 0.655469 0.286458 0.170313 0.222917
1 0.119531 0.719792 0.185938 0.227083
1 0.275000 0.804167 0.143750 0.208333
1 0.305469 0.186458 0.145313 0.181250
1 0.121875 0.366667 0.168750 0.233333
1 0.207031 0.246875 0.160938 0.218750
1 0.466406 0.947917 0.154688 0.104167
1 0.431250 0.764583 0.146875 0.179167
1 0.338281 0.655208 0.160938 0.189583
1 0.898438 0.195833 0.196875 0.245833
1 0.865625 0.487500 0.178125 0.254167
2 0.342187 0.056250 0.084375 0.100000
1 0.923438 0.887500 0.150000 0.204167
1 0.531250 0.083333 0.165625 0.166667
1 0.862500 0.721875 0.162500 0.185417
0 0.454688 0.416667 0.343750 0.404167
1 0.655469 0.286458 0.170313 0.222917
1 0.119531 0.719792 0.185938 0.227083
1 0.275000 0.804167 0.143750 0.208333
1 0.305469 0.186458 0.145313 0.181250
1 0.121875 0.366667 0.168750 0.233333
1 0.207031 0.246875 0.160938 0.218750
1 0.466406 0.947917 0.154688 0.104167
1 0.431250 0.764583 0.146875 0.179167
1 0.338281 0.655208 0.160938 0.189583
1 0.898438 0.195833 0.196875 0.245833
1 0.865625 0.487500 0.178125 0.254167
2 0.342187 0.056250 0.084375 0.100000
1 0.923438 0.887500 0.150000 0.204167
1 0.531250 0.083333 0.165625 0.166667
1 0.862500 0.721875 0.162500 0.185417
0 0.454688 0.416667 0.343750 0.404167
1 0.655469 0.286458 0.170313 0.222917
1 0.119531 0.719792 0.185938 0.227083
1 0.275000 0.804167 0.143750 0.208333
1 0.305469 0.186458 0.145313 0.181250
1 0.121875 0.366667 0.168750 0.233333
1 0.207031 0.246875 0.160938 0.218750
1 0.466406 0.947917 0.154688 0.104167
1 0.431250 0.764583 0.146875 0.179167
1 0.338281 0.655208 0.160938 0.189583
1 0.898438 0.195833 0.196875 0.245833
1 0.865625 0.487500 0.178125 0.254167
2 0.342187 0.056250 0.084375 0.100000
1 0.923438 0.887500 0.150000 0.204167
1 0.531250 0.083333 0.165625 0.166667
1 0.862500 0.721875 0.162500 0.185417
0 0.454688 0.416667 0.343750 0.404167
1 0.655469 0.286458 0.170313 0.222917
1 0.119531 0.719792 0.185938 0.227083
1 0.275000 0.804167 0.143750 0.208333
1 0.305469 0.186458 0.145313 0.181250
1 0.121875 0.366667 0.168750 0.233333
1 0.207031 0.246875 0.160938 0.218750
1 0.466406 0.947917 0.154688 0.104167
1 0.431250 0.764583 0.146875 0.179167
1 0.338281 0.655208 0.160938 0.189583
1 0.898438 0.195833 0.196875 0.245833
1 0.865625 0.487500 0.178125 0.254167
2 0.342187 0.056250 0.084375 0.100000
1 0.923438 0.887500 0.150000 0.204167
1 0.531250 0.083333 0.165625 0.166667
1 0.862500 0.721875 0.162500 0.185417
0 0.454688 0.416667 0.343750 0.404167
1 0.655469 0.286458 0.170313 0.222917
1 0.119531 0.719792 0.185938 0.227083
1 0.275000 0.804167 0.143750 0.208333
1 0.305469 0.186458 0.145313 0.181250
1 0.121875 0.366667 0.168750 0.233333
1 0.207031 0.246875 0.160938 0.218750
1 0.466406 0.947917 0.154688 0.104167
1 0.431250 0.764583 0.146875 0.179167
1 0.338281 0.655208 0.160938 0.189583
1 0.898438 0.195833 0.196875 0.245833
1 0.865625 0.487500 0.178125 0.254167
2 0.342187 0.056250 0.084375 0.100000
1 0.923438 0.887500 0.150000 0.204167
1 0.531250 0.083333 0.165625 0.166667
1 0.862500 0.721875 0.162500 0.185417
0 0.454688 0.416667 0.343750 0.404167
1 0.655469 0.286458 0.170313 0.222917
1 0.119531 0.719792 0.185938 0.227083
1 0.275000 0.804167 0.143750 0.208333
1 0.305469 0.186458 0.145313 0.181250
1 0.121875 0.366667 0.168750 0.233333
1 0.207031 0.246875 0.160938 0.218750
1 0.466406 0.947917 0.154688 0.104167
1 0.431250 0.764583 0.146875 0.179167
1 0.338281 0.655208 0.160938 0.189583
1 0.898438 0.195833 0.196875 0.245833
1 0.865625 0.487500 0.178125 0.254167
2 0.342187 0.056250 0.084375 0.100000
1 0.923438 0.887500 0.150000 0.204167
1 0.531250 0.083333 0.165625 0.166667
1 0.862500 0.721875 0.162500 0.185417
0 0.454688 0.416667 0.343750 0.404167
1 0.655469 0.286458 0.170313 0.222917
1 0.119531 0.719792 0.185938 0.227083
1 0.275000 0.804167 0.143750 0.208333
1 0.305469 0.186458 0.145313 0.181250
1 0.121875 0.366667 0.168750 0.233333
1 0.207031 0.246875 0.160938 0.218750
1 0.466406 0.947917 0.154688 0.104167
1 0.431250 0.764583 0.146875 0.179167
1 0.338281 0.655208 0.160938 0.189583
1 0.898438 0.195833 0.196875 0.245833
1 0.865625 0.487500 0.178125 0.254167
2 0.342187 0.056250 0.084375 0.100000
1 0.923438 0.887500 0.150000 0.204167
1 0.531250 0.083333 0.165625 0.166667
1 0.862500 0.721875 0.162500 0.185417
0 0.454688 0.416667 0.343750 0.404167
1 0.655469 0.286458 0.170313 0.222917
1 0.119531 0.719792 0.185938 0.227083
1 0.275000 0.804167 0.143750 0.208333
1 0.305469 0.186458 0.145313 0.181250
1 0.121875 0.366667 0.168750 0.233333
1 0.207031 0.246875 0.160938 0.218750
1 0.466406 0.947917 0.154688 0.104167
1 0.431250 0.764583 0.146875 0.179167
1 0.338281 0.655208 0.160938 0.189583
1 0.898438 0.195833 0.196875 0.245833
1 0.865625 0.487500 0.178125 0.254167
2 0.342187 0.056250 0.084375 0.100000
1 0.923438 0.887500 0.150000 0.204167
1 0.531250 0.083333 0.165625 0.166667
1 0.862500 0.721875 0.162500 0.185417
0 0.454688 0.416667 0.343750 0.404167
1 0.655469 0.286458 0.170313 0.222917
1 0.119531 0.719792 0.185938 0.227083
1 0.275000 0.804167 0.143750 0.208333
1 0.305469 0.186458 0.145313 0.181250
1 0.121875 0.366667 0.168750 0.233333
1 0.207031 0.246875 0.160938 0.218750
1 0.466406 0.947917 0.154688 0.104167
1 0.431250 0.764583 0.146875 0.179167
1 0.338281 0.655208 0.160938 0.189583
1 0.898438 0.195833 0.196875 0.245833
1 0.865625 0.487500 0.178125 0.254167
2 0.342187 0.056250 0.084375 0.100000
1 0.923438 0.887500 0.150000 0.204167
1 0.531250 0.083333 0.165625 0.166667
1 0.862500 0.721875 0.162500 0.185417
0 0.454688 0.416667 0.343750 0.404167
1 0.655469 0.286458 0.170313 0.222917
1 0.119531 0.719792 0.185938 0.227083
1 0.275000 0.804167 0.143750 0.208333
1 0.305469 0.186458 0.145313 0.181250
1 0.121875 0.366667 0.168750 0.233333
1 0.207031 0.246875 0.160938 0.218750
1 0.466406 0.947917 0.154688 0.104167
1 0.431250 0.764583 0.146875 0.179167
1 0.338281 0.655208 0.160938 0.189583
1 0.898438 0.195833 0.196875 0.245833
1 0.865625 0.487500 0.178125 0.254167
2 0.342187 0.056250 0.084375 0.100000
1 0.923438 0.887500 0.150000 0.204167
1 0.531250 0.083333 0.165625 0.166667
1 0.862500 0.721875 0.162500 0.185417
0 0.454688 0.416667 0.343750 0.404167
1 0.655469 0.286458 0.170313 0.222917
1 0.119531 0.719792 0.185938 0.227083
1 0.275000 0.804167 0.143750 0.208333
1 0.305469 0.186458 0.145313 0.181250
1 0.121875 0.366667 0.168750 0.233333
1 0.207031 0.246875 0.160938 0.218750
1 0.466406 0.947917 0.154688 0.104167
1 0.431250 0.764583 0.146875 0.179167
1 0.338281 0.655208 0.160938 0.189583
1 0.898438 0.195833 0.196875 0.245833
1 0.865625 0.487500 0.178125 0.254167
2 0.342187 0.056250 0.084375 0.100000
1 0.923438 0.887500 0.150000 0.204167
1 0.531250 0.083333 0.165625 0.166667
1 0.862500 0.721875 0.162500 0.185417
0 0.454688 0.416667 0.343750 0.404167
1 0.655469 0.286458 0.170313 0.222917
1 0.119531 0.719792 0.185938 0.227083
1 0.275000 0.804167 0.143750 0.208333
