2 0.198437 0.052083 0.056250 0.058333
1 0.039844 0.290625 0.079687 0.218750
1 0.626563 0.842708 0.156250 0.202083
1 0.196094 0.876042 0.148438 0.206250
1 0.714844 0.485417 0.170313 0.254167
1 0.021094 0.545833 0.042188 0.208333
1 0.032031 0.826042 0.064062 0.235417
1 0.621094 0.622917 0.139063 0.204167
1 0.956250 0.329167 0.087500 0.245833
1 0.939844 0.683333 0.120313 0.220833
1 0.617969 0.070833 0.201563 0.141667
1 0.966406 0.107292 0.067188 0.214583
1 0.040625 0.117708 0.078125 0.197917
2 0.844531 0.304167 0.064062 0.087500
1 0.191406 0.732292 0.154688 0.185417
1 0.136719 0.407292 0.157813 0.206250
1 0.800781 0.080208 0.173438 0.152083
1 0.203906 0.184375 0.182812 0.239583
0 0.446094 0.322917 0.314063 0.412500
1 0.871094 0.830208 0.185938 0.239583
1 0.875781 0.495833 0.179688 0.225000
1 0.284375 0.533333 0.165625 0.233333
2 0.198437 0.052083 0.056250 0.058333
1 0.039844 0.290625 0.079687 0.218750
1 0.626563 0.842708 0.156250 0.202083
1 0.196094 0.876042 0.148438 0.206250
1 0.714844 0.485417 0.170313 0.254167
1 0.021094 0.545833 0.042188 0.208333
1 0.032031 0.826042 0.064062 0.235417
1 0.621094 0.622917 0.139063 0.204167
1 0.956250 0.329167 0.087500 0.245833
1 0.939844 0.683333 0.120313 0.220833
1 0.617969 0.070833 0.201563 0.141667
1 0.966406 0.107292 0.067188 0.214583
1 0.040625 0.117708 0.078125 0.197917
2 0.844531 0.304167 0.064062 0.087500
1 0.191406 0.732292 0.154688 0.185417
1 0.136719 0.407292 0.157813 0.206250
1 0.800781 0.080208 0.173438 0.152083
1 0.203906 0.184375 0.182812 0.239583
0 0.446094 0.322917 0.314063 0.412500
1 0.871094 0.830208 0.185938 0.239583
1 0.875781 0.495833 0.179688 0.225000
1 0.284375 0.533333 0.165625 0.233333
2 0.198437 0.052083 0.056250 0.058333
1 0.039844 0.290625 0.079687 0.218750
1 0.626563 0.842708 0.156250 0.202083
1 0.196094 0.876042 0.148438 0.206250
1 0.714844 0.485417 0.170313 0.254167
1 0.021094 0.545833 0.042188 0.208333
1 0.032031 0.826042 0.064062 0.235417
1 0.621094 0.622917 0.139063 0.204167
1 0.956250 0.329167 0.087500 0.245833
1 0.939844 0.683333 0.120313 0.220833
1 0.617969 0.070833 0.201563 0.141667
1 0.966406 0.107292 0.067188 0.214583
1 0.040625 0.117708 0.078125 0.197917
2 0.844531 0.304167 0.064062 0.087500
1 0.191406 0.732292 0.154688 0.185417
1 0.136719 0.407292 0.157813 0.206250
1 0.800781 0.080208 0.173438 0.152083
1 0.203906 0.184375 0.182812 0.239583
0 0.446094 0.322917 0.314063 0.412500
1 0.871094 0.830208 0.185938 0.239583
1 0.875781 0.495833 0.179688 0.225000
1 0.284375 0.533333 0.165625 0.233333
2 0.198437 0.052083 0.056250 0.058333
1 0.039844 0.290625 0.079687 0.218750
1 0.626563 0.842708 0.156250 0.202083
1 0.196094 0.876042 0.148438 0.206250
1 0.714844 0.485417 0.170313 0.254167
1 0.021094 0.545833 0.042188 0.208333
1 0.032031 0.826042 0.064062 0.235417
1 0.621094 0.622917 0.139063 0.204167
1 0.956250 0.329167 0.087500 0.245833
1 0.939844 0.683333 0.120313 0.220833
1 0.617969 0.070833 0.201563 0.141667
1 0.966406 0.107292 0.067188 0.214583
1 0.040625 0.117708 0.078125 0.197917
2 0.844531 0.304167 0.064062 0.087500
1 0.191406 0.732292 0.154688 0.185417
1 0.136719 0.407292 0.157813 0.206250
1 0.800781 0.080208 0.173438 0.152083
1 0.203906 0.184375 0.182812 0.239583
0 0.446094 0.322917 0.314063 0.412500
1 0.871094 0.830208 0.185938 0.239583
1 0.875781 0.495833 0.179688 0.225000
1 0.284375 0.533333 0.165625 0.233333
2 0.198437 0.052083 0.056250 0.058333
1 0.039844 0.290625 0.079687 0.218750
1 0.626563 0.842708 0.156250 0.202083
1 0.196094 0.876042 0.148438 0.206250
1 0.714844 0.485417 0.170313 0.254167
1 0.021094 0.545833 0.042188 0.208333
1 0.032031 0.826042 0.064062 0.235417
1 0.621094 0.622917 0.139063 0.204167
1 0.956250 0.329167 0.087500 0.245833
1 0.939844 0.683333 0.120313 0.220833
1 0.617969 0.070833 0.201563 0.141667
1 0.966406 0.107292 0.067188 0.214583
1 0.040625 0.117708 0.078125 0.197917
2 0.844531 0.304167 0.064062 0.087500
1 0.191406 0.732292 0.154688 0.185417
1 0.136719 0.407292 0.157813 0.206250
1 0.800781 0.080208 0.173438 0.152083
1 0.203906 0.184375 0.182812 0.239583
0 0.446094 0.322917 0.314063 0.412500
1 0.871094 0.830208 0.185938 0.239583
1 0.875781 0.495833 0.179688 0.225000
1 0.284375 0.533333 0.165625 0.233333
2 0.198437 0.052083 0.056250 0.058333
1 0.039844 0.290625 0.079687 0.218750
1 0.626563 0.842708 0.156250 0.202083
1 0.196094 0.876042 0.148438 0.206250
1 0.714844 0.485417 0.170313 0.254167
1 0.021094 0.545833 0.042188 0.208333
1 0.032031 0.826042 0.064062 0.235417
1 0.621094 0.622917 0.139063 0.204167
1 0.956250 0.329167 0.087500 0.245833
1 0.939844 0.683333 0.120313 0.220833
1 0.617969 0.070833 0.201563 0.141667
1 0.966406 0.107292 0.067188 0.214583
1 0.040625 0.117708 0.078125 0.197917
2 0.844531 0.304167 0.064062 0.087500
1 0.191406 0.732292 0.154688 0.185417
1 0.136719 0.407292 0.157813 0.206250
1 0.800781 0.080208 0.173438 0.152083
1 0.203906 0.184375 0.182812 0.239583
0 0.446094 0.322917 0.314063 0.412500
1 0.871094 0.830208 0.185938 0.239583
1 0.875781 0.495833 0.179688 0.225000
1 0.284375 0.533333 0.165625 0.233333
2 0.198437 0.052083 0.056250 0.058333
1 0.039844 0.290625 0.079687 0.218750
1 0.626563 0.842708 0.156250 0.202083
1 0.196094 0.876042 0.148438 0.206250
1 0.714844 0.485417 0.170313 0.254167
1 0.021094 0.545833 0.042188 0.208333
1 0.032031 0.826042 0.064062 0.235417
1 0.621094 0.622917 0.139063 0.204167
1 0.956250 0.329167 0.087500 0.245833
1 0.939844 0.683333 0.120313 0.220833
1 0.617969 0.070833 0.201563 0.141667
1 0.966406 0.107292 0.067188 0.214583
1 0.040625 0.117708 0.078125 0.197917
2 0.844531 0.304167 0.064062 0.087500
1 0.191406 0.732292 0.154688 0.185417
1 0.136719 0.407292 0.157813 0.206250
1 0.800781 0.080208 0.173438 0.152083
1 0.203906 0.184375 0.182812 0.239583
0 0.446094 0.322917 0.314063 0.412500
1 0.871094 0.830208 0.185938 0.239583
1 0.875781 0.495833 0.179688 0.225000
1 0.284375 0.533333 0.165625 0.233333
2 0.198437 0.052083 0.056250 0.058333
1 0.039844 0.290625 0.079687 0.218750
1 0.626563 0.842708 0.156250 0.202083
1 0.196094 0.876042 0.148438 0.206250
1 0.714844 0.485417 0.170313 0.254167
1 0.021094 0.545833 0.042188 0.208333
1 0.032031 0.826042 0.064062 0.235417
1 0.621094 0.622917 0.139063 0.204167
1 0.956250 0.329167 0.087500 0.245833
1 0.939844 0.683333 0.120313 0.220833
1 0.617969 0.070833 0.201563 0.141667
1 0.966406 0.107292 0.067188 0.214583
1 0.040625 0.117708 0.078125 0.197917
2 0.844531 0.304167 0.064062 0.087500
1 0.191406 0.732292 0.154688 0.185417
1 0.136719 0.407292 0.157813 0.206250
1 0.800781 0.080208 0.173438 0.152083
1 0.203906 0.184375 0.182812 0.239583
0 0.446094 0.322917 0.314063 0.412500
1 0.871094 0.830208 0.185938 0.239583
1 0.875781 0.495833 0.179688 0.225000
1 0.284375 0.533333 0.165625 0.233333
2 0.198437 0.052083 0.056250 0.058333
1 0.039844 0.290625 0.079687 0.218750
1 0.626563 0.842708 0.156250 0.202083
1 0.196094 0.876042 0.148438 0.206250
1 0.714844 0.485417 0.170313 0.254167
1 0.021094 0.545833 0.042188 0.208333
1 0.032031 0.826042 0.064062 0.235417
1 0.621094 0.622917 0.139063 0.204167
1 0.956250 0.329167 0.087500 0.245833
1 0.939844 0.683333 0.120313 0.220833
1 0.617969 0.070833 0.201563 0.141667
1 0.966406 0.107292 0.067188 0.214583
1 0.040625 0.117708 0.078125 0.197917
2 0.844531 0.304167 0.064062 0.087500
1 0.191406 0.732292 0.154688 0.185417
1 0.136719 0.407292 0.157813 0.206250
1 0.800781 0.080208 0.173438 0.152083
1 0.203906 0.184375 0.182812 0.239583
0 0.446094 0.322917 0.314063 0.412500
1 0.871094 0.830208 0.185938 0.239583
1 0.875781 0.495833 0.179688 0.225000
1 0.284375 0.533333 0.165625 0.233333
2 0.198437 0.052083 0.056250 0.058333
1 0.039844 0.290625 0.079687 0.218750
1 0.626563 0.842708 0.156250 0.202083
1 0.196094 0.876042 0.148438 0.206250
1 0.714844 0.485417 0.170313 0.254167
1 0.021094 0.545833 0.042188 0.208333
1 0.032031 0.826042 0.064062 0.235417
1 0.621094 0.622917 0.139063 0.204167
1 0.956250 0.329167 0.087500 0.245833
1 0.939844 0.683333 0.120313 0.220833
1 0.617969 0.070833 0.201563 0.141667
1 0.966406 0.107292 0.067188 0.214583
1 0.040625 0.117708 0.078125 0.197917
2 0.844531 0.304167 0.064062 0.087500
1 0.191406 0.732292 0.154688 0.185417
1 0.136719 0.407292 0.157813 0.206250
1 0.800781 0.080208 0.173438 0.152083
1 0.203906 0.184375 0.182812 0.239583
0 0.446094 0.322917 0.314063 0.412500
1 0.871094 0.830208 0.185938 0.239583
1 0.875781 0.495833 0.179688 0.225000
1 0.284375 0.533333 0.165625 0.233333
2 0.198437 0.052083 0.056250 0.058333
1 0.039844 0.290625 0.079687 0.218750
1 0.626563 0.842708 0.156250 0.202083
1 0.196094 0.876042 0.148438 0.206250
1 0.714844 0.485417 0.170313 0.254167
1 0.021094 0.545833 0.042188 0.208333
1 0.032031 0.826042 0.064062 0.235417
1 0.621094 0.622917 0.139063 0.204167
1 0.956250 0.329167 0.087500 0.245833
1 0.939844 0.683333 0.120313 0.220833
1 0.617969 0.070833 0.201563 0.141667
1 0.966406 0.107292 0.067188 0.214583
1 0.040625 0.117708 0.078125 0.197917
2 0.844531 0.304167 0.064062 0.087500
1 0.191406 0.732292 0.154688 0.185417
1 0.136719 0.407292 0.157813 0.206250
1 0.800781 0.080208 0.173438 0.152083
1 0.203906 0.184375 0.182812 0.239583
0 0.446094 0.322917 0.314063 0.412500
1 0.871094 0.830208 0.185938 0.239583
1 0.875781 0.495833 0.179688 0.225000
1 0.284375 0.533333 0.165625 0.233333
2 0.198437 0.052083 0.056250 0.058333
1 0.039844 0.290625 0.079687 0.218750
1 0.626563 0.842708 0.156250 0.202083
1 0.196094 0.876042 0.148438 0.206250
1 0.714844 0.485417 0.170313 0.254167
1 0.021094 0.545833 0.042188 0.208333
1 0.032031 0.826042 0.064062 0.235417
1 0.621094 0.622917 0.139063 0.204167
1 0.956250 0.329167 0.087500 0.245833
1 0.939844 0.683333 0.120313 0.220833
1 0.617969 0.070833 0.201563 0.141667
1 0.966406 0.107292 0.067188 0.214583
1 0.040625 0.117708 0.078125 0.197917
2 0.844531 0.304167 0.064062 0.087500
1 0.191406 0.732292 0.154688 0.185417
1 0.136719 0.407292 0.157813 0.206250
1 0.800781 0.080208 0.173438 0.152083
1 0.203906 0.184375 0.182812 0.239583
0 0.446094 0.322917 0.314063 0.412500
1 0.871094 0.830208 0.185938 0.239583
1 0.875781 0.495833 0.179688 0.225000
1 0.284375 0.533333 0.165625 0.233333
2 0.198437 0.052083 0.056250 0.058333
1 0.039844 0.290625 0.079687 0.218750
1 0.626563 0.842708 0.156250 0.202083
1 0.196094 0.876042 0.148438 0.206250
1 0.714844 0.485417 0.170313 0.254167
1 0.021094 0.545833 0.042188 0.208333
1 0.032031 0.826042 0.064062 0.235417
1 0.621094 0.622917 0.139063 0.204167
1 0.956250 0.329167 0.087500 0.245833
1 0.939844 0.683333 0.120313 0.220833
1 0.617969 0.070833 0.201563 0.141667
1 0.966406 0.107292 0.067188 0.214583
1 0.040625 0.117708 0.078125 0.197917
2 0.844531 0.304167 0.064062 0.087500
1 0.191406 0.732292 0.154688 0.185417
1 0.136719 0.407292 0.157813 0.206250
1 0.800781 0.080208 0.173438 0.152083
1 0.203906 0.184375 0.182812 0.239583
0 0.446094 0.322917 0.314063 0.412500
1 0.871094 0.830208 0.185938 0.239583
1 0.875781 0.495833 0.179688 0.225000
1 0.284375 0.533333 0.165625 0.233333
2 0.198437 0.052083 0.056250 0.058333
1 0.039844 0.290625 0.079687 0.218750
1 0.626563 0.842708 0.156250 0.202083
1 0.196094 0.876042 0.148438 0.206250
1 0.714844 0.485417 0.170313 0.254167
1 0.021094 0.545833 0.042188 0.208333
1 0.032031 0.826042 0.064062 0.235417
1 0.621094 0.622917 0.139063 0.204167
1 0.956250 0.329167 0.087500 0.245833
1 0.939844 0.683333 0.120313 0.220833
1 0.617969 0.070833 0.201563 0.141667
1 0.966406 0.107292 0.067188 0.214583
1 0.040625 0.117708 0.078125 0.197917
2 0.844531 0.304167 0.064062 0.087500
1 0.191406 0.732292 0.154688 0.185417
1 0.136719 0.407292 0.157813 0.206250
1 0.800781 0.080208 0.173438 0.152083
1 0.203906 0.184375 0.182812 0.239583
0 0.446094 0.322917 0.314063 0.412500
1 0.871094 0.830208 0.185938 0.239583
1 0.875781 0.495833 0.179688 0.225000
1 0.284375 0.533333 0.165625 0.233333
2 0.198437 0.052083 0.056250 0.058333
1 0.039844 0.290625 0.079687 0.218750
1 0.626563 0.842708 0.156250 0.202083
1 0.196094 0.876042 0.148438 0.206250
1 0.714844 0.485417 0.170313 0.254167
1 0.021094 0.545833 0.042188 0.208333
1 0.032031 0.826042 0.064062 0.235417
1 0.621094 0.622917 0.139063 0.204167
1 0.956250 0.329167 0.087500 0.245833
1 0.939844 0.683333 0.120313 0.220833
1 0.617969 0.070833 0.201563 0.141667
1 0.966406 0.107292 0.067188 0.214583
1 0.040625 0.117708 0.078125 0.197917
2 0.844531 0.304167 0.064062 0.087500
1 0.191406 0.732292 0.154688 0.185417
1 0.136719 0.407292 0.157813 0.206250
1 0.800781 0.080208 0.173438 0.152083
1 0.203906 0.184375 0.182812 0.239583
0 0.446094 0.322917 0.314063 0.412500
1 0.871094 0.830208 0.185938 0.239583
1 0.875781 0.495833 0.179688 0.225000
1 0.284375 0.533333 0.165625 0.233333
2 0.198437 0.052083 0.056250 0.058333
1 0.039844 0.290625 0.079687 0.218750
1 0.626563 0.842708 0.156250 0.202083
1 0.196094 0.876042 0.148438 0.206250
1 0.714844 0.485417 0.170313 0.254167
1 0.021094 0.545833 0.042188 0.208333
1 0.032031 0.826042 0.064062 0.235417
1 0.621094 0.622917 0.139063 0.204167
1 0.956250 0.329167 0.087500 0.245833
1 0.939844 0.683333 0.120313 0.220833
1 0.617969 0.070833 0.201563 0.141667
1 0.966406 0.107292 0.067188 0.214583
1 0.040625 0.117708 0.078125 0.197917
2 0.844531 0.304167 0.064062 0.087500
1 0.191406 0.732292 0.154688 0.185417
1 0.136719 0.407292 0.157813 0.206250
1 0.800781 0.080208 0.173438 0.152083
1 0.203906 0.184375 0.182812 0.239583
0 0.446094 0.322917 0.314063 0.412500
1 0.871094 0.830208 0.185938 0.239583
1 0.875781 0.495833 0.179688 0.225000
1 0.284375 0.533333 0.165625 0.233333
2 0.198437 0.052083 0.056250 0.058333
1 0.039844 0.290625 0.079687 0.218750
1 0.626563 0.842708 0.156250 0.202083
1 0.196094 0.876042 0.148438 0.206250
1 0.714844 0.485417 0.170313 0.254167
1 0.021094 0.545833 0.042188 0.208333
1 0.032031 0.826042 0.064062 0.235417
1 0.621094 0.622917 0.139063 0.204167
1 0.956250 0.329167 0.087500 0.245833
1 0.939844 0.683333 0.120313 0.220833
1 0.617969 0.070833 0.201563 0.141667
1 0.966406 0.107292 0.067188 0.214583
1 0.040625 0.117708 0.078125 0.197917
2 0.844531 0.304167 0.064062 0.087500
1 0.191406 0.732292 0.154688 0.185417
1 0.136719 0.407292 0.157813 0.206250
1 0.800781 0.080208 0.173438 0.152083
1 0.203906 0.184375 0.182812 0.239583
0 0.446094 0.322917 0.314063 0.412500
1 0.871094 0.830208 0.185938 0.239583
1 0.875781 0.495833 0.179688 0.225000
1 0.284375 0.533333 0.165625 0.233333
2 0.198437 0.052083 0.056250 0.058333
1 0.039844 0.290625 0.079687 0.218750
1 0.626563 0.842708 0.156250 0.202083
1 0.196094 0.876042 0.148438 0.206250
1 0.714844 0.485417 0.170313 0.254167
1 0.021094 0.545833 0.042188 0.208333
1 0.032031 0.826042 0.064062 0.235417
1 0.621094 0.622917 0.139063 0.204167
1 0.956250 0.329167 0.087500 0.245833
1 0.939844 0.683333 0.120313 0.220833
1 0.617969 0.070833 0.201563 0.141667
1 0.966406 0.107292 0.067188 0.214583
1 0.040625 0.117708 0.078125 0.197917
2 0.844531 0.304167 0.064062 0.087500
1 0.191406 0.732292 0.154688 0.185417
1 0.136719 0.407292 0.157813 0.206250
1 0.800781 0.080208 0.173438 0.152083
1 0.203906 0.184375 0.182812 0.239583
0 0.446094 0.322917 0.314063 0.412500
1 0.871094 0.830208 0.185938 0.239583
1 0.875781 0.495833 0.179688 0.225000
1 0.284375 0.533333 0.165625 0.233333
2 0.198437 0.052083 0.056250 0.058333
1 0.039844 0.290625 0.079687 0.218750
1 0.626563 0.842708 0.156250 0.202083
1 0.196094 0.876042 0.148438 0.206250
1 0.714844 0.485417 0.170313 0.254167
1 0.021094 0.545833 0.042188 0.208333
1 0.032031 0.826042 0.064062 0.235417
1 0.621094 0.622917 0.139063 0.204167
1 0.956250 0.329167 0.087500 0.245833
1 0.939844 0.683333 0.120313 0.220833
1 0.617969 0.070833 0.201563 0.141667
1 0.966406 0.107292 0.067188 0.214583
1 0.040625 0.117708 0.078125 0.197917
2 0.844531 0.304167 0.064062 0.087500
1 0.191406 0.732292 0.154688 0.185417
1 0.136719 0.407292 0.157813 0.206250
1 0.800781 0.080208 0.173438 0.152083
1 0.203906 0.184375 0.182812 0.239583
0 0.446094 0.322917 0.314063 0.412500
1 0.871094 0.830208 0.185938 0.239583
1 0.875781 0.495833 0.179688 0.225000
1 0.284375 0.533333 0.165625 0.233333
2 0.198437 0.052083 0.056250 0.058333
1 0.039844 0.290625 0.079687 0.218750
1 0.626563 0.842708 0.156250 0.202083
1 0.196094 0.876042 0.148438 0.206250
1 0.714844 0.485417 0.170313 0.254167
1 0.021094 0.545833 0.042188 0.208333
1 0.032031 0.826042 0.064062 0.235417
1 0.621094 0.622917 0.139063 0.204167
1 0.956250 0.329167 0.087500 0.245833
1 0.939844 0.683333 0.120313 0.220833
1 0.617969 0.070833 0.201563 0.141667
1 0.966406 0.107292 0.067188 0.214583
1 0.040625 0.117708 0.078125 0.197917
2 0.844531 0.304167 0.064062 0.087500
1 0.191406 0.732292 0.154688 0.185417
1 0.136719 0.407292 0.157813 0.206250
1 0.800781 0.080208 0.173438 0.152083
1 0.203906 0.184375 0.182812 0.239583
0 0.446094 0.322917 0.314063 0.412500
1 0.871094 0.830208 0.185938 0.239583
1 0.875781 0.495833 0.179688 0.225000
1 0.284375 0.533333 0.165625 0.233333
2 0.198437 0.052083 0.056250 0.058333
1 0.039844 0.290625 0.079687 0.218750
1 0.626563 0.842708 0.156250 0.202083
1 0.196094 0.876042 0.148438 0.206250
1 0.714844 0.485417 0.170313 0.254167
1 0.021094 0.545833 0.042188 0.208333
1 0.032031 0.826042 0.064062 0.235417
1 0.621094 0.622917 0.139063 0.204167
1 0.956250 0.329167 0.087500 0.245833
1 0.939844 0.683333 0.120313 0.220833
1 0.617969 0.070833 0.201563 0.141667
1 0.966406 0.107292 0.067188 0.214583
1 0.040625 0.117708 0.078125 0.197917
2 0.844531 0.304167 0.064062 0.087500
1 0.191406 0.732292 0.154688 0.185417
1 0.136719 0.407292 0.157813 0.206250
1 0.800781 0.080208 0.173438 0.152083
1 0.203906 0.184375 0.182812 0.239583
0 0.446094 0.322917 0.314063 0.412500
1 0.871094 0.830208 0.185938 0.239583
1 0.875781 0.495833 0.179688 0.225000
1 0.284375 0.533333 0.165625 0.233333
2 0.198437 0.052083 0.056250 0.058333
1 0.039844 0.290625 0.079687 0.218750
1 0.626563 0.842708 0.156250 0.202083
1 0.196094 0.876042 0.148438 0.206250
1 0.714844 0.485417 0.170313 0.254167
1 0.021094 0.545833 0.042188 0.208333
1 0.032031 0.826042 0.064062 0.235417
1 0.621094 0.622917 0.139063 0.204167
1 0.956250 0.329167 0.087500 0.245833
1 0.939844 0.683333 0.120313 0.220833
1 0.617969 0.070833 0.201563 0.141667
1 0.966406 0.107292 0.067188 0.214583
1 0.040625 0.117708 0.078125 0.197917
2 0.844531 0.304167 0.064062 0.087500
1 0.191406 0.732292 0.154688 0.185417
1 0.136719 0.407292 0.157813 0.206250
1 0.800781 0.080208 0.173438 0.152083
1 0.203906 0.184375 0.182812 0.239583
0 0.446094 0.322917 0.314063 0.412500
1 0.871094 0.830208 0.185938 0.239583
1 0.875781 0.495833 0.179688 0.225000
1 0.284375 0.533333 0.165625 0.233333
