1 0.033594 0.491667 0.067188 0.191667
1 0.348438 0.451042 0.125000 0.289583
1 0.666406 0.185417 0.189063 0.266667
1 0.196875 0.034375 0.175000 0.068750
1 0.094531 0.969792 0.157813 0.056250
1 0.969531 0.046875 0.060938 0.089583
1 0.815625 0.343750 0.153125 0.204167
1 0.210156 0.811458 0.157813 0.235417
1 0.578125 0.033333 0.165625 0.066667
1 0.618750 0.412500 0.171875 0.216667
1 0.311719 0.951042 0.160938 0.097917
1 0.077344 0.281250 0.154688 0.220833
1 0.108594 0.811458 0.173438 0.239583
1 0.912500 0.170833 0.175000 0.233333
1 0.383594 0.062500 0.167187 0.125000
1 0.482031 0.948958 0.179688 0.102083
1 0.941406 0.522917 0.117188 0.216667
1 0.085156 0.073958 0.142188 0.147917
1 0.858594 0.652083 0.167187 0.229167
1 0.963281 0.903125 0.073438 0.193750
1 0.169531 0.577083 0.167187 0.216667
1 0.412500 0.767708 0.171875 0.227083
1 0.290625 0.188542 0.184375 0.202083
0 0.645312 0.768750 0.331250 0.416667
1 0.210156 0.403125 0.145313 0.197917
1 0.487500 0.534375 0.165625 0.218750
1 0.033594 0.491667 0.067188 0.191667
1 0.348438 0.451042 0.125000 0.289583
1 0.666406 0.185417 0.189063 0.266667
1 0.196875 0.034375 0.175000 0.068750
1 0.094531 0.969792 0.157813 0.056250
1 0.969531 0.046875 0.060938 0.089583
1 0.815625 0.343750 0.153125 0.204167
1 0.210156 0.811458 0.157813 0.235417
1 0.578125 0.033333 0.165625 0.066667
1 0.618750 0.412500 0.171875 0.216667
1 0.311719 0.951042 0.160938 0.097917
1 0.077344 0.281250 0.154688 0.220833
1 0.108594 0.811458 0.173438 0.239583
1 0.912500 0.170833 0.175000 0.233333
1 0.383594 0.062500 0.167187 0.125000
1 0.482031 0.948958 0.179688 0.102083
1 0.941406 0.522917 0.117188 0.216667
1 0.085156 0.073958 0.142188 0.147917
1 0.858594 0.652083 0.167187 0.229167
1 0.963281 0.903125 0.073438 0.193750
1 0.169531 0.577083 0.167187 0.216667
1 0.412500 0.767708 0.171875 0.227083
1 0.290625 0.188542 0.184375 0.202083
0 0.645312 0.768750 0.331250 0.416667
1 0.210156 0.403125 0.145313 0.197917
1 0.487500 0.534375 0.165625 0.218750
1 0.033594 0.491667 0.067188 0.191667
1 0.348438 0.451042 0.125000 0.289583
1 0.666406 0.185417 0.189063 0.266667
1 0.196875 0.034375 0.175000 0.068750
1 0.094531 0.969792 0.157813 0.056250
1 0.969531 0.046875 0.060938 0.089583
1 0.815625 0.343750 0.153125 0.204167
1 0.210156 0.811458 0.157813 0.235417
1 0.578125 0.033333 0.165625 0.066667
1 0.618750 0.412500 0.171875 0.216667
1 0.311719 0.951042 0.160938 0.097917
1 0.077344 0.281250 0.154688 0.220833
1 0.108594 0.811458 0.173438 0.239583
1 0.912500 0.170833 0.175000 0.233333
1 0.383594 0.062500 0.167187 0.125000
1 0.482031 0.948958 0.179688 0.102083
1 0.941406 0.522917 0.117188 0.216667
1 0.085156 0.073958 0.142188 0.147917
1 0.858594 0.652083 0.167187 0.229167
1 0.963281 0.903125 0.073438 0.193750
1 0.169531 0.577083 0.167187 0.216667
1 0.412500 0.767708 0.171875 0.227083
1 0.290625 0.188542 0.184375 0.202083
0 0.645312 0.768750 0.331250 0.416667
1 0.210156 0.403125 0.145313 0.197917
1 0.487500 0.534375 0.165625 0.218750
1 0.033594 0.491667 0.067188 0.191667
1 0.348438 0.451042 0.125000 0.289583
1 0.666406 0.185417 0.189063 0.266667
1 0.196875 0.034375 0.175000 0.068750
1 0.094531 0.969792 0.157813 0.056250
1 0.969531 0.046875 0.060938 0.089583
1 0.815625 0.343750 0.153125 0.204167
1 0.210156 0.811458 0.157813 0.235417
1 0.578125 0.033333 0.165625 0.066667
1 0.618750 0.412500 0.171875 0.216667
1 0.311719 0.951042 0.160938 0.097917
1 0.077344 0.281250 0.154688 0.220833
1 0.108594 0.811458 0.173438 0.239583
1 0.912500 0.170833 0.175000 0.233333
1 0.383594 0.062500 0.167187 0.125000
1 0.482031 0.948958 0.179688 0.102083
1 0.941406 0.522917 0.117188 0.216667
1 0.085156 0.073958 0.142188 0.147917
1 0.858594 0.652083 0.167187 0.229167
1 0.963281 0.903125 0.073438 0.193750
1 0.169531 0.577083 0.167187 0.216667
1 0.412500 0.767708 0.171875 0.227083
1 0.290625 0.188542 0.184375 0.202083
0 0.645312 0.768750 0.331250 0.416667
1 0.210156 0.403125 0.145313 0.197917
1 0.487500 0.534375 0.165625 0.218750
1 0.033594 0.491667 0.067188 0.191667
1 0.348438 0.451042 0.125000 0.289583
1 0.666406 0.185417 0.189063 0.266667
1 0.196875 0.034375 0.175000 0.068750
1 0.094531 0.969792 0.157813 0.056250
1 0.969531 0.046875 0.060938 0.089583
1 0.815625 0.343750 0.153125 0.204167
1 0.210156 0.811458 0.157813 0.235417
1 0.578125 0.033333 0.165625 0.066667
1 0.618750 0.412500 0.171875 0.216667
1 0.311719 0.951042 0.160938 0.097917
1 0.077344 0.281250 0.154688 0.220833
1 0.108594 0.811458 0.173438 0.239583
1 0.912500 0.170833 0.175000 0.233333
1 0.383594 0.062500 0.167187 0.125000
1 0.482031 0.948958 0.179688 0.102083
1 0.941406 0.522917 0.117188 0.216667
1 0.085156 0.073958 0.142188 0.147917
1 0.858594 0.652083 0.167187 0.229167
1 0.963281 0.903125 0.073438 0.193750
1 0.169531 0.577083 0.167187 0.216667
1 0.412500 0.767708 0.171875 0.227083
1 0.290625 0.188542 0.184375 0.202083
0 0.645312 0.768750 0.331250 0.416667
1 0.210156 0.403125 0.145313 0.197917
1 0.487500 0.534375 0.165625 0.218750
1 0.033594 0.491667 0.067188 0.191667
1 0.348438 0.451042 0.125000 0.289583
1 0.666406 0.185417 0.189063 0.266667
1 0.196875 0.034375 0.175000 0.068750
1 0.094531 0.969792 0.157813 0.056250
1 0.969531 0.046875 0.060938 0.089583
1 0.815625 0.343750 0.153125 0.204167
1 0.210156 0.811458 0.157813 0.235417
1 0.578125 0.033333 0.165625 0.066667
1 0.618750 0.412500 0.171875 0.216667
1 0.311719 0.951042 0.160938 0.097917
1 0.077344 0.281250 0.154688 0.220833
1 0.108594 0.811458 0.173438 0.239583
1 0.912500 0.170833 0.175000 0.233333
1 0.383594 0.062500 0.167187 0.125000
1 0.482031 0.948958 0.179688 0.102083
1 0.941406 0.522917 0.117188 0.216667
1 0.085156 0.073958 0.142188 0.147917
1 0.858594 0.652083 0.167187 0.229167
1 0.963281 0.903125 0.073438 0.193750
1 0.169531 0.577083 0.167187 0.216667
1 0.412500 0.767708 0.171875 0.227083
1 0.290625 0.188542 0.184375 0.202083
0 0.645312 0.768750 0.331250 0.416667
1 0.210156 0.403125 0.145313 0.197917
1 0.487500 0.534375 0.165625 0.218750
1 0.033594 0.491667 0.067188 0.191667
1 0.348438 0.451042 0.125000 0.289583
1 0.666406 0.185417 0.189063 0.266667
1 0.196875 0.034375 0.175000 0.068750
1 0.094531 0.969792 0.157813 0.056250
1 0.969531 0.046875 0.060938 0.089583
1 0.815625 0.343750 0.153125 0.204167
1 0.210156 0.811458 0.157813 0.235417
1 0.578125 0.033333 0.165625 0.066667
1 0.618750 0.412500 0.171875 0.216667
1 0.311719 0.951042 0.160938 0.097917
1 0.077344 0.281250 0.154688 0.220833
1 0.108594 0.811458 0.173438 0.239583
1 0.912500 0.170833 0.175000 0.233333
1 0.383594 0.062500 0.167187 0.125000
1 0.482031 0.948958 0.179688 0.102083
1 0.941406 0.522917 0.117188 0.216667
1 0.085156 0.073958 0.142188 0.147917
1 0.858594 0.652083 0.167187 0.229167
1 0.963281 0.903125 0.073438 0.193750
1 0.169531 0.577083 0.167187 0.216667
1 0.412500 0.767708 0.171875 0.227083
1 0.290625 0.188542 0.184375 0.202083
0 0.645312 0.768750 0.331250 0.416667
1 0.210156 0.403125 0.145313 0.197917
1 0.487500 0.534375 0.165625 0.218750
1 0.033594 0.491667 0.067188 0.191667
1 0.348438 0.451042 0.125000 0.289583
1 0.666406 0.185417 0.189063 0.266667
1 0.196875 0.034375 0.175000 0.068750
1 0.094531 0.969792 0.157813 0.056250
1 0.969531 0.046875 0.060938 0.089583
1 0.815625 0.343750 0.153125 0.204167
1 0.210156 0.811458 0.157813 0.235417
1 0.578125 0.033333 0.165625 0.066667
1 0.618750 0.412500 0.171875 0.216667
1 0.311719 0.951042 0.160938 0.097917
1 0.077344 0.281250 0.154688 0.220833
1 0.108594 0.811458 0.173438 0.239583
1 0.912500 0.170833 0.175000 0.233333
1 0.383594 0.062500 0.167187 0.125000
1 0.482031 0.948958 0.179688 0.102083
1 0.941406 0.522917 0.117188 0.216667
1 0.085156 0.073958 0.142188 0.147917
1 0.858594 0.652083 0.167187 0.229167
1 0.963281 0.903125 0.073438 0.193750
1 0.169531 0.577083 0.167187 0.216667
1 0.412500 0.767708 0.171875 0.227083
1 0.290625 0.188542 0.184375 0.202083
0 0.645312 0.768750 0.331250 0.416667
1 0.210156 0.403125 0.145313 0.197917
1 0.487500 0.534375 0.165625 0.218750
1 0.033594 0.491667 0.067188 0.191667
1 0.348438 0.451042 0.125000 0.289583
1 0.666406 0.185417 0.189063 0.266667
1 0.196875 0.034375 0.175000 0.068750
1 0.094531 0.969792 0.157813 0.056250
1 0.969531 0.046875 0.060938 0.089583
1 0.815625 0.343750 0.153125 0.204167
1 0.210156 0.811458 0.157813 0.235417
1 0.578125 0.033333 0.165625 0.066667
1 0.618750 0.412500 0.171875 0.216667
1 0.311719 0.951042 0.160938 0.097917
1 0.077344 0.281250 0.154688 0.220833
1 0.108594 0.811458 0.173438 0.239583
1 0.912500 0.170833 0.175000 0.233333
1 0.383594 0.062500 0.167187 0.125000
1 0.482031 0.948958 0.179688 0.102083
1 0.941406 0.522917 0.117188 0.216667
1 0.085156 0.073958 0.142188 0.147917
1 0.858594 0.652083 0.167187 0.229167
1 0.963281 0.903125 0.073438 0.193750
1 0.169531 0.577083 0.167187 0.216667
1 0.412500 0.767708 0.171875 0.227083
1 0.290625 0.188542 0.184375 0.202083
0 0.645312 0.768750 0.331250 0.416667
1 0.210156 0.403125 0.145313 0.197917
1 0.487500 0.534375 0.165625 0.218750
1 0.033594 0.491667 0.067188 0.191667
1 0.348438 0.451042 0.125000 0.289583
1 0.666406 0.185417 0.189063 0.266667
1 0.196875 0.034375 0.175000 0.068750
1 0.094531 0.969792 0.157813 0.056250
1 0.969531 0.046875 0.060938 0.089583
1 0.815625 0.343750 0.153125 0.204167
1 0.210156 0.811458 0.157813 0.235417
1 0.578125 0.033333 0.165625 0.066667
1 0.618750 0.412500 0.171875 0.216667
1 0.311719 0.951042 0.160938 0.097917
1 0.077344 0.281250 0.154688 0.220833
1 0.108594 0.811458 0.173438 0.239583
1 0.912500 0.170833 0.175000 0.233333
1 0.383594 0.062500 0.167187 0.125000
1 0.482031 0.948958 0.179688 0.102083
1 0.941406 0.522917 0.117188 0.216667
1 0.085156 0.073958 0.142188 0.147917
1 0.858594 0.652083 0.167187 0.229167
1 0.963281 0.903125 0.073438 0.193750
1 0.169531 0.577083 0.167187 0.216667
1 0.412500 0.767708 0.171875 0.227083
1 0.290625 0.188542 0.184375 0.202083
0 0.645312 0.768750 0.331250 0.416667
1 0.210156 0.403125 0.145313 0.197917
1 0.487500 0.534375 0.165625 0.218750
1 0.033594 0.491667 0.067188 0.191667
1 0.348438 0.451042 0.125000 0.289583
1 0.666406 0.185417 0.189063 0.266667
1 0.196875 0.034375 0.175000 0.068750
1 0.094531 0.969792 0.157813 0.056250
1 0.969531 0.046875 0.060938 0.089583
1 0.815625 0.343750 0.153125 0.204167
1 0.210156 0.811458 0.157813 0.235417
1 0.578125 0.033333 0.165625 0.066667
1 0.618750 0.412500 0.171875 0.216667
1 0.311719 0.951042 0.160938 0.097917
1 0.077344 0.281250 0.154688 0.220833
1 0.108594 0.811458 0.173438 0.239583
1 0.912500 0.170833 0.175000 0.233333
1 0.383594 0.062500 0.167187 0.125000
1 0.482031 0.948958 0.179688 0.102083
1 0.941406 0.522917 0.117188 0.216667
1 0.085156 0.073958 0.142188 0.147917
1 0.858594 0.652083 0.167187 0.229167
1 0.963281 0.903125 0.073438 0.193750
1 0.169531 0.577083 0.167187 0.216667
1 0.412500 0.767708 0.171875 0.227083
1 0.290625 0.188542 0.184375 0.202083
0 0.645312 0.768750 0.331250 0.416667
1 0.210156 0.403125 0.145313 0.197917
1 0.487500 0.534375 0.165625 0.218750
1 0.033594 0.491667 0.067188 0.191667
1 0.348438 0.451042 0.125000 0.289583
1 0.666406 0.185417 0.189063 0.266667
1 0.196875 0.034375 0.175000 0.068750
1 0.094531 0.969792 0.157813 0.056250
1 0.969531 0.046875 0.060938 0.089583
1 0.815625 0.343750 0.153125 0.204167
1 0.210156 0.811458 0.157813 0.235417
1 0.578125 0.033333 0.165625 0.066667
1 0.618750 0.412500 0.171875 0.216667
1 0.311719 0.951042 0.160938 0.097917
1 0.077344 0.281250 0.154688 0.220833
1 0.108594 0.811458 0.173438 0.239583
1 0.912500 0.170833 0.175000 0.233333
1 0.383594 0.062500 0.167187 0.125000
1 0.482031 0.948958 0.179688 0.102083
1 0.941406 0.522917 0.117188 0.216667
1 0.085156 0.073958 0.142188 0.147917
1 0.858594 0.652083 0.167187 0.229167
1 0.963281 0.903125 0.073438 0.193750
1 0.169531 0.577083 0.167187 0.216667
1 0.412500 0.767708 0.171875 0.227083
1 0.290625 0.188542 0.184375 0.202083
0 0.645312 0.768750 0.331250 0.416667
1 0.210156 0.403125 0.145313 0.197917
1 0.487500 0.534375 0.165625 0.218750
1 0.033594 0.491667 0.067188 0.191667
1 0.348438 0.451042 0.125000 0.289583
1 0.666406 0.185417 0.189063 0.266667
1 0.196875 0.034375 0.175000 0.068750
1 0.094531 0.969792 0.157813 0.056250
1 0.969531 0.046875 0.060938 0.089583
1 0.815625 0.343750 0.153125 0.204167
1 0.210156 0.811458 0.157813 0.235417
1 0.578125 0.033333 0.165625 0.066667
1 0.618750 0.412500 0.171875 0.216667
1 0.311719 0.951042 0.160938 0.097917
1 0.077344 0.281250 0.154688 0.220833
1 0.108594 0.811458 0.173438 0.239583
1 0.912500 0.170833 0.175000 0.233333
1 0.383594 0.062500 0.167187 0.125000
1 0.482031 0.948958 0.179688 0.102083
1 0.941406 0.522917 0.117188 0.216667
1 0.085156 0.073958 0.142188 0.147917
1 0.858594 0.652083 0.167187 0.229167
1 0.963281 0.903125 0.073438 0.193750
1 0.169531 0.577083 0.167187 0.216667
1 0.412500 0.767708 0.171875 0.227083
1 0.290625 0.188542 0.184375 0.202083
0 0.645312 0.768750 0.331250 0.416667
1 0.210156 0.403125 0.145313 0.197917
1 0.487500 0.534375 0.165625 0.218750
1 0.033594 0.491667 0.067188 0.191667
1 0.348438 0.451042 0.125000 0.289583
1 0.666406 0.185417 0.189063 0.266667
1 0.196875 0.034375 0.175000 0.068750
1 0.094531 0.969792 0.157813 0.056250
1 0.969531 0.046875 0.060938 0.089583
1 0.815625 0.343750 0.153125 0.204167
1 0.210156 0.811458 0.157813 0.235417
1 0.578125 0.033333 0.165625 0.066667
1 0.618750 0.412500 0.171875 0.216667
1 0.311719 0.951042 0.160938 0.097917
1 0.077344 0.281250 0.154688 0.220833
1 0.108594 0.811458 0.173438 0.239583
1 0.912500 0.170833 0.175000 0.233333
1 0.383594 0.062500 0.167187 0.125000
1 0.482031 0.948958 0.179688 0.102083
1 0.941406 0.522917 0.117188 0.216667
1 0.085156 0.073958 0.142188 0.147917
1 0.858594 0.652083 0.167187 0.229167
1 0.963281 0.903125 0.073438 0.193750
1 0.169531 0.577083 0.167187 0.216667
1 0.412500 0.767708 0.171875 0.227083
1 0.290625 0.188542 0.184375 0.202083
0 0.645312 0.768750 0.331250 0.416667
1 0.210156 0.403125 0.145313 0.197917
1 0.487500 0.534375 0.165625 0.218750
1 0.033594 0.491667 0.067188 0.191667
1 0.348438 0.451042 0.125000 0.289583
1 0.666406 0.185417 0.189063 0.266667
1 0.196875 0.034375 0.175000 0.068750
1 0.094531 0.969792 0.157813 0.056250
1 0.969531 0.046875 0.060938 0.089583
1 0.815625 0.343750 0.153125 0.204167
1 0.210156 0.811458 0.157813 0.235417
1 0.578125 0.033333 0.165625 0.066667
1 0.618750 0.412500 0.171875 0.216667
1 0.311719 0.951042 0.160938 0.097917
1 0.077344 0.281250 0.154688 0.220833
1 0.108594 0.811458 0.173438 0.239583
1 0.912500 0.170833 0.175000 0.233333
1 0.383594 0.062500 0.167187 0.125000
1 0.482031 0.948958 0.179688 0.102083
1 0.941406 0.522917 0.117188 0.216667
1 0.085156 0.073958 0.142188 0.147917
1 0.858594 0.652083 0.167187 0.229167
1 0.963281 0.903125 0.073438 0.193750
1 0.169531 0.577083 0.167187 0.216667
1 0.412500 0.767708 0.171875 0.227083
1 0.290625 0.188542 0.184375 0.202083
0 0.645312 0.768750 0.331250 0.416667
1 0.210156 0.403125 0.145313 0.197917
1 0.487500 0.534375 0.165625 0.218750
1 0.033594 0.491667 0.067188 0.191667
1 0.348438 0.451042 0.125000 0.289583
1 0.666406 0.185417 0.189063 0.266667
1 0.196875 0.034375 0.175000 0.068750
1 0.094531 0.969792 0.157813 0.056250
1 0.969531 0.046875 0.060938 0.089583
1 0.815625 0.343750 0.153125 0.204167
1 0.210156 0.811458 0.157813 0.235417
1 0.578125 0.033333 0.165625 0.066667
1 0.618750 0.412500 0.171875 0.216667
1 0.311719 0.951042 0.160938 0.097917
1 0.077344 0.281250 0.154688 0.220833
1 0.108594 0.811458 0.173438 0.239583
1 0.912500 0.170833 0.175000 0.233333
1 0.383594 0.062500 0.167187 0.125000
1 0.482031 0.948958 0.179688 0.102083
1 0.941406 0.522917 0.117188 0.216667
1 0.085156 0.073958 0.142188 0.147917
1 0.858594 0.652083 0.167187 0.229167
1 0.963281 0.903125 0.073438 0.193750
1 0.169531 0.577083 0.167187 0.216667
1 0.412500 0.767708 0.171875 0.227083
1 0.290625 0.188542 0.184375 0.202083
0 0.645312 0.768750 0.331250 0.416667
1 0.210156 0.403125 0.145313 0.197917
1 0.487500 0.534375 0.165625 0.218750
1 0.033594 0.491667 0.067188 0.191667
1 0.348438 0.451042 0.125000 0.289583
1 0.666406 0.185417 0.189063 0.266667
1 0.196875 0.034375 0.175000 0.068750
1 0.094531 0.969792 0.157813 0.056250
1 0.969531 0.046875 0.060938 0.089583
1 0.815625 0.343750 0.153125 0.204167
1 0.210156 0.811458 0.157813 0.235417
1 0.578125 0.033333 0.165625 0.066667
1 0.618750 0.412500 0.171875 0.216667
1 0.311719 0.951042 0.160938 0.097917
1 0.077344 0.281250 0.154688 0.220833
1 0.108594 0.811458 0.173438 0.239583
1 0.912500 0.170833 0.175000 0.233333
1 0.383594 0.062500 0.167187 0.125000
1 0.482031 0.948958 0.179688 0.102083
1 0.941406 0.522917 0.117188 0.216667
1 0.085156 0.073958 0.142188 0.147917
1 0.858594 0.652083 0.167187 0.229167
1 0.963281 0.903125 0.073438 0.193750
1 0.169531 0.577083 0.167187 0.216667
1 0.412500 0.767708 0.171875 0.227083
1 0.290625 0.188542 0.184375 0.202083
0 0.645312 0.768750 0.331250 0.416667
1 0.210156 0.403125 0.145313 0.197917
1 0.487500 0.534375 0.165625 0.218750
1 0.033594 0.491667 0.067188 0.191667
1 0.348438 0.451042 0.125000 0.289583
1 0.666406 0.185417 0.189063 0.266667
1 0.196875 0.034375 0.175000 0.068750
1 0.094531 0.969792 0.157813 0.056250
1 0.969531 0.046875 0.060938 0.089583
1 0.815625 0.343750 0.153125 0.204167
1 0.210156 0.811458 0.157813 0.235417
1 0.578125 0.033333 0.165625 0.066667
1 0.618750 0.412500 0.171875 0.216667
1 0.311719 0.951042 0.160938 0.097917
1 0.077344 0.281250 0.154688 0.220833
1 0.108594 0.811458 0.173438 0.239583
1 0.912500 0.170833 0.175000 0.233333
1 0.383594 0.062500 0.167187 0.125000
1 0.482031 0.948958 0.179688 0.102083
1 0.941406 0.522917 0.117188 0.216667
1 0.085156 0.073958 0.142188 0.147917
1 0.858594 0.652083 0.167187 0.229167
1 0.963281 0.903125 0.073438 0.193750
1 0.169531 0.577083 0.167187 0.216667
1 0.412500 0.767708 0.171875 0.227083
1 0.290625 0.188542 0.184375 0.202083
0 0.645312 0.768750 0.331250 0.416667
1 0.210156 0.403125 0.145313 0.197917
1 0.487500 0.534375 0.165625 0.218750
1 0.033594 0.491667 0.067188 0.191667
1 0.348438 0.451042 0.125000 0.289583
1 0.666406 0.185417 0.189063 0.266667
1 0.196875 0.034375 0.175000 0.068750
1 0.094531 0.969792 0.157813 0.056250
1 0.969531 0.046875 0.060938 0.089583
1 0.815625 0.343750 0.153125 0.204167
1 0.210156 0.811458 0.157813 0.235417
1 0.578125 0.033333 0.165625 0.066667
1 0.618750 0.412500 0.171875 0.216667
1 0.311719 0.951042 0.160938 0.097917
1 0.077344 0.281250 0.154688 0.220833
1 0.108594 0.811458 0.173438 0.239583
1 0.912500 0.170833 0.175000 0.233333
1 0.383594 0.062500 0.167187 0.125000
1 0.482031 0.948958 0.179688 0.102083
1 0.941406 0.522917 0.117188 0.216667
1 0.085156 0.073958 0.142188 0.147917
1 0.858594 0.652083 0.167187 0.229167
1 0.963281 0.903125 0.073438 0.193750
1 0.169531 0.577083 0.167187 0.216667
1 0.412500 0.767708 0.171875 0.227083
1 0.290625 0.188542 0.184375 0.202083
0 0.645312 0.768750 0.331250 0.416667
1 0.210156 0.403125 0.145313 0.197917
1 0.487500 0.534375 0.165625 0.218750
1 0.033594 0.491667 0.067188 0.191667
1 0.348438 0.451042 0.125000 0.289583
1 0.666406 0.185417 0.189063 0.266667
1 0.196875 0.034375 0.175000 0.068750
1 0.094531 0.969792 0.157813 0.056250
1 0.969531 0.046875 0.060938 0.089583
1 0.815625 0.343750 0.153125 0.204167
1 0.210156 0.811458 0.157813 0.235417
1 0.578125 0.033333 0.165625 0.066667
1 0.618750 0.412500 0.171875 0.216667
1 0.311719 0.951042 0.160938 0.097917
1 0.077344 0.281250 0.154688 0.220833
1 0.108594 0.811458 0.173438 0.239583
1 0.912500 0.170833 0.175000 0.233333
1 0.383594 0.062500 0.167187 0.125000
1 0.482031 0.948958 0.179688 0.102083
1 0.941406 0.522917 0.117188 0.216667
1 0.085156 0.073958 0.142188 0.147917
1 0.858594 0.652083 0.167187 0.229167
1 0.963281 0.903125 0.073438 0.193750
1 0.169531 0.577083 0.167187 0.216667
1 0.412500 0.767708 0.171875 0.227083
1 0.290625 0.188542 0.184375 0.202083
0 0.645312 0.768750 0.331250 0.416667
1 0.210156 0.403125 0.145313 0.197917
1 0.487500 0.534375 0.165625 0.218750
1 0.033594 0.491667 0.067188 0.191667
1 0.348438 0.451042 0.125000 0.289583
1 0.666406 0.185417 0.189063 0.266667
1 0.196875 0.034375 0.175000 0.068750
1 0.094531 0.969792 0.157813 0.056250
1 0.969531 0.046875 0.060938 0.089583
1 0.815625 0.343750 0.153125 0.204167
1 0.210156 0.811458 0.157813 0.235417
1 0.578125 0.033333 0.165625 0.066667
1 0.618750 0.412500 0.171875 0.216667
1 0.311719 0.951042 0.160938 0.097917
1 0.077344 0.281250 0.154688 0.220833
1 0.108594 0.811458 0.173438 0.239583
1 0.912500 0.170833 0.175000 0.233333
1 0.383594 0.062500 0.167187 0.125000
1 0.482031 0.948958 0.179688 0.102083
1 0.941406 0.522917 0.117188 0.216667
1 0.085156 0.073958 0.142188 0.147917
1 0.858594 0.652083 0.167187 0.229167
1 0.963281 0.903125 0.073438 0.193750
1 0.169531 0.577083 0.167187 0.216667
1 0.412500 0.767708 0.171875 0.227083
1 0.290625 0.188542 0.184375 0.202083
0 0.645312 0.768750 0.331250 0.416667
1 0.210156 0.403125 0.145313 0.197917
1 0.487500 0.534375 0.165625 0.218750
1 0.033594 0.491667 0.067188 0.191667
1 0.348438 0.451042 0.125000 0.289583
1 0.666406 0.185417 0.189063 0.266667
1 0.196875 0.034375 0.175000 0.068750
1 0.094531 0.969792 0.157813 0.056250
1 0.969531 0.046875 0.060938 0.089583
1 0.815625 0.343750 0.153125 0.204167
1 0.210156 0.811458 0.157813 0.235417
1 0.578125 0.033333 0.165625 0.066667
1 0.618750 0.412500 0.171875 0.216667
1 0.311719 0.951042 0.160938 0.097917
1 0.077344 0.281250 0.154688 0.220833
1 0.108594 0.811458 0.173438 0.239583
1 0.912500 0.170833 0.175000 0.233333
1 0.383594 0.062500 0.167187 0.125000
1 0.482031 0.948958 0.179688 0.102083
1 0.941406 0.522917 0.117188 0.216667
1 0.085156 0.073958 0.142188 0.147917
1 0.858594 0.652083 0.167187 0.229167
1 0.963281 0.903125 0.073438 0.193750
1 0.169531 0.577083 0.167187 0.216667
1 0.412500 0.767708 0.171875 0.227083
1 0.290625 0.188542 0.184375 0.202083
0 0.645312 0.768750 0.331250 0.416667
1 0.210156 0.403125 0.145313 0.197917
1 0.487500 0.534375 0.165625 0.218750
1 0.033594 0.491667 0.067188 0.191667
1 0.348438 0.451042 0.125000 0.289583
1 0.666406 0.185417 0.189063 0.266667
1 0.196875 0.034375 0.175000 0.068750
1 0.094531 0.969792 0.157813 0.056250
1 0.969531 0.046875 0.060938 0.089583
1 0.815625 0.343750 0.153125 0.204167
1 0.210156 0.811458 0.157813 0.235417
1 0.578125 0.033333 0.165625 0.066667
1 0.618750 0.412500 0.171875 0.216667
1 0.311719 0.951042 0.160938 0.097917
1 0.077344 0.281250 0.154688 0.220833
1 0.108594 0.811458 0.173438 0.239583
1 0.912500 0.170833 0.175000 0.233333
1 0.383594 0.062500 0.167187 0.125000
1 0.482031 0.948958 0.179688 0.102083
1 0.941406 0.522917 0.117188 0.216667
1 0.085156 0.073958 0.142188 0.147917
1 0.858594 0.652083 0.167187 0.229167
1 0.963281 0.903125 0.073438 0.193750
1 0.169531 0.577083 0.167187 0.216667
1 0.412500 0.767708 0.171875 0.227083
1 0.290625 0.188542 0.184375 0.202083
0 0.645312 0.768750 0.331250 0.416667
1 0.210156 0.403125 0.145313 0.197917
1 0.487500 0.534375 0.165625 0.218750
1 0.033594 0.491667 0.067188 0.191667
1 0.348438 0.451042 0.125000 0.289583
1 0.666406 0.185417 0.189063 0.266667
1 0.196875 0.034375 0.175000 0.068750
1 0.094531 0.969792 0.157813 0.056250
1 0.969531 0.046875 0.060938 0.089583
1 0.815625 0.343750 0.153125 0.204167
1 0.210156 0.811458 0.157813 0.235417
1 0.578125 0.033333 0.165625 0.066667
1 0.618750 0.412500 0.171875 0.216667
1 0.311719 0.951042 0.160938 0.097917
1 0.077344 0.281250 0.154688 0.220833
1 0.108594 0.811458 0.173438 0.239583
1 0.912500 0.170833 0.175000 0.233333
1 0.383594 0.062500 0.167187 0.125000
1 0.482031 0.948958 0.179688 0.102083
1 0.941406 0.522917 0.117188 0.216667
1 0.085156 0.073958 0.142188 0.147917
1 0.858594 0.652083 0.167187 0.229167
1 0.963281 0.903125 0.073438 0.193750
1 0.169531 0.577083 0.167187 0.216667
1 0.412500 0.767708 0.171875 0.227083
1 0.290625 0.188542 0.184375 0.202083
0 0.645312 0.768750 0.331250 0.416667
1 0.210156 0.403125 0.145313 0.197917
1 0.487500 0.534375 0.165625 0.218750
1 0.033594 0.491667 0.067188 0.191667
1 0.348438 0.451042 0.125000 0.289583
1 0.666406 0.185417 0.189063 0.266667
1 0.196875 0.034375 0.175000 0.068750
1 0.094531 0.969792 0.157813 0.056250
1 0.969531 0.046875 0.060938 0.089583
1 0.815625 0.343750 0.153125 0.204167
1 0.210156 0.811458 0.157813 0.235417
1 0.578125 0.033333 0.165625 0.066667
1 0.618750 0.412500 0.171875 0.216667
1 0.311719 0.951042 0.160938 0.097917
1 0.077344 0.281250 0.154688 0.220833
1 0.108594 0.811458 0.173438 0.239583
1 0.912500 0.170833 0.175000 0.233333
1 0.383594 0.062500 0.167187 0.125000
1 0.482031 0.948958 0.179688 0.102083
1 0.941406 0.522917 0.117188 0.216667
1 0.085156 0.073958 0.142188 0.147917
1 0.858594 0.652083 0.167187 0.229167
1 0.963281 0.903125 0.073438 0.193750
1 0.169531 0.577083 0.167187 0.216667
1 0.412500 0.767708 0.171875 0.227083
1 0.290625 0.188542 0.184375 0.202083
0 0.645312 0.768750 0.331250 0.416667
1 0.210156 0.403125 0.145313 0.197917
1 0.487500 0.534375 0.165625 0.218750
1 0.033594 0.491667 0.067188 0.191667
1 0.348438 0.451042 0.125000 0.289583
1 0.666406 0.185417 0.189063 0.266667
1 0.196875 0.034375 0.175000 0.068750
1 0.094531 0.969792 0.157813 0.056250
1 0.969531 0.046875 0.060938 0.089583
1 0.815625 0.343750 0.153125 0.204167
1 0.210156 0.811458 0.157813 0.235417
1 0.578125 0.033333 0.165625 0.066667
1 0.618750 0.412500 0.171875 0.216667
1 0.311719 0.951042 0.160938 0.097917
1 0.077344 0.281250 0.154688 0.220833
1 0.108594 0.811458 0.173438 0.239583
1 0.912500 0.170833 0.175000 0.233333
1 0.383594 0.062500 0.167187 0.125000
1 0.482031 0.948958 0.179688 0.102083
1 0.941406 0.522917 0.117188 0.216667
1 0.085156 0.073958 0.142188 0.147917
1 0.858594 0.652083 0.167187 0.229167
1 0.963281 0.903125 0.073438 0.193750
1 0.169531 0.577083 0.167187 0.216667
1 0.412500 0.767708 0.171875 0.227083
1 0.290625 0.188542 0.184375 0.202083
0 0.645312 0.768750 0.331250 0.416667
1 0.210156 0.403125 0.145313 0.197917
1 0.487500 0.534375 0.165625 0.218750
