1 0.023438 0.881250 0.046875 0.191667
1 0.566406 0.437500 0.160938 0.237500
1 0.076563 0.412500 0.137500 0.195833
1 0.928906 0.278125 0.135937 0.189583
1 0.367188 0.529167 0.184375 0.225000
1 0.851562 0.047917 0.150000 0.095833
1 0.657031 0.834375 0.148438 0.206250
1 0.681250 0.345833 0.153125 0.179167
1 0.831250 0.134375 0.171875 0.210417
1 0.839063 0.875000 0.153125 0.200000
1 0.109375 0.745833 0.168750 0.233333
1 0.960938 0.847917 0.078125 0.212500
1 0.565625 0.731250 0.159375 0.208333
1 0.639844 0.621875 0.157813 0.193750
1 0.941406 0.636458 0.110937 0.185417
1 0.107813 0.127083 0.193750 0.229167
2 0.466406 0.590625 0.064062 0.081250
1 0.957812 0.091667 0.084375 0.183333
1 0.812500 0.600000 0.146875 0.220833
0 0.273438 0.835417 0.315625 0.329167
0 0.409375 0.236458 0.300000 0.402083
1 0.023438 0.881250 0.046875 0.191667
1 0.566406 0.437500 0.160938 0.237500
1 0.076563 0.412500 0.137500 0.195833
1 0.928906 0.278125 0.135937 0.189583
1 0.367188 0.529167 0.184375 0.225000
1 0.851562 0.047917 0.150000 0.095833
1 0.657031 0.834375 0.148438 0.206250
1 0.681250 0.345833 0.153125 0.179167
1 0.831250 0.134375 0.171875 0.210417
1 0.839063 0.875000 0.153125 0.200000
1 0.109375 0.745833 0.168750 0.233333
1 0.960938 0.847917 0.078125 0.212500
1 0.565625 0.731250 0.159375 0.208333
1 0.639844 0.621875 0.157813 0.193750
1 0.941406 0.636458 0.110937 0.185417
1 0.107813 0.127083 0.193750 0.229167
2 0.466406 0.590625 0.064062 0.081250
1 0.957812 0.091667 0.084375 0.183333
1 0.812500 0.600000 0.146875 0.220833
0 0.273438 0.835417 0.315625 0.329167
0 0.409375 0.236458 0.300000 0.402083
1 0.023438 0.881250 0.046875 0.191667
1 0.566406 0.437500 0.160938 0.237500
1 0.076563 0.412500 0.137500 0.195833
1 0.928906 0.278125 0.135937 0.189583
1 0.367188 0.529167 0.184375 0.225000
1 0.851562 0.047917 0.150000 0.095833
1 0.657031 0.834375 0.148438 0.206250
1 0.681250 0.345833 0.153125 0.179167
1 0.831250 0.134375 0.171875 0.210417
1 0.839063 0.875000 0.153125 0.200000
1 0.109375 0.745833 0.168750 0.233333
1 0.960938 0.847917 0.078125 0.212500
1 0.565625 0.731250 0.159375 0.208333
1 0.639844 0.621875 0.157813 0.193750
1 0.941406 0.636458 0.110937 0.185417
1 0.107813 0.127083 0.193750 0.229167
2 0.466406 0.590625 0.064062 0.081250
1 0.957812 0.091667 0.084375 0.183333
1 0.812500 0.600000 0.146875 0.220833
0 0.273438 0.835417 0.315625 0.329167
0 0.409375 0.236458 0.300000 0.402083
1 0.023438 0.881250 0.046875 0.191667
1 0.566406 0.437500 0.160938 0.237500
1 0.076563 0.412500 0.137500 0.195833
1 0.928906 0.278125 0.135937 0.189583
1 0.367188 0.529167 0.184375 0.225000
1 0.851562 0.047917 0.150000 0.095833
1 0.657031 0.834375 0.148438 0.206250
1 0.681250 0.345833 0.153125 0.179167
1 0.831250 0.134375 0.171875 0.210417
1 0.839063 0.875000 0.153125 0.200000
1 0.109375 0.745833 0.168750 0.233333
1 0.960938 0.847917 0.078125 0.212500
1 0.565625 0.731250 0.159375 0.208333
1 0.639844 0.621875 0.157813 0.193750
1 0.941406 0.636458 0.110937 0.185417
1 0.107813 0.127083 0.193750 0.229167
2 0.466406 0.590625 0.064062 0.081250
1 0.957812 0.091667 0.084375 0.183333
1 0.812500 0.600000 0.146875 0.220833
0 0.273438 0.835417 0.315625 0.329167
0 0.409375 0.236458 0.300000 0.402083
1 0.023438 0.881250 0.046875 0.191667
1 0.566406 0.437500 0.160938 0.237500
1 0.076563 0.412500 0.137500 0.195833
1 0.928906 0.278125 0.135937 0.189583
1 0.367188 0.529167 0.184375 0.225000
1 0.851562 0.047917 0.150000 0.095833
1 0.657031 0.834375 0.148438 0.206250
1 0.681250 0.345833 0.153125 0.179167
1 0.831250 0.134375 0.171875 0.210417
1 0.839063 0.875000 0.153125 0.200000
1 0.109375 0.745833 0.168750 0.233333
1 0.960938 0.847917 0.078125 0.212500
1 0.565625 0.731250 0.159375 0.208333
1 0.639844 0.621875 0.157813 0.193750
1 0.941406 0.636458 0.110937 0.185417
1 0.107813 0.127083 0.193750 0.229167
2 0.466406 0.590625 0.064062 0.081250
1 0.957812 0.091667 0.084375 0.183333
1 0.812500 0.600000 0.146875 0.220833
0 0.273438 0.835417 0.315625 0.329167
0 0.409375 0.236458 0.300000 0.402083
1 0.023438 0.881250 0.046875 0.191667
1 0.566406 0.437500 0.160938 0.237500
1 0.076563 0.412500 0.137500 0.195833
1 0.928906 0.278125 0.135937 0.189583
1 0.367188 0.529167 0.184375 0.225000
1 0.851562 0.047917 0.150000 0.095833
1 0.657031 0.834375 0.148438 0.206250
1 0.681250 0.345833 0.153125 0.179167
1 0.831250 0.134375 0.171875 0.210417
1 0.839063 0.875000 0.153125 0.200000
1 0.109375 0.745833 0.168750 0.233333
1 0.960938 0.847917 0.078125 0.212500
1 0.565625 0.731250 0.159375 0.208333
1 0.639844 0.621875 0.157813 0.193750
1 0.941406 0.636458 0.110937 0.185417
1 0.107813 0.127083 0.193750 0.229167
2 0.466406 0.590625 0.064062 0.081250
1 0.957812 0.091667 0.084375 0.183333
1 0.812500 0.600000 0.146875 0.220833
0 0.273438 0.835417 0.315625 0.329167
0 0.409375 0.236458 0.300000 0.402083
1 0.023438 0.881250 0.046875 0.191667
1 0.566406 0.437500 0.160938 0.237500
1 0.076563 0.412500 0.137500 0.195833
1 0.928906 0.278125 0.135937 0.189583
1 0.367188 0.529167 0.184375 0.225000
1 0.851562 0.047917 0.150000 0.095833
1 0.657031 0.834375 0.148438 0.206250
1 0.681250 0.345833 0.153125 0.179167
1 0.831250 0.134375 0.171875 0.210417
1 0.839063 0.875000 0.153125 0.200000
1 0.109375 0.745833 0.168750 0.233333
1 0.960938 0.847917 0.078125 0.212500
1 0.565625 0.731250 0.159375 0.208333
1 0.639844 0.621875 0.157813 0.193750
1 0.941406 0.636458 0.110937 0.185417
1 0.107813 0.127083 0.193750 0.229167
2 0.466406 0.590625 0.064062 0.081250
1 0.957812 0.091667 0.084375 0.183333
1 0.812500 0.600000 0.146875 0.220833
0 0.273438 0.835417 0.315625 0.329167
0 0.409375 0.236458 0.300000 0.402083
1 0.023438 0.881250 0.046875 0.191667
1 0.566406 0.437500 0.160938 0.237500
1 0.076563 0.412500 0.137500 0.195833
1 0.928906 0.278125 0.135937 0.189583
1 0.367188 0.529167 0.184375 0.225000
1 0.851562 0.047917 0.150000 0.095833
1 0.657031 0.834375 0.148438 0.206250
1 0.681250 0.345833 0.153125 0.179167
1 0.831250 0.134375 0.171875 0.210417
1 0.839063 0.875000 0.153125 0.200000
1 0.109375 0.745833 0.168750 0.233333
1 0.960938 0.847917 0.078125 0.212500
1 0.565625 0.731250 0.159375 0.208333
1 0.639844 0.621875 0.157813 0.193750
1 0.941406 0.636458 0.110937 0.185417
1 0.107813 0.127083 0.193750 0.229167
2 0.466406 0.590625 0.064062 0.081250
1 0.957812 0.091667 0.084375 0.183333
1 0.812500 0.600000 0.146875 0.220833
0 0.273438 0.835417 0.315625 0.329167
0 0.409375 0.236458 0.300000 0.402083
1 0.023438 0.881250 0.046875 0.191667
1 0.566406 0.437500 0.160938 0.237500
1 0.076563 0.412500 0.137500 0.195833
1 0.928906 0.278125 0.135937 0.189583
1 0.367188 0.529167 0.184375 0.225000
1 0.851562 0.047917 0.150000 0.095833
1 0.657031 0.834375 0.148438 0.206250
1 0.681250 0.345833 0.153125 0.179167
1 0.831250 0.134375 0.171875 0.210417
1 0.839063 0.875000 0.153125 0.200000
1 0.109375 0.745833 0.168750 0.233333
1 0.960938 0.847917 0.078125 0.212500
1 0.565625 0.731250 0.159375 0.208333
1 0.639844 0.621875 0.157813 0.193750
1 0.941406 0.636458 0.110937 0.185417
1 0.107813 0.127083 0.193750 0.229167
2 0.466406 0.590625 0.064062 0.081250
1 0.957812 0.091667 0.084375 0.183333
1 0.812500 0.600000 0.146875 0.220833
0 0.273438 0.835417 0.315625 0.329167
0 0.409375 0.236458 0.300000 0.402083
1 0.023438 0.881250 0.046875 0.191667
1 0.566406 0.437500 0.160938 0.237500
1 0.076563 0.412500 0.137500 0.195833
1 0.928906 0.278125 0.135937 0.189583
1 0.367188 0.529167 0.184375 0.225000
1 0.851562 0.047917 0.150000 0.095833
1 0.657031 0.834375 0.148438 0.206250
1 0.681250 0.345833 0.153125 0.179167
1 0.831250 0.134375 0.171875 0.210417
1 0.839063 0.875000 0.153125 0.200000
1 0.109375 0.745833 0.168750 0.233333
1 0.960938 0.847917 0.078125 0.212500
1 0.565625 0.731250 0.159375 0.208333
1 0.639844 0.621875 0.157813 0.193750
1 0.941406 0.636458 0.110937 0.185417
1 0.107813 0.127083 0.193750 0.229167
2 0.466406 0.590625 0.064062 0.081250
1 0.957812 0.091667 0.084375 0.183333
1 0.812500 0.600000 0.146875 0.220833
0 0.273438 0.835417 0.315625 0.329167
0 0.409375 0.236458 0.300000 0.402083
1 0.023438 0.881250 0.046875 0.191667
1 0.566406 0.437500 0.160938 0.237500
1 0.076563 0.412500 0.137500 0.195833
1 0.928906 0.278125 0.135937 0.189583
1 0.367188 0.529167 0.184375 0.225000
1 0.851562 0.047917 0.150000 0.095833
1 0.657031 0.834375 0.148438 0.206250
1 0.681250 0.345833 0.153125 0.179167
1 0.831250 0.134375 0.171875 0.210417
1 0.839063 0.875000 0.153125 0.200000
1 0.109375 0.745833 0.168750 0.233333
1 0.960938 0.847917 0.078125 0.212500
1 0.565625 0.731250 0.159375 0.208333
1 0.639844 0.621875 0.157813 0.193750
1 0.941406 0.636458 0.110937 0.185417
1 0.107813 0.127083 0.193750 0.229167
2 0.466406 0.590625 0.064062 0.081250
1 0.957812 0.091667 0.084375 0.183333
1 0.812500 0.600000 0.146875 0.220833
0 0.273438 0.835417 0.315625 0.329167
0 0.409375 0.236458 0.300000 0.402083
1 0.023438 0.881250 0.046875 0.191667
1 0.566406 0.437500 0.160938 0.237500
1 0.076563 0.412500 0.137500 0.195833
1 0.928906 0.278125 0.135937 0.189583
1 0.367188 0.529167 0.184375 0.225000
1 0.851562 0.047917 0.150000 0.095833
1 0.657031 0.834375 0.148438 0.206250
1 0.681250 0.345833 0.153125 0.179167
1 0.831250 0.134375 0.171875 0.210417
1 0.839063 0.875000 0.153125 0.200000
1 0.109375 0.745833 0.168750 0.233333
1 0.960938 0.847917 0.078125 0.212500
1 0.565625 0.731250 0.159375 0.208333
1 0.639844 0.621875 0.157813 0.193750
1 0.941406 0.636458 0.110937 0.185417
1 0.107813 0.127083 0.193750 0.229167
2 0.466406 0.590625 0.064062 0.081250
1 0.957812 0.091667 0.084375 0.183333
1 0.812500 0.600000 0.146875 0.220833
0 0.273438 0.835417 0.315625 0.329167
0 0.409375 0.236458 0.300000 0.402083
1 0.023438 0.881250 0.046875 0.191667
1 0.566406 0.437500 0.160938 0.237500
1 0.076563 0.412500 0.137500 0.195833
1 0.928906 0.278125 0.135937 0.189583
1 0.367188 0.529167 0.184375 0.225000
1 0.851562 0.047917 0.150000 0.095833
1 0.657031 0.834375 0.148438 0.206250
1 0.681250 0.345833 0.153125 0.179167
1 0.831250 0.134375 0.171875 0.210417
1 0.839063 0.875000 0.153125 0.200000
1 0.109375 0.745833 0.168750 0.233333
1 0.960938 0.847917 0.078125 0.212500
1 0.565625 0.731250 0.159375 0.208333
1 0.639844 0.621875 0.157813 0.193750
1 0.941406 0.636458 0.110937 0.185417
1 0.107813 0.127083 0.193750 0.229167
2 0.466406 0.590625 0.064062 0.081250
1 0.957812 0.091667 0.084375 0.183333
1 0.812500 0.600000 0.146875 0.220833
0 0.273438 0.835417 0.315625 0.329167
0 0.409375 0.236458 0.300000 0.402083
1 0.023438 0.881250 0.046875 0.191667
1 0.566406 0.437500 0.160938 0.237500
1 0.076563 0.412500 0.137500 0.195833
1 0.928906 0.278125 0.135937 0.189583
1 0.367188 0.529167 0.184375 0.225000
1 0.851562 0.047917 0.150000 0.095833
1 0.657031 0.834375 0.148438 0.206250
1 0.681250 0.345833 0.153125 0.179167
1 0.831250 0.134375 0.171875 0.210417
1 0.839063 0.875000 0.153125 0.200000
1 0.109375 0.745833 0.168750 0.233333
1 0.960938 0.847917 0.078125 0.212500
1 0.565625 0.731250 0.159375 0.208333
1 0.639844 0.621875 0.157813 0.193750
1 0.941406 0.636458 0.110937 0.185417
1 0.107813 0.127083 0.193750 0.229167
2 0.466406 0.590625 0.064062 0.081250
1 0.957812 0.091667 0.084375 0.183333
1 0.812500 0.600000 0.146875 0.220833
0 0.273438 0.835417 0.315625 0.329167
0 0.409375 0.236458 0.300000 0.402083
1 0.023438 0.881250 0.046875 0.191667
1 0.566406 0.437500 0.160938 0.237500
1 0.076563 0.412500 0.137500 0.195833
1 0.928906 0.278125 0.135937 0.189583
1 0.367188 0.529167 0.184375 0.225000
1 0.851562 0.047917 0.150000 0.095833
1 0.657031 0.834375 0.148438 0.206250
1 0.681250 0.345833 0.153125 0.179167
1 0.831250 0.134375 0.171875 0.210417
1 0.839063 0.875000 0.153125 0.200000
1 0.109375 0.745833 0.168750 0.233333
1 0.960938 0.847917 0.078125 0.212500
1 0.565625 0.731250 0.159375 0.208333
1 0.639844 0.621875 0.157813 0.193750
1 0.941406 0.636458 0.110937 0.185417
1 0.107813 0.127083 0.193750 0.229167
2 0.466406 0.590625 0.064062 0.081250
1 0.957812 0.091667 0.084375 0.183333
1 0.812500 0.600000 0.146875 0.220833
0 0.273438 0.835417 0.315625 0.329167
0 0.409375 0.236458 0.300000 0.402083
1 0.023438 0.881250 0.046875 0.191667
1 0.566406 0.437500 0.160938 0.237500
1 0.076563 0.412500 0.137500 0.195833
1 0.928906 0.278125 0.135937 0.189583
1 0.367188 0.529167 0.184375 0.225000
1 0.851562 0.047917 0.150000 0.095833
1 0.657031 0.834375 0.148438 0.206250
1 0.681250 0.345833 0.153125 0.179167
1 0.831250 0.134375 0.171875 0.210417
1 0.839063 0.875000 0.153125 0.200000
1 0.109375 0.745833 0.168750 0.233333
1 0.960938 0.847917 0.078125 0.212500
1 0.565625 0.731250 0.159375 0.208333
1 0.639844 0.621875 0.157813 0.193750
1 0.941406 0.636458 0.110937 0.185417
1 0.107813 0.127083 0.193750 0.229167
2 0.466406 0.590625 0.064062 0.081250
1 0.957812 0.091667 0.084375 0.183333
1 0.812500 0.600000 0.146875 0.220833
0 0.273438 0.835417 0.315625 0.329167
0 0.409375 0.236458 0.300000 0.402083
1 0.023438 0.881250 0.046875 0.191667
1 0.566406 0.437500 0.160938 0.237500
1 0.076563 0.412500 0.137500 0.195833
1 0.928906 0.278125 0.135937 0.189583
1 0.367188 0.529167 0.184375 0.225000
1 0.851562 0.047917 0.150000 0.095833
1 0.657031 0.834375 0.148438 0.206250
1 0.681250 0.345833 0.153125 0.179167
1 0.831250 0.134375 0.171875 0.210417
1 0.839063 0.875000 0.153125 0.200000
1 0.109375 0.745833 0.168750 0.233333
1 0.960938 0.847917 0.078125 0.212500
1 0.565625 0.731250 0.159375 0.208333
1 0.639844 0.621875 0.157813 0.193750
1 0.941406 0.636458 0.110937 0.185417
1 0.107813 0.127083 0.193750 0.229167
2 0.466406 0.590625 0.064062 0.081250
1 0.957812 0.091667 0.084375 0.183333
1 0.812500 0.600000 0.146875 0.220833
0 0.273438 0.835417 0.315625 0.329167
0 0.409375 0.236458 0.300000 0.402083
1 0.023438 0.881250 0.046875 0.191667
1 0.566406 0.437500 0.160938 0.237500
1 0.076563 0.412500 0.137500 0.195833
1 0.928906 0.278125 0.135937 0.189583
1 0.367188 0.529167 0.184375 0.225000
1 0.851562 0.047917 0.150000 0.095833
1 0.657031 0.834375 0.148438 0.206250
1 0.681250 0.345833 0.153125 0.179167
1 0.831250 0.134375 0.171875 0.210417
1 0.839063 0.875000 0.153125 0.200000
1 0.109375 0.745833 0.168750 0.233333
1 0.960938 0.847917 0.078125 0.212500
1 0.565625 0.731250 0.159375 0.208333
1 0.639844 0.621875 0.157813 0.193750
1 0.941406 0.636458 0.110937 0.185417
1 0.107813 0.127083 0.193750 0.229167
2 0.466406 0.590625 0.064062 0.081250
1 0.957812 0.091667 0.084375 0.183333
1 0.812500 0.600000 0.146875 0.220833
0 0.273438 0.835417 0.315625 0.329167
0 0.409375 0.236458 0.300000 0.402083
1 0.023438 0.881250 0.046875 0.191667
1 0.566406 0.437500 0.160938 0.237500
1 0.076563 0.412500 0.137500 0.195833
1 0.928906 0.278125 0.135937 0.189583
1 0.367188 0.529167 0.184375 0.225000
1 0.851562 0.047917 0.150000 0.095833
1 0.657031 0.834375 0.148438 0.206250
1 0.681250 0.345833 0.153125 0.179167
1 0.831250 0.134375 0.171875 0.210417
1 0.839063 0.875000 0.153125 0.200000
1 0.109375 0.745833 0.168750 0.233333
1 0.960938 0.847917 0.078125 0.212500
1 0.565625 0.731250 0.159375 0.208333
1 0.639844 0.621875 0.157813 0.193750
1 0.941406 0.636458 0.110937 0.185417
1 0.107813 0.127083 0.193750 0.229167
2 0.466406 0.590625 0.064062 0.081250
1 0.957812 0.091667 0.084375 0.183333
1 0.812500 0.600000 0.146875 0.220833
0 0.273438 0.835417 0.315625 0.329167
0 0.409375 0.236458 0.300000 0.402083
1 0.023438 0.881250 0.046875 0.191667
1 0.566406 0.437500 0.160938 0.237500
1 0.076563 0.412500 0.137500 0.195833
1 0.928906 0.278125 0.135937 0.189583
1 0.367188 0.529167 0.184375 0.225000
1 0.851562 0.047917 0.150000 0.095833
1 0.657031 0.834375 0.148438 0.206250
1 0.681250 0.345833 0.153125 0.179167
1 0.831250 0.134375 0.171875 0.210417
1 0.839063 0.875000 0.153125 0.200000
1 0.109375 0.745833 0.168750 0.233333
1 0.960938 0.847917 0.078125 0.212500
1 0.565625 0.731250 0.159375 0.208333
1 0.639844 0.621875 0.157813 0.193750
1 0.941406 0.636458 0.110937 0.185417
1 0.107813 0.127083 0.193750 0.229167
2 0.466406 0.590625 0.064062 0.081250
1 0.957812 0.091667 0.084375 0.183333
1 0.812500 0.600000 0.146875 0.220833
0 0.273438 0.835417 0.315625 0.329167
0 0.409375 0.236458 0.300000 0.402083
1 0.023438 0.881250 0.046875 0.191667
1 0.566406 0.437500 0.160938 0.237500
1 0.076563 0.412500 0.137500 0.195833
1 0.928906 0.278125 0.135937 0.189583
1 0.367188 0.529167 0.184375 0.225000
1 0.851562 0.047917 0.150000 0.095833
1 0.657031 0.834375 0.148438 0.206250
1 0.681250 0.345833 0.153125 0.179167
1 0.831250 0.134375 0.171875 0.210417
1 0.839063 0.875000 0.153125 0.200000
1 0.109375 0.745833 0.168750 0.233333
1 0.960938 0.847917 0.078125 0.212500
1 0.565625 0.731250 0.159375 0.208333
1 0.639844 0.621875 0.157813 0.193750
1 0.941406 0.636458 0.110937 0.185417
1 0.107813 0.127083 0.193750 0.229167
2 0.466406 0.590625 0.064062 0.081250
1 0.957812 0.091667 0.084375 0.183333
1 0.812500 0.600000 0.146875 0.220833
0 0.273438 0.835417 0.315625 0.329167
0 0.409375 0.236458 0.300000 0.402083
