1 0.457031 0.795833 0.151562 0.191667
1 0.583594 0.970833 0.160938 0.058333
1 0.903125 0.223958 0.171875 0.272917
1 0.081250 0.556250 0.125000 0.191667
1 0.758594 0.036458 0.170313 0.072917
1 0.957812 0.081250 0.084375 0.162500
1 0.768750 0.808333 0.156250 0.216667
1 0.312500 0.613542 0.153125 0.177083
1 0.101562 0.072917 0.153125 0.145833
1 0.731250 0.906250 0.153125 0.183333
1 0.609375 0.602083 0.131250 0.183333
1 0.947656 0.720833 0.104688 0.241667
1 0.583594 0.371875 0.154688 0.214583
1 0.292188 0.808333 0.187500 0.233333
0 0.371094 0.408333 0.254688 0.325000
1 0.775000 0.262500 0.159375 0.175000
1 0.457031 0.795833 0.151562 0.191667
1 0.583594 0.970833 0.160938 0.058333
1 0.903125 0.223958 0.171875 0.272917
1 0.081250 0.556250 0.125000 0.191667
1 0.758594 0.036458 0.170313 0.072917
1 0.957812 0.081250 0.084375 0.162500
1 0.768750 0.808333 0.156250 0.216667
1 0.312500 0.613542 0.153125 0.177083
1 0.101562 0.072917 0.153125 0.145833
1 0.731250 0.906250 0.153125 0.183333
1 0.609375 0.602083 0.131250 0.183333
1 0.947656 0.720833 0.104688 0.241667
1 0.583594 0.371875 0.154688 0.214583
1 0.292188 0.808333 0.187500 0.233333
0 0.371094 0.408333 0.254688 0.325000
1 0.775000 0.262500 0.159375 0.175000
1 0.457031 0.795833 0.151562 0.191667
1 0.583594 0.970833 0.160938 0.058333
1 0.903125 0.223958 0.171875 0.272917
1 0.081250 0.556250 0.125000 0.191667
1 0.758594 0.036458 0.170313 0.072917
1 0.957812 0.081250 0.084375 0.162500
1 0.768750 0.808333 0.156250 0.216667
1 0.312500 0.613542 0.153125 0.177083
1 0.101562 0.072917 0.153125 0.145833
1 0.731250 0.906250 0.153125 0.183333
1 0.609375 0.602083 0.131250 0.183333
1 0.947656 0.720833 0.104688 0.241667
1 0.583594 0.371875 0.154688 0.214583
1 0.292188 0.808333 0.187500 0.233333
0 0.371094 0.408333 0.254688 0.325000
1 0.775000 0.262500 0.159375 0.175000
1 0.457031 0.795833 0.151562 0.191667
1 0.583594 0.970833 0.160938 0.058333
1 0.903125 0.223958 0.171875 0.272917
1 0.081250 0.556250 0.125000 0.191667
1 0.758594 0.036458 0.170313 0.072917
1 0.957812 0.081250 0.084375 0.162500
1 0.768750 0.808333 0.156250 0.216667
1 0.312500 0.613542 0.153125 0.177083
1 0.101562 0.072917 0.153125 0.145833
1 0.731250 0.906250 0.153125 0.183333
1 0.609375 0.602083 0.131250 0.183333
1 0.947656 0.720833 0.104688 0.241667
1 0.583594 0.371875 0.154688 0.214583
1 0.292188 0.808333 0.187500 0.233333
0 0.371094 0.408333 0.254688 0.325000
1 0.775000 0.262500 0.159375 0.175000
1 0.457031 0.795833 0.151562 0.191667
1 0.583594 0.970833 0.160938 0.058333
1 0.903125 0.223958 0.171875 0.272917
1 0.081250 0.556250 0.125000 0.191667
1 0.758594 0.036458 0.170313 0.072917
1 0.957812 0.081250 0.084375 0.162500
1 0.768750 0.808333 0.156250 0.216667
1 0.312500 0.613542 0.153125 0.177083
1 0.101562 0.072917 0.153125 0.145833
1 0.731250 0.906250 0.153125 0.183333
1 0.609375 0.602083 0.131250 0.183333
1 0.947656 0.720833 0.104688 0.241667
1 0.583594 0.371875 0.154688 0.214583
1 0.292188 0.808333 0.187500 0.233333
0 0.371094 0.408333 0.254688 0.325000
1 0.775000 0.262500 0.159375 0.175000
1 0.457031 0.795833 0.151562 0.191667
1 0.583594 0.970833 0.160938 0.058333
1 0.903125 0.223958 0.171875 0.272917
1 0.081250 0.556250 0.125000 0.191667
1 0.758594 0.036458 0.170313 0.072917
1 0.957812 0.081250 0.084375 0.162500
1 0.768750 0.808333 0.156250 0.216667
1 0.312500 0.613542 0.153125 0.177083
1 0.101562 0.072917 0.153125 0.145833
1 0.731250 0.906250 0.153125 0.183333
1 0.609375 0.602083 0.131250 0.183333
1 0.947656 0.720833 0.104688 0.241667
1 0.583594 0.371875 0.154688 0.214583
1 0.292188 0.808333 0.187500 0.233333
0 0.371094 0.408333 0.254688 0.325000
1 0.775000 0.262500 0.159375 0.175000
1 0.457031 0.795833 0.151562 0.191667
1 0.583594 0.970833 0.160938 0.058333
1 0.903125 0.223958 0.171875 0.272917
1 0.081250 0.556250 0.125000 0.191667
1 0.758594 0.036458 0.170313 0.072917
1 0.957812 0.081250 0.084375 0.162500
1 0.768750 0.808333 0.156250 0.216667
1 0.312500 0.613542 0.153125 0.177083
1 0.101562 0.072917 0.153125 0.145833
1 0.731250 0.906250 0.153125 0.183333
1 0.609375 0.602083 0.131250 0.183333
1 0.947656 0.720833 0.104688 0.241667
1 0.583594 0.371875 0.154688 0.214583
1 0.292188 0.808333 0.187500 0.233333
0 0.371094 0.408333 0.254688 0.325000
1 0.775000 0.262500 0.159375 0.175000
1 0.457031 0.795833 0.151562 0.191667
1 0.583594 0.970833 0.160938 0.058333
1 0.903125 0.223958 0.171875 0.272917
1 0.081250 0.556250 0.125000 0.191667
1 0.758594 0.036458 0.170313 0.072917
1 0.957812 0.081250 0.084375 0.162500
1 0.768750 0.808333 0.156250 0.216667
1 0.312500 0.613542 0.153125 0.177083
1 0.101562 0.072917 0.153125 0.145833
1 0.731250 0.906250 0.153125 0.183333
1 0.609375 0.602083 0.131250 0.183333
1 0.947656 0.720833 0.104688 0.241667
1 0.583594 0.371875 0.154688 0.214583
1 0.292188 0.808333 0.187500 0.233333
0 0.371094 0.408333 0.254688 0.325000
1 0.775000 0.262500 0.159375 0.175000
1 0.457031 0.795833 0.151562 0.191667
1 0.583594 0.970833 0.160938 0.058333
1 0.903125 0.223958 0.171875 0.272917
1 0.081250 0.556250 0.125000 0.191667
1 0.758594 0.036458 0.170313 0.072917
1 0.957812 0.081250 0.084375 0.162500
1 0.768750 0.808333 0.156250 0.216667
1 0.312500 0.613542 0.153125 0.177083
1 0.101562 0.072917 0.153125 0.145833
1 0.731250 0.906250 0.153125 0.183333
1 0.609375 0.602083 0.131250 0.183333
1 0.947656 0.720833 0.104688 0.241667
1 0.583594 0.371875 0.154688 0.214583
1 0.292188 0.808333 0.187500 0.233333
0 0.371094 0.408333 0.254688 0.325000
1 0.775000 0.262500 0.159375 0.175000
1 0.457031 0.795833 0.151562 0.191667
1 0.583594 0.970833 0.160938 0.058333
1 0.903125 0.223958 0.171875 0.272917
1 0.081250 0.556250 0.125000 0.191667
1 0.758594 0.036458 0.170313 0.072917
1 0.957812 0.081250 0.084375 0.162500
1 0.768750 0.808333 0.156250 0.216667
1 0.312500 0.613542 0.153125 0.177083
1 0.101562 0.072917 0.153125 0.145833
1 0.731250 0.906250 0.153125 0.183333
1 0.609375 0.602083 0.131250 0.183333
1 0.947656 0.720833 0.104688 0.241667
1 0.583594 0.371875 0.154688 0.214583
1 0.292188 0.808333 0.187500 0.233333
0 0.371094 0.408333 0.254688 0.325000
1 0.775000 0.262500 0.159375 0.175000
1 0.457031 0.795833 0.151562 0.191667
1 0.583594 0.970833 0.160938 0.058333
1 0.903125 0.223958 0.171875 0.272917
1 0.081250 0.556250 0.125000 0.191667
1 0.758594 0.036458 0.170313 0.072917
1 0.957812 0.081250 0.084375 0.162500
1 0.768750 0.808333 0.156250 0.216667
1 0.312500 0.613542 0.153125 0.177083
1 0.101562 0.072917 0.153125 0.145833
1 0.731250 0.906250 0.153125 0.183333
1 0.609375 0.602083 0.131250 0.183333
1 0.947656 0.720833 0.104688 0.241667
1 0.583594 0.371875 0.154688 0.214583
1 0.292188 0.808333 0.187500 0.233333
0 0.371094 0.408333 0.254688 0.325000
1 0.775000 0.262500 0.159375 0.175000
1 0.457031 0.795833 0.151562 0.191667
1 0.583594 0.970833 0.160938 0.058333
1 0.903125 0.223958 0.171875 0.272917
1 0.081250 0.556250 0.125000 0.191667
1 0.758594 0.036458 0.170313 0.072917
1 0.957812 0.081250 0.084375 0.162500
1 0.768750 0.808333 0.156250 0.216667
1 0.312500 0.613542 0.153125 0.177083
1 0.101562 0.072917 0.153125 0.145833
1 0.731250 0.906250 0.153125 0.183333
1 0.609375 0.602083 0.131250 0.183333
1 0.947656 0.720833 0.104688 0.241667
1 0.583594 0.371875 0.154688 0.214583
1 0.292188 0.808333 0.187500 0.233333
0 0.371094 0.408333 0.254688 0.325000
1 0.775000 0.262500 0.159375 0.175000
1 0.457031 0.795833 0.151562 0.191667
1 0.583594 0.970833 0.160938 0.058333
1 0.903125 0.223958 0.171875 0.272917
1 0.081250 0.556250 0.125000 0.191667
1 0.758594 0.036458 0.170313 0.072917
1 0.957812 0.081250 0.084375 0.162500
1 0.768750 0.808333 0.156250 0.216667
1 0.312500 0.613542 0.153125 0.177083
1 0.101562 0.072917 0.153125 0.145833
1 0.731250 0.906250 0.153125 0.183333
1 0.609375 0.602083 0.131250 0.183333
1 0.947656 0.720833 0.104688 0.241667
1 0.583594 0.371875 0.154688 0.214583
1 0.292188 0.808333 0.187500 0.233333
0 0.371094 0.408333 0.254688 0.325000
1 0.775000 0.262500 0.159375 0.175000
1 0.457031 0.795833 0.151562 0.191667
1 0.583594 0.970833 0.160938 0.058333
1 0.903125 0.223958 0.171875 0.272917
1 0.081250 0.556250 0.125000 0.191667
1 0.758594 0.036458 0.170313 0.072917
1 0.957812 0.081250 0.084375 0.162500
1 0.768750 0.808333 0.156250 0.216667
1 0.312500 0.613542 0.153125 0.177083
1 0.101562 0.072917 0.153125 0.145833
1 0.731250 0.906250 0.153125 0.183333
1 0.609375 0.602083 0.131250 0.183333
1 0.947656 0.720833 0.104688 0.241667
1 0.583594 0.371875 0.154688 0.214583
1 0.292188 0.808333 0.187500 0.233333
0 0.371094 0.408333 0.254688 0.325000
1 0.775000 0.262500 0.159375 0.175000
1 0.457031 0.795833 0.151562 0.191667
1 0.583594 0.970833 0.160938 0.058333
1 0.903125 0.223958 0.171875 0.272917
1 0.081250 0.556250 0.125000 0.191667
1 0.758594 0.036458 0.170313 0.072917
1 0.957812 0.081250 0.084375 0.162500
1 0.768750 0.808333 0.156250 0.216667
1 0.312500 0.613542 0.153125 0.177083
1 0.101562 0.072917 0.153125 0.145833
1 0.731250 0.906250 0.153125 0.183333
1 0.609375 0.602083 0.131250 0.183333
1 0.947656 0.720833 0.104688 0.241667
1 0.583594 0.371875 0.154688 0.214583
1 0.292188 0.808333 0.187500 0.233333
0 0.371094 0.408333 0.254688 0.325000
1 0.775000 0.262500 0.159375 0.175000
1 0.457031 0.795833 0.151562 0.191667
1 0.583594 0.970833 0.160938 0.058333
1 0.903125 0.223958 0.171875 0.272917
1 0.081250 0.556250 0.125000 0.191667
1 0.758594 0.036458 0.170313 0.072917
1 0.957812 0.081250 0.084375 0.162500
1 0.768750 0.808333 0.156250 0.216667
1 0.312500 0.613542 0.153125 0.177083
1 0.101562 0.072917 0.153125 0.145833
1 0.731250 0.906250 0.153125 0.183333
1 0.609375 0.602083 0.131250 0.183333
1 0.947656 0.720833 0.104688 0.241667
1 0.583594 0.371875 0.154688 0.214583
1 0.292188 0.808333 0.187500 0.233333
0 0.371094 0.408333 0.254688 0.325000
1 0.775000 0.262500 0.159375 0.175000
