1 0.467187 0.170833 0.187500 0.237500
1 0.060938 0.796875 0.118750 0.177083
1 0.460156 0.927083 0.157813 0.145833
1 0.706250 0.888542 0.196875 0.222917
1 0.789062 0.831250 0.140625 0.191667
1 0.095312 0.085417 0.140625 0.170833
2 0.802344 0.652083 0.067188 0.087500
1 0.272656 0.111458 0.210938 0.218750
1 0.145313 0.896875 0.178125 0.197917
1 0.932031 0.439583 0.135937 0.241667
1 0.142188 0.363542 0.175000 0.210417
1 0.330469 0.456250 0.176563 0.212500
0 0.502344 0.689583 0.235938 0.254167
0 0.742969 0.343750 0.239063 0.291667
1 0.467187 0.170833 0.187500 0.237500
1 0.060938 0.796875 0.118750 0.177083
1 0.460156 0.927083 0.157813 0.145833
1 0.706250 0.888542 0.196875 0.222917
1 0.789062 0.831250 0.140625 0.191667
1 0.095312 0.085417 0.140625 0.170833
2 0.802344 0.652083 0.067188 0.087500
1 0.272656 0.111458 0.210938 0.218750
1 0.145313 0.896875 0.178125 0.197917
1 0.932031 0.439583 0.135937 0.241667
1 0.142188 0.363542 0.175000 0.210417
1 0.330469 0.456250 0.176563 0.212500
0 0.502344 0.689583 0.235938 0.254167
0 0.742969 0.343750 0.239063 0.291667
1 0.467187 0.170833 0.187500 0.237500
1 0.060938 0.796875 0.118750 0.177083
1 0.460156 0.927083 0.157813 0.145833
1 0.706250 0.888542 0.196875 0.222917
1 0.789062 0.831250 0.140625 0.191667
1 0.095312 0.085417 0.140625 0.170833
2 0.802344 0.652083 0.067188 0.087500
1 0.272656 0.111458 0.210938 0.218750
1 0.145313 0.896875 0.178125 0.197917
1 0.932031 0.439583 0.135937 0.241667
1 0.142188 0.363542 0.175000 0.210417
1 0.330469 0.456250 0.176563 0.212500
0 0.502344 0.689583 0.235938 0.254167
0 0.742969 0.343750 0.239063 0.291667
1 0.467187 0.170833 0.187500 0.237500
1 0.060938 0.796875 0.118750 0.177083
1 0.460156 0.927083 0.157813 0.145833
1 0.706250 0.888542 0.196875 0.222917
1 0.789062 0.831250 0.140625 0.191667
1 0.095312 0.085417 0.140625 0.170833
2 0.802344 0.652083 0.067188 0.087500
1 0.272656 0.111458 0.210938 0.218750
1 0.145313 0.896875 0.178125 0.197917
1 0.932031 0.439583 0.135937 0.241667
1 0.142188 0.363542 0.175000 0.210417
1 0.330469 0.456250 0.176563 0.212500
0 0.502344 0.689583 0.235938 0.254167
0 0.742969 0.343750 0.239063 0.291667
1 0.467187 0.170833 0.187500 0.237500
1 0.060938 0.796875 0.118750 0.177083
1 0.460156 0.927083 0.157813 0.145833
1 0.706250 0.888542 0.196875 0.222917
1 0.789062 0.831250 0.140625 0.191667
1 0.095312 0.085417 0.140625 0.170833
2 0.802344 0.652083 0.067188 0.087500
1 0.272656 0.111458 0.210938 0.218750
1 0.145313 0.896875 0.178125 0.197917
1 0.932031 0.439583 0.135937 0.241667
1 0.142188 0.363542 0.175000 0.210417
1 0.330469 0.456250 0.176563 0.212500
0 0.502344 0.689583 0.235938 0.254167
0 0.742969 0.343750 0.239063 0.291667
1 0.467187 0.170833 0.187500 0.237500
1 0.060938 0.796875 0.118750 0.177083
1 0.460156 0.927083 0.157813 0.145833
1 0.706250 0.888542 0.196875 0.222917
1 0.789062 0.831250 0.140625 0.191667
1 0.095312 0.085417 0.140625 0.170833
2 0.802344 0.652083 0.067188 0.087500
1 0.272656 0.111458 0.210938 0.218750
1 0.145313 0.896875 0.178125 0.197917
1 0.932031 0.439583 0.135937 0.241667
1 0.142188 0.363542 0.175000 0.210417
1 0.330469 0.456250 0.176563 0.212500
0 0.502344 0.689583 0.235938 0.254167
0 0.742969 0.343750 0.239063 0.291667
1 0.467187 0.170833 0.187500 0.237500
1 0.060938 0.796875 0.118750 0.177083
1 0.460156 0.927083 0.157813 0.145833
1 0.706250 0.888542 0.196875 0.222917
1 0.789062 0.831250 0.140625 0.191667
1 0.095312 0.085417 0.140625 0.170833
2 0.802344 0.652083 0.067188 0.087500
1 0.272656 0.111458 0.210938 0.218750
1 0.145313 0.896875 0.178125 0.197917
1 0.932031 0.439583 0.135937 0.241667
1 0.142188 0.363542 0.175000 0.210417
1 0.330469 0.456250 0.176563 0.212500
0 0.502344 0.689583 0.235938 0.254167
0 0.742969 0.343750 0.239063 0.291667
1 0.467187 0.170833 0.187500 0.237500
1 0.060938 0.796875 0.118750 0.177083
1 0.460156 0.927083 0.157813 0.145833
1 0.706250 0.888542 0.196875 0.222917
1 0.789062 0.831250 0.140625 0.191667
1 0.095312 0.085417 0.140625 0.170833
2 0.802344 0.652083 0.067188 0.087500
1 0.272656 0.111458 0.210938 0.218750
1 0.145313 0.896875 0.178125 0.197917
1 0.932031 0.439583 0.135937 0.241667
1 0.142188 0.363542 0.175000 0.210417
1 0.330469 0.456250 0.176563 0.212500
0 0.502344 0.689583 0.235938 0.254167
0 0.742969 0.343750 0.239063 0.291667
1 0.467187 0.170833 0.187500 0.237500
1 0.060938 0.796875 0.118750 0.177083
1 0.460156 0.927083 0.157813 0.145833
1 0.706250 0.888542 0.196875 0.222917
1 0.789062 0.831250 0.140625 0.191667
1 0.095312 0.085417 0.140625 0.170833
2 0.802344 0.652083 0.067188 0.087500
1 0.272656 0.111458 0.210938 0.218750
1 0.145313 0.896875 0.178125 0.197917
1 0.932031 0.439583 0.135937 0.241667
1 0.142188 0.363542 0.175000 0.210417
1 0.330469 0.456250 0.176563 0.212500
0 0.502344 0.689583 0.235938 0.254167
0 0.742969 0.343750 0.239063 0.291667
1 0.467187 0.170833 0.187500 0.237500
1 0.060938 0.796875 0.118750 0.177083
1 0.460156 0.927083 0.157813 0.145833
1 0.706250 0.888542 0.196875 0.222917
1 0.789062 0.831250 0.140625 0.191667
1 0.095312 0.085417 0.140625 0.170833
2 0.802344 0.652083 0.067188 0.087500
1 0.272656 0.111458 0.210938 0.218750
1 0.145313 0.896875 0.178125 0.197917
1 0.932031 0.439583 0.135937 0.241667
1 0.142188 0.363542 0.175000 0.210417
1 0.330469 0.456250 0.176563 0.212500
0 0.502344 0.689583 0.235938 0.254167
0 0.742969 0.343750 0.239063 0.291667
1 0.467187 0.170833 0.187500 0.237500
1 0.060938 0.796875 0.118750 0.177083
1 0.460156 0.927083 0.157813 0.145833
1 0.706250 0.888542 0.196875 0.222917
1 0.789062 0.831250 0.140625 0.191667
1 0.095312 0.085417 0.140625 0.170833
2 0.802344 0.652083 0.067188 0.087500
1 0.272656 0.111458 0.210938 0.218750
1 0.145313 0.896875 0.178125 0.197917
1 0.932031 0.439583 0.135937 0.241667
1 0.142188 0.363542 0.175000 0.210417
1 0.330469 0.456250 0.176563 0.212500
0 0.502344 0.689583 0.235938 0.254167
0 0.742969 0.343750 0.239063 0.291667
1 0.467187 0.170833 0.187500 0.237500
1 0.060938 0.796875 0.118750 0.177083
1 0.460156 0.927083 0.157813 0.145833
1 0.706250 0.888542 0.196875 0.222917
1 0.789062 0.831250 0.140625 0.191667
1 0.095312 0.085417 0.140625 0.170833
2 0.802344 0.652083 0.067188 0.087500
1 0.272656 0.111458 0.210938 0.218750
1 0.145313 0.896875 0.178125 0.197917
1 0.932031 0.439583 0.135937 0.241667
1 0.142188 0.363542 0.175000 0.210417
1 0.330469 0.456250 0.176563 0.212500
0 0.502344 0.689583 0.235938 0.254167
0 0.742969 0.343750 0.239063 0.291667
1 0.467187 0.170833 0.187500 0.237500
1 0.060938 0.796875 0.118750 0.177083
1 0.460156 0.927083 0.157813 0.145833
1 0.706250 0.888542 0.196875 0.222917
1 0.789062 0.831250 0.140625 0.191667
1 0.095312 0.085417 0.140625 0.170833
2 0.802344 0.652083 0.067188 0.087500
1 0.272656 0.111458 0.210938 0.218750
1 0.145313 0.896875 0.178125 0.197917
1 0.932031 0.439583 0.135937 0.241667
1 0.142188 0.363542 0.175000 0.210417
1 0.330469 0.456250 0.176563 0.212500
0 0.502344 0.689583 0.235938 0.254167
0 0.742969 0.343750 0.239063 0.291667
1 0.467187 0.170833 0.187500 0.237500
1 0.060938 0.796875 0.118750 0.177083
1 0.460156 0.927083 0.157813 0.145833
1 0.706250 0.888542 0.196875 0.222917
1 0.789062 0.831250 0.140625 0.191667
1 0.095312 0.085417 0.140625 0.170833
2 0.802344 0.652083 0.067188 0.087500
1 0.272656 0.111458 0.210938 0.218750
1 0.145313 0.896875 0.178125 0.197917
1 0.932031 0.439583 0.135937 0.241667
1 0.142188 0.363542 0.175000 0.210417
1 0.330469 0.456250 0.176563 0.212500
0 0.502344 0.689583 0.235938 0.254167
0 0.742969 0.343750 0.239063 0.291667
