1 0.050781 0.042708 0.101562 0.085417
1 0.449219 0.095833 0.204688 0.183333
1 0.461719 0.944792 0.173438 0.110417
1 0.847656 0.037500 0.192188 0.075000
1 0.355469 0.892708 0.170313 0.214583
1 0.056250 0.897917 0.112500 0.204167
2 0.553125 0.258333 0.075000 0.091667
1 0.895312 0.310417 0.159375 0.220833
1 0.861719 0.876042 0.182812 0.243750
1 0.469531 0.793750 0.132812 0.195833
1 0.348438 0.086458 0.190625 0.172917
1 0.650781 0.061458 0.185938 0.118750
2 0.194531 0.253125 0.060938 0.085417
1 0.040625 0.240625 0.081250 0.206250
1 0.502344 0.472917 0.198437 0.270833
1 0.954688 0.756250 0.090625 0.208333
1 0.657813 0.307292 0.181250 0.264583
0 0.113281 0.567708 0.210938 0.431250
1 0.178906 0.379167 0.148438 0.200000
1 0.128906 0.139583 0.170313 0.212500
1 0.050781 0.042708 0.101562 0.085417
1 0.449219 0.095833 0.204688 0.183333
1 0.461719 0.944792 0.173438 0.110417
1 0.847656 0.037500 0.192188 0.075000
1 0.355469 0.892708 0.170313 0.214583
1 0.056250 0.897917 0.112500 0.204167
2 0.553125 0.258333 0.075000 0.091667
1 0.895312 0.310417 0.159375 0.220833
1 0.861719 0.876042 0.182812 0.243750
1 0.469531 0.793750 0.132812 0.195833
1 0.348438 0.086458 0.190625 0.172917
1 0.650781 0.061458 0.185938 0.118750
2 0.194531 0.253125 0.060938 0.085417
1 0.040625 0.240625 0.081250 0.206250
1 0.502344 0.472917 0.198437 0.270833
1 0.954688 0.756250 0.090625 0.208333
1 0.657813 0.307292 0.181250 0.264583
0 0.113281 0.567708 0.210938 0.431250
1 0.178906 0.379167 0.148438 0.200000
1 0.128906 0.139583 0.170313 0.212500
1 0.050781 0.042708 0.101562 0.085417
1 0.449219 0.095833 0.204688 0.183333
1 0.461719 0.944792 0.173438 0.110417
1 0.847656 0.037500 0.192188 0.075000
1 0.355469 0.892708 0.170313 0.214583
1 0.056250 0.897917 0.112500 0.204167
2 0.553125 0.258333 0.075000 0.091667
1 0.895312 0.310417 0.159375 0.220833
1 0.861719 0.876042 0.182812 0.243750
1 0.469531 0.793750 0.132812 0.195833
1 0.348438 0.086458 0.190625 0.172917
1 0.650781 0.061458 0.185938 0.118750
2 0.194531 0.253125 0.060938 0.085417
1 0.040625 0.240625 0.081250 0.206250
1 0.502344 0.472917 0.198437 0.270833
1 0.954688 0.756250 0.090625 0.208333
1 0.657813 0.307292 0.181250 0.264583
0 0.113281 0.567708 0.210938 0.431250
1 0.178906 0.379167 0.148438 0.200000
1 0.128906 0.139583 0.170313 0.212500
1 0.050781 0.042708 0.101562 0.085417
1 0.449219 0.095833 0.204688 0.183333
1 0.461719 0.944792 0.173438 0.110417
1 0.847656 0.037500 0.192188 0.075000
1 0.355469 0.892708 0.170313 0.214583
1 0.056250 0.897917 0.112500 0.204167
2 0.553125 0.258333 0.075000 0.091667
1 0.895312 0.310417 0.159375 0.220833
1 0.861719 0.876042 0.182812 0.243750
1 0.469531 0.793750 0.132812 0.195833
1 0.348438 0.086458 0.190625 0.172917
1 0.650781 0.061458 0.185938 0.118750
2 0.194531 0.253125 0.060938 0.085417
1 0.040625 0.240625 0.081250 0.206250
1 0.502344 0.472917 0.198437 0.270833
1 0.954688 0.756250 0.090625 0.208333
1 0.657813 0.307292 0.181250 0.264583
0 0.113281 0.567708 0.210938 0.431250
1 0.178906 0.379167 0.148438 0.200000
1 0.128906 0.139583 0.170313 0.212500
1 0.050781 0.042708 0.101562 0.085417
1 0.449219 0.095833 0.204688 0.183333
1 0.461719 0.944792 0.173438 0.110417
1 0.847656 0.037500 0.192188 0.075000
1 0.355469 0.892708 0.170313 0.214583
1 0.056250 0.897917 0.112500 0.204167
2 0.553125 0.258333 0.075000 0.091667
1 0.895312 0.310417 0.159375 0.220833
1 0.861719 0.876042 0.182812 0.243750
1 0.469531 0.793750 0.132812 0.195833
1 0.348438 0.086458 0.190625 0.172917
1 0.650781 0.061458 0.185938 0.118750
2 0.194531 0.253125 0.060938 0.085417
1 0.040625 0.240625 0.081250 0.206250
1 0.502344 0.472917 0.198437 0.270833
1 0.954688 0.756250 0.090625 0.208333
1 0.657813 0.307292 0.181250 0.264583
0 0.113281 0.567708 0.210938 0.431250
1 0.178906 0.379167 0.148438 0.200000
1 0.128906 0.139583 0.170313 0.212500
1 0.050781 0.042708 0.101562 0.085417
1 0.449219 0.095833 0.204688 0.183333
1 0.461719 0.944792 0.173438 0.110417
1 0.847656 0.037500 0.192188 0.075000
1 0.355469 0.892708 0.170313 0.214583
1 0.056250 0.897917 0.112500 0.204167
2 0.553125 0.258333 0.075000 0.091667
1 0.895312 0.310417 0.159375 0.220833
1 0.861719 0.876042 0.182812 0.243750
1 0.469531 0.793750 0.132812 0.195833
1 0.348438 0.086458 0.190625 0.172917
1 0.650781 0.061458 0.185938 0.118750
2 0.194531 0.253125 0.060938 0.085417
1 0.040625 0.240625 0.081250 0.206250
1 0.502344 0.472917 0.198437 0.270833
1 0.954688 0.756250 0.090625 0.208333
1 0.657813 0.307292 0.181250 0.264583
0 0.113281 0.567708 0.210938 0.431250
1 0.178906 0.379167 0.148438 0.200000
1 0.128906 0.139583 0.170313 0.212500
1 0.050781 0.042708 0.101562 0.085417
1 0.449219 0.095833 0.204688 0.183333
1 0.461719 0.944792 0.173438 0.110417
1 0.847656 0.037500 0.192188 0.075000
1 0.355469 0.892708 0.170313 0.214583
1 0.056250 0.897917 0.112500 0.204167
2 0.553125 0.258333 0.075000 0.091667
1 0.895312 0.310417 0.159375 0.220833
1 0.861719 0.876042 0.182812 0.243750
1 0.469531 0.793750 0.132812 0.195833
1 0.348438 0.086458 0.190625 0.172917
1 0.650781 0.061458 0.185938 0.118750
2 0.194531 0.253125 0.060938 0.085417
1 0.040625 0.240625 0.081250 0.206250
1 0.502344 0.472917 0.198437 0.270833
1 0.954688 0.756250 0.090625 0.208333
1 0.657813 0.307292 0.181250 0.264583
0 0.113281 0.567708 0.210938 0.431250
1 0.178906 0.379167 0.148438 0.200000
1 0.128906 0.139583 0.170313 0.212500
1 0.050781 0.042708 0.101562 0.085417
1 0.449219 0.095833 0.204688 0.183333
1 0.461719 0.944792 0.173438 0.110417
1 0.847656 0.037500 0.192188 0.075000
1 0.355469 0.892708 0.170313 0.214583
1 0.056250 0.897917 0.112500 0.204167
2 0.553125 0.258333 0.075000 0.091667
1 0.895312 0.310417 0.159375 0.220833
1 0.861719 0.876042 0.182812 0.243750
1 0.469531 0.793750 0.132812 0.195833
1 0.348438 0.086458 0.190625 0.172917
1 0.650781 0.061458 0.185938 0.118750
2 0.194531 0.253125 0.060938 0.085417
1 0.040625 0.240625 0.081250 0.206250
1 0.502344 0.472917 0.198437 0.270833
1 0.954688 0.756250 0.090625 0.208333
1 0.657813 0.307292 0.181250 0.264583
0 0.113281 0.567708 0.210938 0.431250
1 0.178906 0.379167 0.148438 0.200000
1 0.128906 0.139583 0.170313 0.212500
1 0.050781 0.042708 0.101562 0.085417
1 0.449219 0.095833 0.204688 0.183333
1 0.461719 0.944792 0.173438 0.110417
1 0.847656 0.037500 0.192188 0.075000
1 0.355469 0.892708 0.170313 0.214583
1 0.056250 0.897917 0.112500 0.204167
2 0.553125 0.258333 0.075000 0.091667
1 0.895312 0.310417 0.159375 0.220833
1 0.861719 0.876042 0.182812 0.243750
1 0.469531 0.793750 0.132812 0.195833
1 0.348438 0.086458 0.190625 0.172917
1 0.650781 0.061458 0.185938 0.118750
2 0.194531 0.253125 0.060938 0.085417
1 0.040625 0.240625 0.081250 0.206250
1 0.502344 0.472917 0.198437 0.270833
1 0.954688 0.756250 0.090625 0.208333
1 0.657813 0.307292 0.181250 0.264583
0 0.113281 0.567708 0.210938 0.431250
1 0.178906 0.379167 0.148438 0.200000
1 0.128906 0.139583 0.170313 0.212500
1 0.050781 0.042708 0.101562 0.085417
1 0.449219 0.095833 0.204688 0.183333
1 0.461719 0.944792 0.173438 0.110417
1 0.847656 0.037500 0.192188 0.075000
1 0.355469 0.892708 0.170313 0.214583
1 0.056250 0.897917 0.112500 0.204167
2 0.553125 0.258333 0.075000 0.091667
1 0.895312 0.310417 0.159375 0.220833
1 0.861719 0.876042 0.182812 0.243750
1 0.469531 0.793750 0.132812 0.195833
1 0.348438 0.086458 0.190625 0.172917
1 0.650781 0.061458 0.185938 0.118750
2 0.194531 0.253125 0.060938 0.085417
1 0.040625 0.240625 0.081250 0.206250
1 0.502344 0.472917 0.198437 0.270833
1 0.954688 0.756250 0.090625 0.208333
1 0.657813 0.307292 0.181250 0.264583
0 0.113281 0.567708 0.210938 0.431250
1 0.178906 0.379167 0.148438 0.200000
1 0.128906 0.139583 0.170313 0.212500
1 0.050781 0.042708 0.101562 0.085417
1 0.449219 0.095833 0.204688 0.183333
1 0.461719 0.944792 0.173438 0.110417
1 0.847656 0.037500 0.192188 0.075000
1 0.355469 0.892708 0.170313 0.214583
1 0.056250 0.897917 0.112500 0.204167
2 0.553125 0.258333 0.075000 0.091667
1 0.895312 0.310417 0.159375 0.220833
1 0.861719 0.876042 0.182812 0.243750
1 0.469531 0.793750 0.132812 0.195833
1 0.348438 0.086458 0.190625 0.172917
1 0.650781 0.061458 0.185938 0.118750
2 0.194531 0.253125 0.060938 0.085417
1 0.040625 0.240625 0.081250 0.206250
1 0.502344 0.472917 0.198437 0.270833
1 0.954688 0.756250 0.090625 0.208333
1 0.657813 0.307292 0.181250 0.264583
0 0.113281 0.567708 0.210938 0.431250
1 0.178906 0.379167 0.148438 0.200000
1 0.128906 0.139583 0.170313 0.212500
1 0.050781 0.042708 0.101562 0.085417
1 0.449219 0.095833 0.204688 0.183333
1 0.461719 0.944792 0.173438 0.110417
1 0.847656 0.037500 0.192188 0.075000
1 0.355469 0.892708 0.170313 0.214583
1 0.056250 0.897917 0.112500 0.204167
2 0.553125 0.258333 0.075000 0.091667
1 0.895312 0.310417 0.159375 0.220833
1 0.861719 0.876042 0.182812 0.243750
1 0.469531 0.793750 0.132812 0.195833
1 0.348438 0.086458 0.190625 0.172917
1 0.650781 0.061458 0.185938 0.118750
2 0.194531 0.253125 0.060938 0.085417
1 0.040625 0.240625 0.081250 0.206250
1 0.502344 0.472917 0.198437 0.270833
1 0.954688 0.756250 0.090625 0.208333
1 0.657813 0.307292 0.181250 0.264583
0 0.113281 0.567708 0.210938 0.431250
1 0.178906 0.379167 0.148438 0.200000
1 0.128906 0.139583 0.170313 0.212500
1 0.050781 0.042708 0.101562 0.085417
1 0.449219 0.095833 0.204688 0.183333
1 0.461719 0.944792 0.173438 0.110417
1 0.847656 0.037500 0.192188 0.075000
1 0.355469 0.892708 0.170313 0.214583
1 0.056250 0.897917 0.112500 0.204167
2 0.553125 0.258333 0.075000 0.091667
1 0.895312 0.310417 0.159375 0.220833
1 0.861719 0.876042 0.182812 0.243750
1 0.469531 0.793750 0.132812 0.195833
1 0.348438 0.086458 0.190625 0.172917
1 0.650781 0.061458 0.185938 0.118750
2 0.194531 0.253125 0.060938 0.085417
1 0.040625 0.240625 0.081250 0.206250
1 0.502344 0.472917 0.198437 0.270833
1 0.954688 0.756250 0.090625 0.208333
1 0.657813 0.307292 0.181250 0.264583
0 0.113281 0.567708 0.210938 0.431250
1 0.178906 0.379167 0.148438 0.200000
1 0.128906 0.139583 0.170313 0.212500
1 0.050781 0.042708 0.101562 0.085417
1 0.449219 0.095833 0.204688 0.183333
1 0.461719 0.944792 0.173438 0.110417
1 0.847656 0.037500 0.192188 0.075000
1 0.355469 0.892708 0.170313 0.214583
1 0.056250 0.897917 0.112500 0.204167
2 0.553125 0.258333 0.075000 0.091667
1 0.895312 0.310417 0.159375 0.220833
1 0.861719 0.876042 0.182812 0.243750
1 0.469531 0.793750 0.132812 0.195833
1 0.348438 0.086458 0.190625 0.172917
1 0.650781 0.061458 0.185938 0.118750
2 0.194531 0.253125 0.060938 0.085417
1 0.040625 0.240625 0.081250 0.206250
1 0.502344 0.472917 0.198437 0.270833
1 0.954688 0.756250 0.090625 0.208333
1 0.657813 0.307292 0.181250 0.264583
0 0.113281 0.567708 0.210938 0.431250
1 0.178906 0.379167 0.148438 0.200000
1 0.128906 0.139583 0.170313 0.212500
1 0.050781 0.042708 0.101562 0.085417
1 0.449219 0.095833 0.204688 0.183333
1 0.461719 0.944792 0.173438 0.110417
1 0.847656 0.037500 0.192188 0.075000
1 0.355469 0.892708 0.170313 0.214583
1 0.056250 0.897917 0.112500 0.204167
2 0.553125 0.258333 0.075000 0.091667
1 0.895312 0.310417 0.159375 0.220833
1 0.861719 0.876042 0.182812 0.243750
1 0.469531 0.793750 0.132812 0.195833
1 0.348438 0.086458 0.190625 0.172917
1 0.650781 0.061458 0.185938 0.118750
2 0.194531 0.253125 0.060938 0.085417
1 0.040625 0.240625 0.081250 0.206250
1 0.502344 0.472917 0.198437 0.270833
1 0.954688 0.756250 0.090625 0.208333
1 0.657813 0.307292 0.181250 0.264583
0 0.113281 0.567708 0.210938 0.431250
1 0.178906 0.379167 0.148438 0.200000
1 0.128906 0.139583 0.170313 0.212500
1 0.050781 0.042708 0.101562 0.085417
1 0.449219 0.095833 0.204688 0.183333
1 0.461719 0.944792 0.173438 0.110417
1 0.847656 0.037500 0.192188 0.075000
1 0.355469 0.892708 0.170313 0.214583
1 0.056250 0.897917 0.112500 0.204167
2 0.553125 0.258333 0.075000 0.091667
1 0.895312 0.310417 0.159375 0.220833
1 0.861719 0.876042 0.182812 0.243750
1 0.469531 0.793750 0.132812 0.195833
1 0.348438 0.086458 0.190625 0.172917
1 0.650781 0.061458 0.185938 0.118750
2 0.194531 0.253125 0.060938 0.085417
1 0.040625 0.240625 0.081250 0.206250
1 0.502344 0.472917 0.198437 0.270833
1 0.954688 0.756250 0.090625 0.208333
1 0.657813 0.307292 0.181250 0.264583
0 0.113281 0.567708 0.210938 0.431250
1 0.178906 0.379167 0.148438 0.200000
1 0.128906 0.139583 0.170313 0.212500
1 0.050781 0.042708 0.101562 0.085417
1 0.449219 0.095833 0.204688 0.183333
1 0.461719 0.944792 0.173438 0.110417
1 0.847656 0.037500 0.192188 0.075000
1 0.355469 0.892708 0.170313 0.214583
1 0.056250 0.897917 0.112500 0.204167
2 0.553125 0.258333 0.075000 0.091667
1 0.895312 0.310417 0.159375 0.220833
1 0.861719 0.876042 0.182812 0.243750
1 0.469531 0.793750 0.132812 0.195833
1 0.348438 0.086458 0.190625 0.172917
1 0.650781 0.061458 0.185938 0.118750
2 0.194531 0.253125 0.060938 0.085417
1 0.040625 0.240625 0.081250 0.206250
1 0.502344 0.472917 0.198437 0.270833
1 0.954688 0.756250 0.090625 0.208333
1 0.657813 0.307292 0.181250 0.264583
0 0.113281 0.567708 0.210938 0.431250
1 0.178906 0.379167 0.148438 0.200000
1 0.128906 0.139583 0.170313 0.212500
1 0.050781 0.042708 0.101562 0.085417
1 0.449219 0.095833 0.204688 0.183333
1 0.461719 0.944792 0.173438 0.110417
1 0.847656 0.037500 0.192188 0.075000
1 0.355469 0.892708 0.170313 0.214583
1 0.056250 0.897917 0.112500 0.204167
2 0.553125 0.258333 0.075000 0.091667
1 0.895312 0.310417 0.159375 0.220833
1 0.861719 0.876042 0.182812 0.243750
1 0.469531 0.793750 0.132812 0.195833
1 0.348438 0.086458 0.190625 0.172917
1 0.650781 0.061458 0.185938 0.118750
2 0.194531 0.253125 0.060938 0.085417
1 0.040625 0.240625 0.081250 0.206250
1 0.502344 0.472917 0.198437 0.270833
1 0.954688 0.756250 0.090625 0.208333
1 0.657813 0.307292 0.181250 0.264583
0 0.113281 0.567708 0.210938 0.431250
1 0.178906 0.379167 0.148438 0.200000
1 0.128906 0.139583 0.170313 0.212500
1 0.050781 0.042708 0.101562 0.085417
1 0.449219 0.095833 0.204688 0.183333
1 0.461719 0.944792 0.173438 0.110417
1 0.847656 0.037500 0.192188 0.075000
1 0.355469 0.892708 0.170313 0.214583
1 0.056250 0.897917 0.112500 0.204167
2 0.553125 0.258333 0.075000 0.091667
1 0.895312 0.310417 0.159375 0.220833
1 0.861719 0.876042 0.182812 0.243750
1 0.469531 0.793750 0.132812 0.195833
1 0.348438 0.086458 0.190625 0.172917
1 0.650781 0.061458 0.185938 0.118750
2 0.194531 0.253125 0.060938 0.085417
1 0.040625 0.240625 0.081250 0.206250
1 0.502344 0.472917 0.198437 0.270833
1 0.954688 0.756250 0.090625 0.208333
1 0.657813 0.307292 0.181250 0.264583
0 0.113281 0.567708 0.210938 0.431250
1 0.178906 0.379167 0.148438 0.200000
1 0.128906 0.139583 0.170313 0.212500
1 0.050781 0.042708 0.101562 0.085417
1 0.449219 0.095833 0.204688 0.183333
1 0.461719 0.944792 0.173438 0.110417
1 0.847656 0.037500 0.192188 0.075000
1 0.355469 0.892708 0.170313 0.214583
1 0.056250 0.897917 0.112500 0.204167
2 0.553125 0.258333 0.075000 0.091667
1 0.895312 0.310417 0.159375 0.220833
1 0.861719 0.876042 0.182812 0.243750
1 0.469531 0.793750 0.132812 0.195833
1 0.348438 0.086458 0.190625 0.172917
1 0.650781 0.061458 0.185938 0.118750
2 0.194531 0.253125 0.060938 0.085417
1 0.040625 0.240625 0.081250 0.206250
1 0.502344 0.472917 0.198437 0.270833
1 0.954688 0.756250 0.090625 0.208333
1 0.657813 0.307292 0.181250 0.264583
0 0.113281 0.567708 0.210938 0.431250
1 0.178906 0.379167 0.148438 0.200000
1 0.128906 0.139583 0.170313 0.212500
