1 0.525781 0.035417 0.139063 0.070833
1 0.264844 0.973958 0.148438 0.052083
1 0.855469 0.971875 0.179688 0.056250
1 0.578906 0.905208 0.182812 0.189583
1 0.970313 0.141667 0.056250 0.237500
1 0.689844 0.067708 0.170313 0.135417
2 0.975781 0.647917 0.048438 0.075000
2 0.835156 0.886458 0.070312 0.093750
2 0.035156 0.069792 0.057813 0.077083
1 0.036719 0.616667 0.067188 0.170833
1 0.889844 0.498958 0.151562 0.210417
1 0.710938 0.436458 0.171875 0.222917
1 0.308594 0.173958 0.132812 0.222917
1 0.704688 0.564583 0.156250 0.187500
1 0.901563 0.328125 0.165625 0.214583
1 0.742188 0.751042 0.175000 0.206250
1 0.956250 0.819792 0.087500 0.210417
1 0.259375 0.634375 0.171875 0.264583
1 0.363281 0.589583 0.170313 0.179167
1 0.539844 0.318750 0.214062 0.162500
1 0.333594 0.322917 0.179688 0.245833
1 0.552344 0.634375 0.164062 0.222917
1 0.062500 0.870833 0.125000 0.191667
1 0.182812 0.109375 0.150000 0.193750
0 0.139063 0.380208 0.278125 0.402083
1 0.390625 0.803125 0.171875 0.218750
1 0.461719 0.140625 0.157813 0.189583
1 0.525781 0.035417 0.139063 0.070833
1 0.264844 0.973958 0.148438 0.052083
1 0.855469 0.971875 0.179688 0.056250
1 0.578906 0.905208 0.182812 0.189583
1 0.970313 0.141667 0.056250 0.237500
1 0.689844 0.067708 0.170313 0.135417
2 0.975781 0.647917 0.048438 0.075000
2 0.835156 0.886458 0.070312 0.093750
2 0.035156 0.069792 0.057813 0.077083
1 0.036719 0.616667 0.067188 0.170833
1 0.889844 0.498958 0.151562 0.210417
1 0.710938 0.436458 0.171875 0.222917
1 0.308594 0.173958 0.132812 0.222917
1 0.704688 0.564583 0.156250 0.187500
1 0.901563 0.328125 0.165625 0.214583
1 0.742188 0.751042 0.175000 0.206250
1 0.956250 0.819792 0.087500 0.210417
1 0.259375 0.634375 0.171875 0.264583
1 0.363281 0.589583 0.170313 0.179167
1 0.539844 0.318750 0.214062 0.162500
1 0.333594 0.322917 0.179688 0.245833
1 0.552344 0.634375 0.164062 0.222917
1 0.062500 0.870833 0.125000 0.191667
1 0.182812 0.109375 0.150000 0.193750
0 0.139063 0.380208 0.278125 0.402083
1 0.390625 0.803125 0.171875 0.218750
1 0.461719 0.140625 0.157813 0.189583
1 0.525781 0.035417 0.139063 0.070833
1 0.264844 0.973958 0.148438 0.052083
1 0.855469 0.971875 0.179688 0.056250
1 0.578906 0.905208 0.182812 0.189583
1 0.970313 0.141667 0.056250 0.237500
1 0.689844 0.067708 0.170313 0.135417
2 0.975781 0.647917 0.048438 0.075000
2 0.835156 0.886458 0.070312 0.093750
2 0.035156 0.069792 0.057813 0.077083
1 0.036719 0.616667 0.067188 0.170833
1 0.889844 0.498958 0.151562 0.210417
1 0.710938 0.436458 0.171875 0.222917
1 0.308594 0.173958 0.132812 0.222917
1 0.704688 0.564583 0.156250 0.187500
1 0.901563 0.328125 0.165625 0.214583
1 0.742188 0.751042 0.175000 0.206250
1 0.956250 0.819792 0.087500 0.210417
1 0.259375 0.634375 0.171875 0.264583
1 0.363281 0.589583 0.170313 0.179167
1 0.539844 0.318750 0.214062 0.162500
1 0.333594 0.322917 0.179688 0.245833
1 0.552344 0.634375 0.164062 0.222917
1 0.062500 0.870833 0.125000 0.191667
1 0.182812 0.109375 0.150000 0.193750
0 0.139063 0.380208 0.278125 0.402083
1 0.390625 0.803125 0.171875 0.218750
1 0.461719 0.140625 0.157813 0.189583
1 0.525781 0.035417 0.139063 0.070833
1 0.264844 0.973958 0.148438 0.052083
1 0.855469 0.971875 0.179688 0.056250
1 0.578906 0.905208 0.182812 0.189583
1 0.970313 0.141667 0.056250 0.237500
1 0.689844 0.067708 0.170313 0.135417
2 0.975781 0.647917 0.048438 0.075000
2 0.835156 0.886458 0.070312 0.093750
2 0.035156 0.069792 0.057813 0.077083
1 0.036719 0.616667 0.067188 0.170833
1 0.889844 0.498958 0.151562 0.210417
1 0.710938 0.436458 0.171875 0.222917
1 0.308594 0.173958 0.132812 0.222917
1 0.704688 0.564583 0.156250 0.187500
1 0.901563 0.328125 0.165625 0.214583
1 0.742188 0.751042 0.175000 0.206250
1 0.956250 0.819792 0.087500 0.210417
1 0.259375 0.634375 0.171875 0.264583
1 0.363281 0.589583 0.170313 0.179167
1 0.539844 0.318750 0.214062 0.162500
1 0.333594 0.322917 0.179688 0.245833
1 0.552344 0.634375 0.164062 0.222917
1 0.062500 0.870833 0.125000 0.191667
1 0.182812 0.109375 0.150000 0.193750
0 0.139063 0.380208 0.278125 0.402083
1 0.390625 0.803125 0.171875 0.218750
1 0.461719 0.140625 0.157813 0.189583
1 0.525781 0.035417 0.139063 0.070833
1 0.264844 0.973958 0.148438 0.052083
1 0.855469 0.971875 0.179688 0.056250
1 0.578906 0.905208 0.182812 0.189583
1 0.970313 0.141667 0.056250 0.237500
1 0.689844 0.067708 0.170313 0.135417
2 0.975781 0.647917 0.048438 0.075000
2 0.835156 0.886458 0.070312 0.093750
2 0.035156 0.069792 0.057813 0.077083
1 0.036719 0.616667 0.067188 0.170833
1 0.889844 0.498958 0.151562 0.210417
1 0.710938 0.436458 0.171875 0.222917
1 0.308594 0.173958 0.132812 0.222917
1 0.704688 0.564583 0.156250 0.187500
1 0.901563 0.328125 0.165625 0.214583
1 0.742188 0.751042 0.175000 0.206250
1 0.956250 0.819792 0.087500 0.210417
1 0.259375 0.634375 0.171875 0.264583
1 0.363281 0.589583 0.170313 0.179167
1 0.539844 0.318750 0.214062 0.162500
1 0.333594 0.322917 0.179688 0.245833
1 0.552344 0.634375 0.164062 0.222917
1 0.062500 0.870833 0.125000 0.191667
1 0.182812 0.109375 0.150000 0.193750
0 0.139063 0.380208 0.278125 0.402083
1 0.390625 0.803125 0.171875 0.218750
1 0.461719 0.140625 0.157813 0.189583
1 0.525781 0.035417 0.139063 0.070833
1 0.264844 0.973958 0.148438 0.052083
1 0.855469 0.971875 0.179688 0.056250
1 0.578906 0.905208 0.182812 0.189583
1 0.970313 0.141667 0.056250 0.237500
1 0.689844 0.067708 0.170313 0.135417
2 0.975781 0.647917 0.048438 0.075000
2 0.835156 0.886458 0.070312 0.093750
2 0.035156 0.069792 0.057813 0.077083
1 0.036719 0.616667 0.067188 0.170833
1 0.889844 0.498958 0.151562 0.210417
1 0.710938 0.436458 0.171875 0.222917
1 0.308594 0.173958 0.132812 0.222917
1 0.704688 0.564583 0.156250 0.187500
1 0.901563 0.328125 0.165625 0.214583
1 0.742188 0.751042 0.175000 0.206250
1 0.956250 0.819792 0.087500 0.210417
1 0.259375 0.634375 0.171875 0.264583
1 0.363281 0.589583 0.170313 0.179167
1 0.539844 0.318750 0.214062 0.162500
1 0.333594 0.322917 0.179688 0.245833
1 0.552344 0.634375 0.164062 0.222917
1 0.062500 0.870833 0.125000 0.191667
1 0.182812 0.109375 0.150000 0.193750
0 0.139063 0.380208 0.278125 0.402083
1 0.390625 0.803125 0.171875 0.218750
1 0.461719 0.140625 0.157813 0.189583
1 0.525781 0.035417 0.139063 0.070833
1 0.264844 0.973958 0.148438 0.052083
1 0.855469 0.971875 0.179688 0.056250
1 0.578906 0.905208 0.182812 0.189583
1 0.970313 0.141667 0.056250 0.237500
1 0.689844 0.067708 0.170313 0.135417
2 0.975781 0.647917 0.048438 0.075000
2 0.835156 0.886458 0.070312 0.093750
2 0.035156 0.069792 0.057813 0.077083
1 0.036719 0.616667 0.067188 0.170833
1 0.889844 0.498958 0.151562 0.210417
1 0.710938 0.436458 0.171875 0.222917
1 0.308594 0.173958 0.132812 0.222917
1 0.704688 0.564583 0.156250 0.187500
1 0.901563 0.328125 0.165625 0.214583
1 0.742188 0.751042 0.175000 0.206250
1 0.956250 0.819792 0.087500 0.210417
1 0.259375 0.634375 0.171875 0.264583
1 0.363281 0.589583 0.170313 0.179167
1 0.539844 0.318750 0.214062 0.162500
1 0.333594 0.322917 0.179688 0.245833
1 0.552344 0.634375 0.164062 0.222917
1 0.062500 0.870833 0.125000 0.191667
1 0.182812 0.109375 0.150000 0.193750
0 0.139063 0.380208 0.278125 0.402083
1 0.390625 0.803125 0.171875 0.218750
1 0.461719 0.140625 0.157813 0.189583
1 0.525781 0.035417 0.139063 0.070833
1 0.264844 0.973958 0.148438 0.052083
1 0.855469 0.971875 0.179688 0.056250
1 0.578906 0.905208 0.182812 0.189583
1 0.970313 0.141667 0.056250 0.237500
1 0.689844 0.067708 0.170313 0.135417
2 0.975781 0.647917 0.048438 0.075000
2 0.835156 0.886458 0.070312 0.093750
2 0.035156 0.069792 0.057813 0.077083
1 0.036719 0.616667 0.067188 0.170833
1 0.889844 0.498958 0.151562 0.210417
1 0.710938 0.436458 0.171875 0.222917
1 0.308594 0.173958 0.132812 0.222917
1 0.704688 0.564583 0.156250 0.187500
1 0.901563 0.328125 0.165625 0.214583
1 0.742188 0.751042 0.175000 0.206250
1 0.956250 0.819792 0.087500 0.210417
1 0.259375 0.634375 0.171875 0.264583
1 0.363281 0.589583 0.170313 0.179167
1 0.539844 0.318750 0.214062 0.162500
1 0.333594 0.322917 0.179688 0.245833
1 0.552344 0.634375 0.164062 0.222917
1 0.062500 0.870833 0.125000 0.191667
1 0.182812 0.109375 0.150000 0.193750
0 0.139063 0.380208 0.278125 0.402083
1 0.390625 0.803125 0.171875 0.218750
1 0.461719 0.140625 0.157813 0.189583
1 0.525781 0.035417 0.139063 0.070833
1 0.264844 0.973958 0.148438 0.052083
1 0.855469 0.971875 0.179688 0.056250
1 0.578906 0.905208 0.182812 0.189583
1 0.970313 0.141667 0.056250 0.237500
1 0.689844 0.067708 0.170313 0.135417
2 0.975781 0.647917 0.048438 0.075000
2 0.835156 0.886458 0.070312 0.093750
2 0.035156 0.069792 0.057813 0.077083
1 0.036719 0.616667 0.067188 0.170833
1 0.889844 0.498958 0.151562 0.210417
1 0.710938 0.436458 0.171875 0.222917
1 0.308594 0.173958 0.132812 0.222917
1 0.704688 0.564583 0.156250 0.187500
1 0.901563 0.328125 0.165625 0.214583
1 0.742188 0.751042 0.175000 0.206250
1 0.956250 0.819792 0.087500 0.210417
1 0.259375 0.634375 0.171875 0.264583
1 0.363281 0.589583 0.170313 0.179167
1 0.539844 0.318750 0.214062 0.162500
1 0.333594 0.322917 0.179688 0.245833
1 0.552344 0.634375 0.164062 0.222917
1 0.062500 0.870833 0.125000 0.191667
1 0.182812 0.109375 0.150000 0.193750
0 0.139063 0.380208 0.278125 0.402083
1 0.390625 0.803125 0.171875 0.218750
1 0.461719 0.140625 0.157813 0.189583
1 0.525781 0.035417 0.139063 0.070833
1 0.264844 0.973958 0.148438 0.052083
1 0.855469 0.971875 0.179688 0.056250
1 0.578906 0.905208 0.182812 0.189583
1 0.970313 0.141667 0.056250 0.237500
1 0.689844 0.067708 0.170313 0.135417
2 0.975781 0.647917 0.048438 0.075000
2 0.835156 0.886458 0.070312 0.093750
2 0.035156 0.069792 0.057813 0.077083
1 0.036719 0.616667 0.067188 0.170833
1 0.889844 0.498958 0.151562 0.210417
1 0.710938 0.436458 0.171875 0.222917
1 0.308594 0.173958 0.132812 0.222917
1 0.704688 0.564583 0.156250 0.187500
1 0.901563 0.328125 0.165625 0.214583
1 0.742188 0.751042 0.175000 0.206250
1 0.956250 0.819792 0.087500 0.210417
1 0.259375 0.634375 0.171875 0.264583
1 0.363281 0.589583 0.170313 0.179167
1 0.539844 0.318750 0.214062 0.162500
1 0.333594 0.322917 0.179688 0.245833
1 0.552344 0.634375 0.164062 0.222917
1 0.062500 0.870833 0.125000 0.191667
1 0.182812 0.109375 0.150000 0.193750
0 0.139063 0.380208 0.278125 0.402083
1 0.390625 0.803125 0.171875 0.218750
1 0.461719 0.140625 0.157813 0.189583
1 0.525781 0.035417 0.139063 0.070833
1 0.264844 0.973958 0.148438 0.052083
1 0.855469 0.971875 0.179688 0.056250
1 0.578906 0.905208 0.182812 0.189583
1 0.970313 0.141667 0.056250 0.237500
1 0.689844 0.067708 0.170313 0.135417
2 0.975781 0.647917 0.048438 0.075000
2 0.835156 0.886458 0.070312 0.093750
2 0.035156 0.069792 0.057813 0.077083
1 0.036719 0.616667 0.067188 0.170833
1 0.889844 0.498958 0.151562 0.210417
1 0.710938 0.436458 0.171875 0.222917
1 0.308594 0.173958 0.132812 0.222917
1 0.704688 0.564583 0.156250 0.187500
1 0.901563 0.328125 0.165625 0.214583
1 0.742188 0.751042 0.175000 0.206250
1 0.956250 0.819792 0.087500 0.210417
1 0.259375 0.634375 0.171875 0.264583
1 0.363281 0.589583 0.170313 0.179167
1 0.539844 0.318750 0.214062 0.162500
1 0.333594 0.322917 0.179688 0.245833
1 0.552344 0.634375 0.164062 0.222917
1 0.062500 0.870833 0.125000 0.191667
1 0.182812 0.109375 0.150000 0.193750
0 0.139063 0.380208 0.278125 0.402083
1 0.390625 0.803125 0.171875 0.218750
1 0.461719 0.140625 0.157813 0.189583
1 0.525781 0.035417 0.139063 0.070833
1 0.264844 0.973958 0.148438 0.052083
1 0.855469 0.971875 0.179688 0.056250
1 0.578906 0.905208 0.182812 0.189583
1 0.970313 0.141667 0.056250 0.237500
1 0.689844 0.067708 0.170313 0.135417
2 0.975781 0.647917 0.048438 0.075000
2 0.835156 0.886458 0.070312 0.093750
2 0.035156 0.069792 0.057813 0.077083
1 0.036719 0.616667 0.067188 0.170833
1 0.889844 0.498958 0.151562 0.210417
1 0.710938 0.436458 0.171875 0.222917
1 0.308594 0.173958 0.132812 0.222917
1 0.704688 0.564583 0.156250 0.187500
1 0.901563 0.328125 0.165625 0.214583
1 0.742188 0.751042 0.175000 0.206250
1 0.956250 0.819792 0.087500 0.210417
1 0.259375 0.634375 0.171875 0.264583
1 0.363281 0.589583 0.170313 0.179167
1 0.539844 0.318750 0.214062 0.162500
1 0.333594 0.322917 0.179688 0.245833
1 0.552344 0.634375 0.164062 0.222917
1 0.062500 0.870833 0.125000 0.191667
1 0.182812 0.109375 0.150000 0.193750
0 0.139063 0.380208 0.278125 0.402083
1 0.390625 0.803125 0.171875 0.218750
1 0.461719 0.140625 0.157813 0.189583
1 0.525781 0.035417 0.139063 0.070833
1 0.264844 0.973958 0.148438 0.052083
1 0.855469 0.971875 0.179688 0.056250
1 0.578906 0.905208 0.182812 0.189583
1 0.970313 0.141667 0.056250 0.237500
1 0.689844 0.067708 0.170313 0.135417
2 0.975781 0.647917 0.048438 0.075000
2 0.835156 0.886458 0.070312 0.093750
2 0.035156 0.069792 0.057813 0.077083
1 0.036719 0.616667 0.067188 0.170833
1 0.889844 0.498958 0.151562 0.210417
1 0.710938 0.436458 0.171875 0.222917
1 0.308594 0.173958 0.132812 0.222917
1 0.704688 0.564583 0.156250 0.187500
1 0.901563 0.328125 0.165625 0.214583
1 0.742188 0.751042 0.175000 0.206250
1 0.956250 0.819792 0.087500 0.210417
1 0.259375 0.634375 0.171875 0.264583
1 0.363281 0.589583 0.170313 0.179167
1 0.539844 0.318750 0.214062 0.162500
1 0.333594 0.322917 0.179688 0.245833
1 0.552344 0.634375 0.164062 0.222917
1 0.062500 0.870833 0.125000 0.191667
1 0.182812 0.109375 0.150000 0.193750
0 0.139063 0.380208 0.278125 0.402083
1 0.390625 0.803125 0.171875 0.218750
1 0.461719 0.140625 0.157813 0.189583
1 0.525781 0.035417 0.139063 0.070833
1 0.264844 0.973958 0.148438 0.052083
1 0.855469 0.971875 0.179688 0.056250
1 0.578906 0.905208 0.182812 0.189583
1 0.970313 0.141667 0.056250 0.237500
1 0.689844 0.067708 0.170313 0.135417
2 0.975781 0.647917 0.048438 0.075000
2 0.835156 0.886458 0.070312 0.093750
2 0.035156 0.069792 0.057813 0.077083
1 0.036719 0.616667 0.067188 0.170833
1 0.889844 0.498958 0.151562 0.210417
1 0.710938 0.436458 0.171875 0.222917
1 0.308594 0.173958 0.132812 0.222917
1 0.704688 0.564583 0.156250 0.187500
1 0.901563 0.328125 0.165625 0.214583
1 0.742188 0.751042 0.175000 0.206250
1 0.956250 0.819792 0.087500 0.210417
1 0.259375 0.634375 0.171875 0.264583
1 0.363281 0.589583 0.170313 0.179167
1 0.539844 0.318750 0.214062 0.162500
1 0.333594 0.322917 0.179688 0.245833
1 0.552344 0.634375 0.164062 0.222917
1 0.062500 0.870833 0.125000 0.191667
1 0.182812 0.109375 0.150000 0.193750
0 0.139063 0.380208 0.278125 0.402083
1 0.390625 0.803125 0.171875 0.218750
1 0.461719 0.140625 0.157813 0.189583
1 0.525781 0.035417 0.139063 0.070833
1 0.264844 0.973958 0.148438 0.052083
1 0.855469 0.971875 0.179688 0.056250
1 0.578906 0.905208 0.182812 0.189583
1 0.970313 0.141667 0.056250 0.237500
1 0.689844 0.067708 0.170313 0.135417
2 0.975781 0.647917 0.048438 0.075000
2 0.835156 0.886458 0.070312 0.093750
2 0.035156 0.069792 0.057813 0.077083
1 0.036719 0.616667 0.067188 0.170833
1 0.889844 0.498958 0.151562 0.210417
1 0.710938 0.436458 0.171875 0.222917
1 0.308594 0.173958 0.132812 0.222917
1 0.704688 0.564583 0.156250 0.187500
1 0.901563 0.328125 0.165625 0.214583
1 0.742188 0.751042 0.175000 0.206250
1 0.956250 0.819792 0.087500 0.210417
1 0.259375 0.634375 0.171875 0.264583
1 0.363281 0.589583 0.170313 0.179167
1 0.539844 0.318750 0.214062 0.162500
1 0.333594 0.322917 0.179688 0.245833
1 0.552344 0.634375 0.164062 0.222917
1 0.062500 0.870833 0.125000 0.191667
1 0.182812 0.109375 0.150000 0.193750
0 0.139063 0.380208 0.278125 0.402083
1 0.390625 0.803125 0.171875 0.218750
1 0.461719 0.140625 0.157813 0.189583
1 0.525781 0.035417 0.139063 0.070833
1 0.264844 0.973958 0.148438 0.052083
1 0.855469 0.971875 0.179688 0.056250
1 0.578906 0.905208 0.182812 0.189583
1 0.970313 0.141667 0.056250 0.237500
1 0.689844 0.067708 0.170313 0.135417
2 0.975781 0.647917 0.048438 0.075000
2 0.835156 0.886458 0.070312 0.093750
2 0.035156 0.069792 0.057813 0.077083
1 0.036719 0.616667 0.067188 0.170833
1 0.889844 0.498958 0.151562 0.210417
1 0.710938 0.436458 0.171875 0.222917
1 0.308594 0.173958 0.132812 0.222917
1 0.704688 0.564583 0.156250 0.187500
1 0.901563 0.328125 0.165625 0.214583
1 0.742188 0.751042 0.175000 0.206250
1 0.956250 0.819792 0.087500 0.210417
1 0.259375 0.634375 0.171875 0.264583
1 0.363281 0.589583 0.170313 0.179167
1 0.539844 0.318750 0.214062 0.162500
1 0.333594 0.322917 0.179688 0.245833
1 0.552344 0.634375 0.164062 0.222917
1 0.062500 0.870833 0.125000 0.191667
1 0.182812 0.109375 0.150000 0.193750
0 0.139063 0.380208 0.278125 0.402083
1 0.390625 0.803125 0.171875 0.218750
1 0.461719 0.140625 0.157813 0.189583
1 0.525781 0.035417 0.139063 0.070833
1 0.264844 0.973958 0.148438 0.052083
1 0.855469 0.971875 0.179688 0.056250
1 0.578906 0.905208 0.182812 0.189583
1 0.970313 0.141667 0.056250 0.237500
1 0.689844 0.067708 0.170313 0.135417
2 0.975781 0.647917 0.048438 0.075000
2 0.835156 0.886458 0.070312 0.093750
2 0.035156 0.069792 0.057813 0.077083
1 0.036719 0.616667 0.067188 0.170833
1 0.889844 0.498958 0.151562 0.210417
1 0.710938 0.436458 0.171875 0.222917
1 0.308594 0.173958 0.132812 0.222917
1 0.704688 0.564583 0.156250 0.187500
1 0.901563 0.328125 0.165625 0.214583
1 0.742188 0.751042 0.175000 0.206250
1 0.956250 0.819792 0.087500 0.210417
1 0.259375 0.634375 0.171875 0.264583
1 0.363281 0.589583 0.170313 0.179167
1 0.539844 0.318750 0.214062 0.162500
1 0.333594 0.322917 0.179688 0.245833
1 0.552344 0.634375 0.164062 0.222917
1 0.062500 0.870833 0.125000 0.191667
1 0.182812 0.109375 0.150000 0.193750
0 0.139063 0.380208 0.278125 0.402083
1 0.390625 0.803125 0.171875 0.218750
1 0.461719 0.140625 0.157813 0.189583
1 0.525781 0.035417 0.139063 0.070833
1 0.264844 0.973958 0.148438 0.052083
1 0.855469 0.971875 0.179688 0.056250
1 0.578906 0.905208 0.182812 0.189583
1 0.970313 0.141667 0.056250 0.237500
1 0.689844 0.067708 0.170313 0.135417
2 0.975781 0.647917 0.048438 0.075000
2 0.835156 0.886458 0.070312 0.093750
2 0.035156 0.069792 0.057813 0.077083
1 0.036719 0.616667 0.067188 0.170833
1 0.889844 0.498958 0.151562 0.210417
1 0.710938 0.436458 0.171875 0.222917
1 0.308594 0.173958 0.132812 0.222917
1 0.704688 0.564583 0.156250 0.187500
1 0.901563 0.328125 0.165625 0.214583
1 0.742188 0.751042 0.175000 0.206250
1 0.956250 0.819792 0.087500 0.210417
1 0.259375 0.634375 0.171875 0.264583
1 0.363281 0.589583 0.170313 0.179167
1 0.539844 0.318750 0.214062 0.162500
1 0.333594 0.322917 0.179688 0.245833
1 0.552344 0.634375 0.164062 0.222917
1 0.062500 0.870833 0.125000 0.191667
1 0.182812 0.109375 0.150000 0.193750
0 0.139063 0.380208 0.278125 0.402083
1 0.390625 0.803125 0.171875 0.218750
1 0.461719 0.140625 0.157813 0.189583
1 0.525781 0.035417 0.139063 0.070833
1 0.264844 0.973958 0.148438 0.052083
1 0.855469 0.971875 0.179688 0.056250
1 0.578906 0.905208 0.182812 0.189583
1 0.970313 0.141667 0.056250 0.237500
1 0.689844 0.067708 0.170313 0.135417
2 0.975781 0.647917 0.048438 0.075000
2 0.835156 0.886458 0.070312 0.093750
2 0.035156 0.069792 0.057813 0.077083
1 0.036719 0.616667 0.067188 0.170833
1 0.889844 0.498958 0.151562 0.210417
1 0.710938 0.436458 0.171875 0.222917
1 0.308594 0.173958 0.132812 0.222917
1 0.704688 0.564583 0.156250 0.187500
1 0.901563 0.328125 0.165625 0.214583
1 0.742188 0.751042 0.175000 0.206250
1 0.956250 0.819792 0.087500 0.210417
1 0.259375 0.634375 0.171875 0.264583
1 0.363281 0.589583 0.170313 0.179167
1 0.539844 0.318750 0.214062 0.162500
1 0.333594 0.322917 0.179688 0.245833
1 0.552344 0.634375 0.164062 0.222917
1 0.062500 0.870833 0.125000 0.191667
1 0.182812 0.109375 0.150000 0.193750
0 0.139063 0.380208 0.278125 0.402083
1 0.390625 0.803125 0.171875 0.218750
1 0.461719 0.140625 0.157813 0.189583
1 0.525781 0.035417 0.139063 0.070833
1 0.264844 0.973958 0.148438 0.052083
1 0.855469 0.971875 0.179688 0.056250
1 0.578906 0.905208 0.182812 0.189583
1 0.970313 0.141667 0.056250 0.237500
1 0.689844 0.067708 0.170313 0.135417
2 0.975781 0.647917 0.048438 0.075000
2 0.835156 0.886458 0.070312 0.093750
2 0.035156 0.069792 0.057813 0.077083
1 0.036719 0.616667 0.067188 0.170833
1 0.889844 0.498958 0.151562 0.210417
1 0.710938 0.436458 0.171875 0.222917
1 0.308594 0.173958 0.132812 0.222917
1 0.704688 0.564583 0.156250 0.187500
1 0.901563 0.328125 0.165625 0.214583
1 0.742188 0.751042 0.175000 0.206250
1 0.956250 0.819792 0.087500 0.210417
1 0.259375 0.634375 0.171875 0.264583
1 0.363281 0.589583 0.170313 0.179167
1 0.539844 0.318750 0.214062 0.162500
1 0.333594 0.322917 0.179688 0.245833
1 0.552344 0.634375 0.164062 0.222917
1 0.062500 0.870833 0.125000 0.191667
1 0.182812 0.109375 0.150000 0.193750
0 0.139063 0.380208 0.278125 0.402083
1 0.390625 0.803125 0.171875 0.218750
1 0.461719 0.140625 0.157813 0.189583
1 0.525781 0.035417 0.139063 0.070833
1 0.264844 0.973958 0.148438 0.052083
1 0.855469 0.971875 0.179688 0.056250
1 0.578906 0.905208 0.182812 0.189583
1 0.970313 0.141667 0.056250 0.237500
1 0.689844 0.067708 0.170313 0.135417
2 0.975781 0.647917 0.048438 0.075000
2 0.835156 0.886458 0.070312 0.093750
2 0.035156 0.069792 0.057813 0.077083
1 0.036719 0.616667 0.067188 0.170833
1 0.889844 0.498958 0.151562 0.210417
1 0.710938 0.436458 0.171875 0.222917
1 0.308594 0.173958 0.132812 0.222917
1 0.704688 0.564583 0.156250 0.187500
1 0.901563 0.328125 0.165625 0.214583
1 0.742188 0.751042 0.175000 0.206250
1 0.956250 0.819792 0.087500 0.210417
1 0.259375 0.634375 0.171875 0.264583
1 0.363281 0.589583 0.170313 0.179167
1 0.539844 0.318750 0.214062 0.162500
1 0.333594 0.322917 0.179688 0.245833
1 0.552344 0.634375 0.164062 0.222917
1 0.062500 0.870833 0.125000 0.191667
1 0.182812 0.109375 0.150000 0.193750
0 0.139063 0.380208 0.278125 0.402083
1 0.390625 0.803125 0.171875 0.218750
1 0.461719 0.140625 0.157813 0.189583
1 0.525781 0.035417 0.139063 0.070833
1 0.264844 0.973958 0.148438 0.052083
1 0.855469 0.971875 0.179688 0.056250
1 0.578906 0.905208 0.182812 0.189583
1 0.970313 0.141667 0.056250 0.237500
1 0.689844 0.067708 0.170313 0.135417
2 0.975781 0.647917 0.048438 0.075000
2 0.835156 0.886458 0.070312 0.093750
2 0.035156 0.069792 0.057813 0.077083
1 0.036719 0.616667 0.067188 0.170833
1 0.889844 0.498958 0.151562 0.210417
1 0.710938 0.436458 0.171875 0.222917
1 0.308594 0.173958 0.132812 0.222917
1 0.704688 0.564583 0.156250 0.187500
1 0.901563 0.328125 0.165625 0.214583
1 0.742188 0.751042 0.175000 0.206250
1 0.956250 0.819792 0.087500 0.210417
1 0.259375 0.634375 0.171875 0.264583
1 0.363281 0.589583 0.170313 0.179167
1 0.539844 0.318750 0.214062 0.162500
1 0.333594 0.322917 0.179688 0.245833
1 0.552344 0.634375 0.164062 0.222917
1 0.062500 0.870833 0.125000 0.191667
1 0.182812 0.109375 0.150000 0.193750
0 0.139063 0.380208 0.278125 0.402083
1 0.390625 0.803125 0.171875 0.218750
1 0.461719 0.140625 0.157813 0.189583
1 0.525781 0.035417 0.139063 0.070833
1 0.264844 0.973958 0.148438 0.052083
1 0.855469 0.971875 0.179688 0.056250
1 0.578906 0.905208 0.182812 0.189583
1 0.970313 0.141667 0.056250 0.237500
1 0.689844 0.067708 0.170313 0.135417
2 0.975781 0.647917 0.048438 0.075000
2 0.835156 0.886458 0.070312 0.093750
2 0.035156 0.069792 0.057813 0.077083
1 0.036719 0.616667 0.067188 0.170833
1 0.889844 0.498958 0.151562 0.210417
1 0.710938 0.436458 0.171875 0.222917
1 0.308594 0.173958 0.132812 0.222917
1 0.704688 0.564583 0.156250 0.187500
1 0.901563 0.328125 0.165625 0.214583
1 0.742188 0.751042 0.175000 0.206250
1 0.956250 0.819792 0.087500 0.210417
1 0.259375 0.634375 0.171875 0.264583
1 0.363281 0.589583 0.170313 0.179167
1 0.539844 0.318750 0.214062 0.162500
1 0.333594 0.322917 0.179688 0.245833
1 0.552344 0.634375 0.164062 0.222917
1 0.062500 0.870833 0.125000 0.191667
1 0.182812 0.109375 0.150000 0.193750
0 0.139063 0.380208 0.278125 0.402083
1 0.390625 0.803125 0.171875 0.218750
1 0.461719 0.140625 0.157813 0.189583
1 0.525781 0.035417 0.139063 0.070833
1 0.264844 0.973958 0.148438 0.052083
1 0.855469 0.971875 0.179688 0.056250
1 0.578906 0.905208 0.182812 0.189583
1 0.970313 0.141667 0.056250 0.237500
1 0.689844 0.067708 0.170313 0.135417
2 0.975781 0.647917 0.048438 0.075000
2 0.835156 0.886458 0.070312 0.093750
2 0.035156 0.069792 0.057813 0.077083
1 0.036719 0.616667 0.067188 0.170833
1 0.889844 0.498958 0.151562 0.210417
1 0.710938 0.436458 0.171875 0.222917
1 0.308594 0.173958 0.132812 0.222917
1 0.704688 0.564583 0.156250 0.187500
1 0.901563 0.328125 0.165625 0.214583
1 0.742188 0.751042 0.175000 0.206250
1 0.956250 0.819792 0.087500 0.210417
1 0.259375 0.634375 0.171875 0.264583
1 0.363281 0.589583 0.170313 0.179167
1 0.539844 0.318750 0.214062 0.162500
1 0.333594 0.322917 0.179688 0.245833
1 0.552344 0.634375 0.164062 0.222917
1 0.062500 0.870833 0.125000 0.191667
1 0.182812 0.109375 0.150000 0.193750
0 0.139063 0.380208 0.278125 0.402083
1 0.390625 0.803125 0.171875 0.218750
1 0.461719 0.140625 0.157813 0.189583
1 0.525781 0.035417 0.139063 0.070833
1 0.264844 0.973958 0.148438 0.052083
1 0.855469 0.971875 0.179688 0.056250
1 0.578906 0.905208 0.182812 0.189583
1 0.970313 0.141667 0.056250 0.237500
1 0.689844 0.067708 0.170313 0.135417
2 0.975781 0.647917 0.048438 0.075000
2 0.835156 0.886458 0.070312 0.093750
2 0.035156 0.069792 0.057813 0.077083
1 0.036719 0.616667 0.067188 0.170833
1 0.889844 0.498958 0.151562 0.210417
1 0.710938 0.436458 0.171875 0.222917
1 0.308594 0.173958 0.132812 0.222917
1 0.704688 0.564583 0.156250 0.187500
1 0.901563 0.328125 0.165625 0.214583
1 0.742188 0.751042 0.175000 0.206250
1 0.956250 0.819792 0.087500 0.210417
1 0.259375 0.634375 0.171875 0.264583
1 0.363281 0.589583 0.170313 0.179167
1 0.539844 0.318750 0.214062 0.162500
1 0.333594 0.322917 0.179688 0.245833
1 0.552344 0.634375 0.164062 0.222917
1 0.062500 0.870833 0.125000 0.191667
1 0.182812 0.109375 0.150000 0.193750
0 0.139063 0.380208 0.278125 0.402083
1 0.390625 0.803125 0.171875 0.218750
1 0.461719 0.140625 0.157813 0.189583
1 0.525781 0.035417 0.139063 0.070833
1 0.264844 0.973958 0.148438 0.052083
1 0.855469 0.971875 0.179688 0.056250
1 0.578906 0.905208 0.182812 0.189583
1 0.970313 0.141667 0.056250 0.237500
1 0.689844 0.067708 0.170313 0.135417
2 0.975781 0.647917 0.048438 0.075000
2 0.835156 0.886458 0.070312 0.093750
2 0.035156 0.069792 0.057813 0.077083
1 0.036719 0.616667 0.067188 0.170833
1 0.889844 0.498958 0.151562 0.210417
1 0.710938 0.436458 0.171875 0.222917
1 0.308594 0.173958 0.132812 0.222917
1 0.704688 0.564583 0.156250 0.187500
1 0.901563 0.328125 0.165625 0.214583
1 0.742188 0.751042 0.175000 0.206250
1 0.956250 0.819792 0.087500 0.210417
1 0.259375 0.634375 0.171875 0.264583
1 0.363281 0.589583 0.170313 0.179167
1 0.539844 0.318750 0.214062 0.162500
1 0.333594 0.322917 0.179688 0.245833
1 0.552344 0.634375 0.164062 0.222917
1 0.062500 0.870833 0.125000 0.191667
1 0.182812 0.109375 0.150000 0.193750
0 0.139063 0.380208 0.278125 0.402083
1 0.390625 0.803125 0.171875 0.218750
1 0.461719 0.140625 0.157813 0.189583
1 0.525781 0.035417 0.139063 0.070833
1 0.264844 0.973958 0.148438 0.052083
1 0.855469 0.971875 0.179688 0.056250
1 0.578906 0.905208 0.182812 0.189583
1 0.970313 0.141667 0.056250 0.237500
1 0.689844 0.067708 0.170313 0.135417
2 0.975781 0.647917 0.048438 0.075000
2 0.835156 0.886458 0.070312 0.093750
2 0.035156 0.069792 0.057813 0.077083
1 0.036719 0.616667 0.067188 0.170833
1 0.889844 0.498958 0.151562 0.210417
1 0.710938 0.436458 0.171875 0.222917
1 0.308594 0.173958 0.132812 0.222917
1 0.704688 0.564583 0.156250 0.187500
1 0.901563 0.328125 0.165625 0.214583
1 0.742188 0.751042 0.175000 0.206250
1 0.956250 0.819792 0.087500 0.210417
1 0.259375 0.634375 0.171875 0.264583
1 0.363281 0.589583 0.170313 0.179167
1 0.539844 0.318750 0.214062 0.162500
1 0.333594 0.322917 0.179688 0.245833
1 0.552344 0.634375 0.164062 0.222917
1 0.062500 0.870833 0.125000 0.191667
1 0.182812 0.109375 0.150000 0.193750
0 0.139063 0.380208 0.278125 0.402083
1 0.390625 0.803125 0.171875 0.218750
1 0.461719 0.140625 0.157813 0.189583
